Time,DeviceId,Sensor,Value
1653725840,E,Temperature,20.44499969482422
1653725840,E,Humidity,38.183998107910156
1653725840,E,Pressure,102225.0
1653725840,E,Gas,599.051025390625
1653725840,E,Accelerometer,0.0
1653725840,E,Light,729.0
1653725840,E,MIC,3.0
1653725840,E,RSSI,68.0
1653725840,F,Temperature,21.94499969482422
1653725840,F,Humidity,35.91999816894531
1653725840,F,Pressure,102256.0
1653725840,F,Gas,560.7659912109375
1653725840,F,Accelerometer,0.0
1653725840,F,Light,419.0
1653725840,F,MIC,3.0
1653725840,F,RSSI,85.0
1653725841,G,Temperature,21.96500015258789
1653725841,G,Humidity,37.14599990844727
1653725841,G,Pressure,102245.0
1653725841,G,Gas,534.5430297851561
1653725841,G,Accelerometer,0.0
1653725841,G,Light,329.0
1653725841,G,MIC,3.0
1653725841,G,RSSI,69.0
1653725842,H,Temperature,21.775999069213867
1653725842,H,Humidity,35.92200088500977
1653725842,H,Pressure,102239.0
1653725842,H,Gas,868.0059814453125
1653725842,H,Accelerometer,0.0
1653725842,H,Light,1489.0
1653725842,H,IR,0.0
1653725842,H,MIC,3.0
1653725842,A,Temperature,22.174999237060547
1653725842,A,Humidity,36.28400039672852
1653725842,A,Pressure,102212.0
1653725842,A,Gas,536.9390258789061
1653725842,A,Accelerometer,0.0
1653725842,A,Light,87.0
1653725842,A,MIC,3.0
1653725842,A,RSSI,72.0
1653725849,D,Temperature,21.024999618530273
1653725849,D,Humidity,36.99700164794922
1653725849,D,Pressure,102248.0
1653725849,D,Gas,599.0020141601562
1653725849,D,Accelerometer,0.0
1653725849,D,Light,334.0
1653725849,D,MIC,3.0
1653725849,D,RSSI,60.0
1653725849,C,Temperature,22.20499992370605
1653725849,C,Humidity,35.935001373291016
1653725849,C,Pressure,102239.0
1653725849,C,Gas,518.7739868164061
1653725849,C,Accelerometer,0.0
1653725849,C,Light,2227.0
1653725849,C,MIC,1.0
1653725849,C,RSSI,82.0
1653725850,E,Temperature,20.44499969482422
1653725850,E,Humidity,38.191001892089844
1653725850,E,Pressure,102227.0
1653725850,E,Gas,599.3920288085938
1653725850,E,Accelerometer,0.0
1653725850,E,Light,730.0
1653725850,E,MIC,3.0
1653725850,E,RSSI,68.0
1653725854,A,Temperature,22.174999237060547
1653725854,A,Humidity,36.27999877929688
1653725854,A,Pressure,102212.0
1653725854,A,Gas,537.6339721679689
1653725854,A,Accelerometer,0.0
1653725854,A,Light,87.0
1653725854,A,MIC,3.0
1653725854,A,RSSI,74.0
1653725855,H,Temperature,21.775999069213867
1653725855,H,Humidity,35.935001373291016
1653725855,H,Pressure,102239.0
1653725855,H,Gas,861.0980224609375
1653725855,H,Accelerometer,0.0
1653725855,H,Light,1490.0
1653725855,H,IR,0.0
1653725855,H,MIC,3.0
1653725856,B,Temperature,21.4950008392334
1653725856,B,Humidity,38.90499877929688
1653725856,B,Pressure,102182.0
1653725856,B,Gas,651.427978515625
1653725856,B,Accelerometer,0.0
1653725856,B,Light,37.0
1653725856,B,MIC,3.0
1653725856,B,RSSI,65.0
1653725859,D,Temperature,21.024999618530273
1653725859,D,Humidity,37.02399826049805
1653725859,D,Pressure,102248.0
1653725859,D,Gas,599.2659912109375
1653725859,D,Accelerometer,0.0
1653725859,D,Light,336.0
1653725859,D,MIC,3.0
1653725859,D,RSSI,60.0
1653725860,H,Temperature,21.775999069213867
1653725860,H,Humidity,35.91699981689453
1653725860,H,Pressure,102239.0
1653725860,H,Gas,857.85400390625
1653725860,H,Accelerometer,0.0
1653725860,H,Light,1487.0
1653725860,H,IR,0.0
1653725860,H,MIC,3.0
1653725860,E,Temperature,20.434999465942386
1653725860,E,Humidity,38.18899917602539
1653725860,E,Pressure,102221.0
1653725860,E,Gas,597.7249755859375
1653725860,E,Accelerometer,0.0
1653725860,E,Light,736.0
1653725860,E,MIC,3.0
1653725860,E,RSSI,82.0
1653725860,F,Temperature,21.94499969482422
1653725860,F,Humidity,35.9379997253418
1653725860,F,Pressure,102256.0
1653725860,F,Gas,557.3820190429689
1653725860,F,Accelerometer,0.0
1653725860,F,Light,417.0
1653725860,F,MIC,3.0
1653725860,F,RSSI,85.0
1653725860,H,Temperature,21.785999298095703
1653725860,H,Humidity,35.91899871826172
1653725860,H,Pressure,102241.0
1653725860,H,Gas,870.1929931640625
1653725860,H,Accelerometer,0.0
1653725860,H,Light,1488.0
1653725860,H,IR,0.0
1653725860,H,MIC,3.0
1653725861,G,Temperature,21.95499992370605
1653725861,G,Humidity,37.17399978637695
1653725861,G,Pressure,102239.0
1653725861,G,Gas,530.7119750976561
1653725861,G,Accelerometer,0.0
1653725861,G,Light,328.0
1653725861,G,MIC,3.0
1653725861,G,RSSI,72.0
1653725861,C,Temperature,22.20499992370605
1653725861,C,Humidity,35.93199920654297
1653725861,C,Pressure,102241.0
1653725861,C,Gas,517.3480224609375
1653725861,C,Accelerometer,0.0
1653725861,C,Light,2225.0
1653725861,C,MIC,1.0
1653725861,C,RSSI,82.0
1653725862,B,Temperature,21.5049991607666
1653725862,B,Humidity,38.891998291015625
1653725862,B,Pressure,102186.0
1653725862,B,Gas,653.406982421875
1653725862,B,Accelerometer,0.0
1653725862,B,Light,37.0
1653725862,B,MIC,3.0
1653725862,B,RSSI,65.0
1653725862,H,Temperature,21.775999069213867
1653725862,H,Humidity,35.95500183105469
1653725862,H,Pressure,102241.0
1653725862,H,Gas,866.2849731445312
1653725862,H,Accelerometer,0.0
1653725862,H,Light,1487.0
1653725862,H,IR,0.0
1653725862,H,MIC,3.0
1653725862,F,Temperature,21.94499969482422
1653725862,F,Humidity,35.92100143432617
1653725862,F,Pressure,102256.0
1653725862,F,Gas,559.0759887695311
1653725862,F,Accelerometer,0.0
1653725862,F,Light,417.0
1653725862,F,MIC,3.0
1653725862,F,RSSI,85.0
1653725864,A,Temperature,22.174999237060547
1653725864,A,Humidity,36.28200149536133
1653725864,A,Pressure,102214.0
1653725864,A,Gas,539.9940185546875
1653725864,A,Accelerometer,0.0
1653725864,A,Light,87.0
1653725864,A,MIC,3.0
1653725864,A,RSSI,74.0
1653725865,H,Temperature,21.775999069213867
1653725865,H,Humidity,35.96099853515625
1653725865,H,Pressure,102239.0
1653725865,H,Gas,866.905029296875
1653725865,H,Accelerometer,0.0
1653725865,H,Light,1487.0
1653725865,H,IR,0.0
1653725865,H,MIC,3.0
1653725865,G,Temperature,21.96500015258789
1653725865,G,Humidity,37.12099838256836
1653725865,G,Pressure,102243.0
1653725865,G,Gas,535.1339721679689
1653725865,G,Accelerometer,0.0
1653725865,G,Light,331.0
1653725865,G,MIC,3.0
1653725865,G,RSSI,72.0
1653725866,C,Temperature,22.21500015258789
1653725866,C,Humidity,35.915000915527344
1653725866,C,Pressure,102241.0
1653725866,C,Gas,516.6939697265625
1653725866,C,Accelerometer,0.0
1653725866,C,Light,2227.0
1653725866,C,MIC,1.0
1653725866,C,RSSI,82.0
1653725867,H,Temperature,21.785999298095703
1653725867,H,Humidity,35.965999603271484
1653725867,H,Pressure,102241.0
1653725867,H,Gas,877.3939819335938
1653725867,H,Accelerometer,0.0
1653725867,H,Light,1489.0
1653725867,H,IR,0.0
1653725867,H,MIC,3.0
1653725868,B,Temperature,21.5049991607666
1653725868,B,Humidity,38.92200088500977
1653725868,B,Pressure,102184.0
1653725868,B,Gas,651.7490234375
1653725868,B,Accelerometer,0.0
1653725868,B,Light,38.0
1653725868,B,MIC,3.0
1653725868,B,RSSI,65.0
1653725869,D,Temperature,21.024999618530273
1653725869,D,Humidity,37.02199935913086
1653725869,D,Pressure,102250.0
1653725869,D,Gas,600.5349731445312
1653725869,D,Accelerometer,0.0
1653725869,D,Light,338.0
1653725869,D,MIC,3.0
1653725869,D,RSSI,60.0
1653725869,H,Temperature,21.785999298095703
1653725869,H,Humidity,35.97600173950195
1653725869,H,Pressure,102241.0
1653725869,H,Gas,890.3419799804688
1653725869,H,Accelerometer,0.0
1653725869,H,Light,1491.0
1653725869,H,IR,0.0
1653725869,H,MIC,3.0
1653725870,H,Temperature,21.785999298095703
1653725870,H,Humidity,35.98500061035156
1653725870,H,Pressure,102241.0
1653725870,H,Gas,888.8079833984375
1653725870,H,Accelerometer,0.0
1653725870,H,Light,1491.0
1653725870,H,IR,0.0
1653725870,H,MIC,3.0
1653725870,F,Temperature,21.94499969482422
1653725870,F,Humidity,35.92499923706055
1653725870,F,Pressure,102256.0
1653725870,F,Gas,561.0070190429689
1653725870,F,Accelerometer,0.0
1653725870,F,Light,418.0
1653725870,F,MIC,3.0
1653725870,F,RSSI,85.0
1653725870,E,Temperature,20.434999465942386
1653725870,E,Humidity,38.19499969482422
1653725870,E,Pressure,102223.0
1653725870,E,Gas,598.010009765625
1653725870,E,Accelerometer,0.0
1653725870,E,Light,739.0
1653725870,E,MIC,3.0
1653725870,E,RSSI,82.0
1653725871,A,Temperature,22.174999237060547
1653725871,A,Humidity,36.31999969482422
1653725871,A,Pressure,102212.0
1653725871,A,Gas,538.2319946289061
1653725871,A,Accelerometer,0.0
1653725871,A,Light,88.0
1653725871,A,MIC,3.0
1653725871,A,RSSI,74.0
1653725872,G,Temperature,21.96500015258789
1653725872,G,Humidity,37.12200164794922
1653725872,G,Pressure,102245.0
1653725872,G,Gas,532.3380126953125
1653725872,G,Accelerometer,0.0
1653725872,G,Light,337.0
1653725872,G,MIC,3.0
1653725872,G,RSSI,72.0
1653725876,H,Temperature,21.79599952697754
1653725876,H,Humidity,35.941001892089844
1653725876,H,Pressure,102239.0
1653725876,H,Gas,899.4199829101562
1653725876,H,Accelerometer,0.0
1653725876,H,Light,1490.0
1653725876,H,IR,0.0
1653725876,H,MIC,3.0
1653725877,C,Temperature,22.19499969482422
1653725877,C,Humidity,35.92100143432617
1653725877,C,Pressure,102239.0
1653725877,C,Gas,514.6510009765625
1653725877,C,Accelerometer,0.0
1653725877,C,Light,2240.0
1653725877,C,MIC,1.0
1653725877,C,RSSI,82.0
1653725878,H,Temperature,21.785999298095703
1653725878,H,Humidity,35.97100067138672
1653725878,H,Pressure,102239.0
1653725878,H,Gas,899.3480224609375
1653725878,H,Accelerometer,0.0
1653725878,H,Light,1497.0
1653725878,H,IR,0.0
1653725878,H,MIC,3.0
1653725879,D,Temperature,21.01499938964844
1653725879,D,Humidity,37.04399871826172
1653725879,D,Pressure,102244.0
1653725879,D,Gas,595.3250122070312
1653725879,D,Accelerometer,0.0
1653725879,D,Light,341.0
1653725879,D,MIC,3.0
1653725879,D,RSSI,60.0
1653725880,E,Temperature,20.434999465942386
1653725880,E,Humidity,38.1879997253418
1653725880,E,Pressure,102221.0
1653725880,E,Gas,592.4769897460938
1653725880,E,Accelerometer,0.0
1653725880,E,Light,742.0
1653725880,E,MIC,3.0
1653725880,E,RSSI,82.0
1653725881,B,Temperature,21.51499938964844
1653725881,B,Humidity,38.89400100708008
1653725881,B,Pressure,102184.0
1653725881,B,Gas,653.427001953125
1653725881,B,Accelerometer,0.0
1653725881,B,Light,40.0
1653725881,B,MIC,3.0
1653725881,B,RSSI,65.0
1653725881,A,Temperature,22.174999237060547
1653725881,A,Humidity,36.308998107910156
1653725881,A,Pressure,102214.0
1653725881,A,Gas,539.4320068359375
1653725881,A,Accelerometer,0.0
1653725881,A,Light,89.0
1653725881,A,MIC,3.0
1653725881,A,RSSI,74.0
1653725882,H,Temperature,21.785999298095703
1653725882,H,Humidity,35.959999084472656
1653725882,H,Pressure,102239.0
1653725882,H,Gas,894.8369750976562
1653725882,H,Accelerometer,0.0
1653725882,H,Light,1502.0
1653725882,H,IR,0.0
1653725882,H,MIC,3.0
1653725883,F,Temperature,21.94499969482422
1653725883,F,Humidity,35.95100021362305
1653725883,F,Pressure,102256.0
1653725883,F,Gas,564.0050048828125
1653725883,F,Accelerometer,0.0
1653725883,F,Light,421.0
1653725883,F,MIC,3.0
1653725883,F,RSSI,85.0
1653725886,C,Temperature,22.225000381469727
1653725886,C,Humidity,35.89500045776367
1653725886,C,Pressure,102239.0
1653725886,C,Gas,511.6990051269531
1653725886,C,Accelerometer,0.0
1653725886,C,Light,2255.0
1653725886,C,MIC,1.0
1653725886,C,RSSI,80.0
1653725886,G,Temperature,21.95499992370605
1653725886,G,Humidity,37.13999938964844
1653725886,G,Pressure,102239.0
1653725886,G,Gas,532.0369873046875
1653725886,G,Accelerometer,0.0
1653725886,G,Light,352.0
1653725886,G,MIC,3.0
1653725886,G,RSSI,72.0
1653725887,H,Temperature,21.79599952697754
1653725887,H,Humidity,35.9370002746582
1653725887,H,Pressure,102237.0
1653725887,H,Gas,893.0540161132812
1653725887,H,Accelerometer,0.0
1653725887,H,Light,1499.0
1653725887,H,IR,0.0
1653725887,H,MIC,3.0
1653725888,H,Temperature,21.785999298095703
1653725888,H,Humidity,35.95800018310547
1653725888,H,Pressure,102241.0
1653725888,H,Gas,893.3140258789062
1653725888,H,Accelerometer,0.0
1653725888,H,Light,1503.0
1653725888,H,IR,0.0
1653725888,H,MIC,3.0
1653725889,B,Temperature,21.51499938964844
1653725889,B,Humidity,38.902000427246094
1653725889,B,Pressure,102184.0
1653725889,B,Gas,651.10400390625
1653725889,B,Accelerometer,0.0
1653725889,B,Light,42.0
1653725889,B,MIC,3.0
1653725889,B,RSSI,66.0
1653725889,D,Temperature,21.024999618530273
1653725889,D,Humidity,37.01599884033203
1653725889,D,Pressure,102248.0
1653725889,D,Gas,593.1480102539062
1653725889,D,Accelerometer,0.0
1653725889,D,Light,356.0
1653725889,D,MIC,3.0
1653725889,D,RSSI,60.0
1653725890,H,Temperature,21.785999298095703
1653725890,H,Humidity,35.95899963378906
1653725890,H,Pressure,102239.0
1653725890,H,Gas,903.7210083007812
1653725890,H,Accelerometer,0.0
1653725890,H,Light,1501.0
1653725890,H,IR,0.0
1653725890,H,MIC,3.0
1653725890,E,Temperature,20.434999465942386
1653725890,E,Humidity,38.18899917602539
1653725890,E,Pressure,102219.0
1653725890,E,Gas,588.8109741210938
1653725890,E,Accelerometer,0.0
1653725890,E,Light,771.0
1653725890,E,MIC,3.0
1653725890,E,RSSI,82.0
1653725891,A,Temperature,22.174999237060547
1653725891,A,Humidity,36.31999969482422
1653725891,A,Pressure,102210.0
1653725891,A,Gas,541.5599975585939
1653725891,A,Accelerometer,0.0
1653725891,A,Light,90.0
1653725891,A,MIC,3.0
1653725891,A,RSSI,74.0
1653725893,F,Temperature,21.94499969482422
1653725893,F,Humidity,35.92499923706055
1653725893,F,Pressure,102256.0
1653725893,F,Gas,560.5659790039061
1653725893,F,Accelerometer,0.0
1653725893,F,Light,424.0
1653725893,F,MIC,3.0
1653725893,F,RSSI,85.0
1653725893,H,Temperature,21.785999298095703
1653725893,H,Humidity,35.92300033569336
1653725893,H,Pressure,102237.0
1653725893,H,Gas,893.3359985351562
1653725893,H,Accelerometer,0.0
1653725893,H,Light,1501.0
1653725893,H,IR,0.0
1653725893,H,MIC,3.0
1653725893,G,Temperature,21.95499992370605
1653725893,G,Humidity,37.132999420166016
1653725893,G,Pressure,102239.0
1653725893,G,Gas,533.8319702148439
1653725893,G,Accelerometer,0.0
1653725893,G,Light,360.0
1653725893,G,MIC,3.0
1653725893,G,RSSI,72.0
1653725894,H,Temperature,21.79599952697754
1653725894,H,Humidity,35.904998779296875
1653725894,H,Pressure,102237.0
1653725894,H,Gas,897.8699951171875
1653725894,H,Accelerometer,0.0
1653725894,H,Light,1498.0
1653725894,H,IR,0.0
1653725894,H,MIC,3.0
1653725895,B,Temperature,21.51499938964844
1653725895,B,Humidity,38.87799835205078
1653725895,B,Pressure,102182.0
1653725895,B,Gas,655.7849731445312
1653725895,B,Accelerometer,0.0
1653725895,B,Light,42.0
1653725895,B,MIC,3.0
1653725895,B,RSSI,66.0
1653725896,C,Temperature,22.21500015258789
1653725896,C,Humidity,35.904998779296875
1653725896,C,Pressure,102239.0
1653725896,C,Gas,518.6500244140625
1653725896,C,Accelerometer,0.0
1653725896,C,Light,2259.0
1653725896,C,MIC,1.0
1653725896,C,RSSI,80.0
1653725896,H,Temperature,21.79599952697754
1653725896,H,Humidity,35.92300033569336
1653725896,H,Pressure,102237.0
1653725896,H,Gas,900.8920288085938
1653725896,H,Accelerometer,0.0
1653725896,H,Light,1498.0
1653725896,H,IR,0.0
1653725896,H,MIC,3.0
1653725899,D,Temperature,21.01499938964844
1653725899,D,Humidity,37.04100036621094
1653725899,D,Pressure,102244.0
1653725899,D,Gas,591.7529907226562
1653725899,D,Accelerometer,0.0
1653725899,D,Light,351.0
1653725899,D,MIC,3.0
1653725899,D,RSSI,60.0
1653725899,H,Temperature,21.80599975585937
1653725899,H,Humidity,35.91999816894531
1653725899,H,Pressure,102241.0
1653725899,H,Gas,902.7630004882812
1653725899,H,Accelerometer,0.0
1653725899,H,Light,1502.0
1653725899,H,IR,0.0
1653725899,H,MIC,3.0
1653725900,F,Temperature,21.94499969482422
1653725900,F,Humidity,35.90900039672852
1653725900,F,Pressure,102256.0
1653725900,F,Gas,557.8610229492189
1653725900,F,Accelerometer,0.0
1653725900,F,Light,425.0
1653725900,F,MIC,3.0
1653725900,F,RSSI,85.0
1653725900,E,Temperature,20.44499969482422
1653725900,E,Humidity,38.20100021362305
1653725900,E,Pressure,102221.0
1653725900,E,Gas,592.1829833984375
1653725900,E,Accelerometer,0.0
1653725900,E,Light,763.0
1653725900,E,MIC,3.0
1653725900,E,RSSI,82.0
1653725901,G,Temperature,21.95499992370605
1653725901,G,Humidity,37.13999938964844
1653725901,G,Pressure,102237.0
1653725901,G,Gas,533.5070190429689
1653725901,G,Accelerometer,0.0
1653725901,G,Light,357.0
1653725901,G,MIC,3.0
1653725901,G,RSSI,72.0
1653725902,A,Temperature,22.174999237060547
1653725902,A,Humidity,36.32400131225586
1653725902,A,Pressure,102210.0
1653725902,A,Gas,540.6320190429689
1653725902,A,Accelerometer,0.0
1653725902,A,Light,90.0
1653725902,A,MIC,3.0
1653725902,A,RSSI,81.0
1653725903,H,Temperature,21.79599952697754
1653725903,H,Humidity,35.95199966430664
1653725903,H,Pressure,102235.0
1653725903,H,Gas,899.60302734375
1653725903,H,Accelerometer,0.0
1653725903,H,Light,1502.0
1653725903,H,IR,0.0
1653725903,H,MIC,3.0
1653725905,B,Temperature,21.5049991607666
1653725905,B,Humidity,38.887001037597656
1653725905,B,Pressure,102180.0
1653725905,B,Gas,650.656982421875
1653725905,B,Accelerometer,0.0
1653725905,B,Light,43.0
1653725905,B,MIC,3.0
1653725905,B,RSSI,66.0
1653725906,H,Temperature,21.79599952697754
1653725906,H,Humidity,35.95899963378906
1653725906,H,Pressure,102235.0
1653725906,H,Gas,911.9970092773438
1653725906,H,Accelerometer,0.0
1653725906,H,Light,1507.0
1653725906,H,IR,0.0
1653725906,H,MIC,3.0
1653725908,H,Temperature,21.81599998474121
1653725908,H,Humidity,35.9379997253418
1653725908,H,Pressure,102239.0
1653725908,H,Gas,914.3380126953124
1653725908,H,Accelerometer,0.0
1653725908,H,Light,1505.0
1653725908,H,IR,0.0
1653725908,H,MIC,3.0
1653725909,D,Temperature,21.01499938964844
1653725909,D,Humidity,37.04499816894531
1653725909,D,Pressure,102246.0
1653725909,D,Gas,596.239013671875
1653725909,D,Accelerometer,0.0
1653725909,D,Light,350.0
1653725909,D,MIC,3.0
1653725909,D,RSSI,67.0
1653725909,C,Temperature,22.225000381469727
1653725909,C,Humidity,35.87300109863281
1653725909,C,Pressure,102239.0
1653725909,C,Gas,517.072998046875
1653725909,C,Accelerometer,0.0
1653725909,C,Light,2276.0
1653725909,C,MIC,1.0
1653725909,C,RSSI,80.0
1653725910,E,Temperature,20.44499969482422
1653725910,E,Humidity,38.20399856567383
1653725910,E,Pressure,102217.0
1653725910,E,Gas,595.5499877929688
1653725910,E,Accelerometer,0.0
1653725910,E,Light,767.0
1653725910,E,MIC,3.0
1653725910,E,RSSI,77.0
1653725910,F,Temperature,21.94499969482422
1653725910,F,Humidity,35.904998779296875
1653725910,F,Pressure,102252.0
1653725910,F,Gas,555.6309814453125
1653725910,F,Accelerometer,0.0
1653725910,F,Light,427.0
1653725910,F,MIC,3.0
1653725910,F,RSSI,85.0
1653725911,G,Temperature,21.95499992370605
1653725911,G,Humidity,37.12900161743164
1653725911,G,Pressure,102239.0
1653725911,G,Gas,526.0689697265625
1653725911,G,Accelerometer,0.0
1653725911,G,Light,387.0
1653725911,G,MIC,3.0
1653725911,G,RSSI,72.0
1653725912,H,Temperature,21.80599975585937
1653725912,H,Humidity,35.974998474121094
1653725912,H,Pressure,102237.0
1653725912,H,Gas,924.6229858398438
1653725912,H,Accelerometer,0.0
1653725912,H,Light,1536.0
1653725912,H,IR,0.0
1653725912,H,MIC,3.0
1653725912,A,Temperature,22.174999237060547
1653725912,A,Humidity,36.361000061035156
1653725912,A,Pressure,102208.0
1653725912,A,Gas,546.3820190429689
1653725912,A,Accelerometer,0.0
1653725912,A,Light,93.0
1653725912,A,MIC,3.0
1653725912,A,RSSI,81.0
1653725915,H,Temperature,21.81599998474121
1653725915,H,Humidity,35.972999572753906
1653725915,H,Pressure,102237.0
1653725915,H,Gas,931.4149780273438
1653725915,H,Accelerometer,0.0
1653725915,H,Light,1697.0
1653725915,H,IR,0.0
1653725915,H,MIC,3.0
1653725915,B,Temperature,21.5049991607666
1653725915,B,Humidity,38.85599899291992
1653725915,B,Pressure,102180.0
1653725915,B,Gas,648.2440185546875
1653725915,B,Accelerometer,0.0
1653725915,B,Light,151.0
1653725915,B,MIC,3.0
1653725915,B,RSSI,66.0
1653725916,C,Temperature,22.20499992370605
1653725916,C,Humidity,35.91600036621094
1653725916,C,Pressure,102235.0
1653725916,C,Gas,516.2940063476561
1653725916,C,Accelerometer,0.0
1653725916,C,Light,2365.0
1653725916,C,MIC,1.0
1653725916,C,RSSI,80.0
1653725917,H,Temperature,21.80599975585937
1653725917,H,Humidity,35.98300170898437
1653725917,H,Pressure,102237.0
1653725917,H,Gas,922.9290161132812
1653725917,H,Accelerometer,0.0
1653725917,H,Light,1789.0
1653725917,H,IR,0.0
1653725917,H,MIC,3.0
1653725919,D,Temperature,21.01499938964844
1653725919,D,Humidity,37.03400039672852
1653725919,D,Pressure,102242.0
1653725919,D,Gas,598.094970703125
1653725919,D,Accelerometer,0.0
1653725919,D,Light,432.0
1653725919,D,MIC,3.0
1653725919,D,RSSI,67.0
1653725920,F,Temperature,21.94499969482422
1653725920,F,Humidity,35.91600036621094
1653725920,F,Pressure,102254.0
1653725920,F,Gas,557.8049926757811
1653725920,F,Accelerometer,0.0
1653725920,F,Light,480.0
1653725920,F,MIC,3.0
1653725920,F,RSSI,85.0
1653725920,E,Temperature,20.45499992370605
1653725920,E,Humidity,38.185001373291016
1653725920,E,Pressure,102219.0
1653725920,E,Gas,605.1220092773438
1653725920,E,Accelerometer,0.0
1653725920,E,Light,920.0
1653725920,E,MIC,3.0
1653725920,E,RSSI,77.0
1653725921,H,Temperature,21.81599998474121
1653725921,H,Humidity,35.98400115966797
1653725921,H,Pressure,102235.0
1653725921,H,Gas,931.4089965820312
1653725921,H,Accelerometer,0.0
1653725921,H,Light,1824.0
1653725921,H,IR,0.0
1653725921,H,MIC,3.0
1653725921,A,Temperature,22.174999237060547
1653725921,A,Humidity,36.41400146484375
1653725921,A,Pressure,102208.0
1653725921,A,Gas,548.5189819335939
1653725921,A,Accelerometer,0.0
1653725921,A,Light,135.0
1653725921,A,MIC,3.0
1653725921,A,RSSI,81.0
1653725921,G,Temperature,21.95499992370605
1653725921,G,Humidity,37.13999938964844
1653725921,G,Pressure,102239.0
1653725921,G,Gas,527.1649780273439
1653725921,G,Accelerometer,0.0
1653725921,G,Light,634.0
1653725921,G,MIC,3.0
1653725921,G,RSSI,72.0
1653725924,H,Temperature,21.81599998474121
1653725924,H,Humidity,35.99499893188477
1653725924,H,Pressure,102235.0
1653725924,H,Gas,935.6110229492188
1653725924,H,Accelerometer,0.0
1653725924,H,Light,1803.0
1653725924,H,IR,0.0
1653725924,H,MIC,3.0
1653725925,B,Temperature,21.5049991607666
1653725925,B,Humidity,38.85900115966797
1653725925,B,Pressure,102182.0
1653725925,B,Gas,652.5130004882812
1653725925,B,Accelerometer,0.0
1653725925,B,Light,151.0
1653725925,B,MIC,3.0
1653725925,B,RSSI,70.0
1653725926,C,Temperature,22.225000381469727
1653725926,C,Humidity,35.88199996948242
1653725926,C,Pressure,102239.0
1653725926,C,Gas,511.8900146484375
1653725926,C,Accelerometer,0.0
1653725926,C,Light,2520.0
1653725926,C,MIC,1.0
1653725926,C,RSSI,80.0
1653725927,H,Temperature,21.81599998474121
1653725927,H,Humidity,35.992000579833984
1653725927,H,Pressure,102235.0
1653725927,H,Gas,935.4500122070312
1653725927,H,Accelerometer,0.0
1653725927,H,Light,1770.0
1653725927,H,IR,0.0
1653725927,H,MIC,3.0
1653725929,D,Temperature,21.01499938964844
1653725929,D,Humidity,37.01300048828125
1653725929,D,Pressure,102244.0
1653725929,D,Gas,601.3939819335938
1653725929,D,Accelerometer,0.0
1653725929,D,Light,438.0
1653725929,D,MIC,3.0
1653725929,D,RSSI,67.0
1653725930,H,Temperature,21.826000213623047
1653725930,H,Humidity,35.96799850463867
1653725930,H,Pressure,102237.0
1653725930,H,Gas,927.8280029296876
1653725930,H,Accelerometer,0.0
1653725930,H,Light,1682.0
1653725930,H,IR,0.0
1653725930,H,MIC,3.0
1653725930,F,Temperature,21.94499969482422
1653725930,F,Humidity,35.91299819946289
1653725930,F,Pressure,102256.0
1653725930,F,Gas,553.6690063476561
1653725930,F,Accelerometer,0.0
1653725930,F,Light,538.0
1653725930,F,MIC,3.0
1653725930,F,RSSI,85.0
1653725930,E,Temperature,20.44499969482422
1653725930,E,Humidity,38.19400024414063
1653725930,E,Pressure,102221.0
1653725930,E,Gas,603.6389770507812
1653725930,E,Accelerometer,0.0
1653725930,E,Light,905.0
1653725930,E,MIC,3.0
1653725930,E,RSSI,77.0
1653725931,G,Temperature,21.95499992370605
1653725931,G,Humidity,37.124000549316406
1653725931,G,Pressure,102241.0
1653725931,G,Gas,526.4349975585939
1653725931,G,Accelerometer,0.0
1653725931,G,Light,464.0
1653725931,G,MIC,3.0
1653725931,G,RSSI,72.0
1653725931,A,Temperature,22.174999237060547
1653725931,A,Humidity,36.39099884033203
1653725931,A,Pressure,102212.0
1653725931,A,Gas,552.97802734375
1653725931,A,Accelerometer,0.0
1653725931,A,Light,117.0
1653725931,A,MIC,3.0
1653725931,A,RSSI,81.0
1653725935,H,Temperature,21.826000213623047
1653725935,H,Humidity,35.96200180053711
1653725935,H,Pressure,102237.0
1653725935,H,Gas,925.4149780273438
1653725935,H,Accelerometer,0.0
1653725935,H,Light,1671.0
1653725935,H,IR,0.0
1653725935,H,MIC,3.0
1653725937,C,Temperature,22.225000381469727
1653725937,C,Humidity,35.88800048828125
1653725937,C,Pressure,102237.0
1653725937,C,Gas,515.0139770507811
1653725937,C,Accelerometer,0.0
1653725937,C,Light,2413.0
1653725937,C,MIC,1.0
1653725937,C,RSSI,82.0
1653725939,B,Temperature,21.4950008392334
1653725939,B,Humidity,38.8759994506836
1653725939,B,Pressure,102178.0
1653725939,B,Gas,648.072998046875
1653725939,B,Accelerometer,0.0
1653725939,B,Light,95.0
1653725939,B,MIC,3.0
1653725939,B,RSSI,70.0
1653725939,H,Temperature,21.826000213623047
1653725939,H,Humidity,35.935001373291016
1653725939,H,Pressure,102237.0
1653725939,H,Gas,925.2429809570312
1653725939,H,Accelerometer,0.0
1653725939,H,Light,1571.0
1653725939,H,IR,0.0
1653725939,H,MIC,3.0
1653725939,D,Temperature,21.01499938964844
1653725939,D,Humidity,37.02000045776367
1653725939,D,Pressure,102246.0
1653725939,D,Gas,599.93701171875
1653725939,D,Accelerometer,0.0
1653725939,D,Light,418.0
1653725939,D,MIC,3.0
1653725939,D,RSSI,67.0
1653725940,E,Temperature,20.44499969482422
1653725940,E,Humidity,38.17200088500977
1653725940,E,Pressure,102221.0
1653725940,E,Gas,601.6259765625
1653725940,E,Accelerometer,0.0
1653725940,E,Light,884.0
1653725940,E,MIC,3.0
1653725940,E,RSSI,77.0
1653725940,F,Temperature,21.934999465942386
1653725940,F,Humidity,35.92100143432617
1653725940,F,Pressure,102254.0
1653725940,F,Gas,553.64697265625
1653725940,F,Accelerometer,0.0
1653725940,F,Light,469.0
1653725940,F,MIC,3.0
1653725940,F,RSSI,79.0
1653725941,H,Temperature,21.826000213623047
1653725941,H,Humidity,35.92499923706055
1653725941,H,Pressure,102237.0
1653725941,H,Gas,936.7620239257812
1653725941,H,Accelerometer,0.0
1653725941,H,Light,1567.0
1653725941,H,IR,0.0
1653725941,H,MIC,3.0
1653725941,G,Temperature,21.95499992370605
1653725941,G,Humidity,37.11000061035156
1653725941,G,Pressure,102237.0
1653725941,G,Gas,527.5150146484375
1653725941,G,Accelerometer,0.0
1653725941,G,Light,492.0
1653725941,G,MIC,3.0
1653725941,G,RSSI,72.0
1653725941,A,Temperature,22.165000915527344
1653725941,A,Humidity,36.374000549316406
1653725941,A,Pressure,102210.0
1653725941,A,Gas,558.6929931640625
1653725941,A,Accelerometer,0.0
1653725941,A,Light,110.0
1653725941,A,MIC,3.0
1653725941,A,RSSI,81.0
1653725942,H,Temperature,21.826000213623047
1653725942,H,Humidity,35.939998626708984
1653725942,H,Pressure,102237.0
1653725942,H,Gas,935.8380126953124
1653725942,H,Accelerometer,0.0
1653725942,H,Light,1589.0
1653725942,H,IR,0.0
1653725942,H,MIC,3.0
1653725945,H,Temperature,21.826000213623047
1653725945,H,Humidity,35.9010009765625
1653725945,H,Pressure,102235.0
1653725945,H,Gas,938.239990234375
1653725945,H,Accelerometer,0.0
1653725945,H,Light,1575.0
1653725945,H,IR,0.0
1653725945,H,MIC,3.0
1653725945,B,Temperature,21.4950008392334
1653725945,B,Humidity,38.88100051879883
1653725945,B,Pressure,102178.0
1653725945,B,Gas,650.9210205078125
1653725945,B,Accelerometer,0.0
1653725945,B,Light,86.0
1653725945,B,MIC,3.0
1653725945,B,RSSI,70.0
1653725946,C,Temperature,22.23500061035156
1653725946,C,Humidity,35.87300109863281
1653725946,C,Pressure,102239.0
1653725946,C,Gas,510.1600036621094
1653725946,C,Accelerometer,0.0
1653725946,C,Light,2479.0
1653725946,C,MIC,1.0
1653725946,C,RSSI,82.0
1653725949,D,Temperature,21.024999618530273
1653725949,D,Humidity,36.99599838256836
1653725949,D,Pressure,102246.0
1653725949,D,Gas,591.9130249023438
1653725949,D,Accelerometer,0.0
1653725949,D,Light,455.0
1653725949,D,MIC,3.0
1653725949,D,RSSI,67.0
1653725950,E,Temperature,20.45499992370605
1653725950,E,Humidity,38.15900039672852
1653725950,E,Pressure,102219.0
1653725950,E,Gas,601.4400024414062
1653725950,E,Accelerometer,0.0
1653725950,E,Light,954.0
1653725950,E,MIC,3.0
1653725950,E,RSSI,77.0
1653725950,H,Temperature,21.826000213623047
1653725950,H,Humidity,35.91999816894531
1653725950,H,Pressure,102237.0
1653725950,H,Gas,935.4119873046876
1653725950,H,Accelerometer,0.0
1653725950,H,Light,1654.0
1653725950,H,IR,0.0
1653725950,H,MIC,3.0
1653725951,F,Temperature,21.934999465942386
1653725951,F,Humidity,35.94599914550781
1653725951,F,Pressure,102254.0
1653725951,F,Gas,555.6510009765625
1653725951,F,Accelerometer,0.0
1653725951,F,Light,503.0
1653725951,F,MIC,3.0
1653725951,F,RSSI,79.0
1653725951,H,Temperature,21.836000442504886
1653725951,H,Humidity,35.904998779296875
1653725951,H,Pressure,102237.0
1653725951,H,Gas,939.1649780273438
1653725951,H,Accelerometer,0.0
1653725951,H,Light,1563.0
1653725951,H,IR,0.0
1653725951,H,MIC,3.0
1653725952,G,Temperature,21.96500015258789
1653725952,G,Humidity,37.0890007019043
1653725952,G,Pressure,102241.0
1653725952,G,Gas,526.802001953125
1653725952,G,Accelerometer,0.0
1653725952,G,Light,494.0
1653725952,G,MIC,3.0
1653725952,G,RSSI,72.0
1653725956,H,Temperature,21.836000442504886
1653725956,H,Humidity,35.904998779296875
1653725956,H,Pressure,102235.0
1653725956,H,Gas,940.2440185546876
1653725956,H,Accelerometer,0.0
1653725956,H,Light,1490.0
1653725956,H,IR,0.0
1653725956,H,MIC,3.0
1653725958,B,Temperature,21.4950008392334
1653725958,B,Humidity,38.86999893188477
1653725958,B,Pressure,102178.0
1653725958,B,Gas,645.7659912109375
1653725958,B,Accelerometer,0.0
1653725958,B,Light,42.0
1653725958,B,MIC,3.0
1653725958,B,RSSI,70.0
1653725958,H,Temperature,21.836000442504886
1653725958,H,Humidity,35.91999816894531
1653725958,H,Pressure,102235.0
1653725958,H,Gas,936.4959716796876
1653725958,H,Accelerometer,0.0
1653725958,H,Light,1494.0
1653725958,H,IR,0.0
1653725958,H,MIC,3.0
1653725959,D,Temperature,21.024999618530273
1653725959,D,Humidity,37.012001037597656
1653725959,D,Pressure,102244.0
1653725959,D,Gas,592.2449951171875
1653725959,D,Accelerometer,0.0
1653725959,D,Light,374.0
1653725959,D,MIC,3.0
1653725959,D,RSSI,61.0
1653725960,C,Temperature,22.225000381469727
1653725960,C,Humidity,35.85100173950195
1653725960,C,Pressure,102237.0
1653725960,C,Gas,507.77099609375
1653725960,C,Accelerometer,0.0
1653725960,C,Light,2441.0
1653725960,C,MIC,1.0
1653725960,C,RSSI,82.0
1653725960,H,Temperature,21.836000442504886
1653725960,H,Humidity,35.91600036621094
1653725960,H,Pressure,102235.0
1653725960,H,Gas,935.3400268554688
1653725960,H,Accelerometer,0.0
1653725960,H,Light,1487.0
1653725960,H,IR,0.0
1653725960,H,MIC,3.0
1653725960,E,Temperature,20.45499992370605
1653725960,E,Humidity,38.14500045776367
1653725960,E,Pressure,102219.0
1653725960,E,Gas,602.9459838867188
1653725960,E,Accelerometer,0.0
1653725960,E,Light,800.0
1653725960,E,MIC,3.0
1653725960,E,RSSI,82.0
1653725960,F,Temperature,21.94499969482422
1653725960,F,Humidity,35.91899871826172
1653725960,F,Pressure,102252.0
1653725960,F,Gas,558.9340209960939
1653725960,F,Accelerometer,0.0
1653725960,F,Light,439.0
1653725960,F,MIC,3.0
1653725960,F,RSSI,79.0
1653725962,A,Temperature,22.184999465942386
1653725962,A,Humidity,36.27899932861328
1653725962,A,Pressure,102208.0
1653725962,A,Gas,547.4140014648439
1653725962,A,Accelerometer,0.0
1653725962,A,Light,94.0
1653725962,A,MIC,3.0
1653725962,A,RSSI,83.0
1653725962,G,Temperature,21.95499992370605
1653725962,G,Humidity,37.0880012512207
1653725962,G,Pressure,102237.0
1653725962,G,Gas,523.8569946289061
1653725962,G,Accelerometer,0.0
1653725962,G,Light,377.0
1653725962,G,MIC,3.0
1653725962,G,RSSI,72.0
1653725963,H,Temperature,21.836000442504886
1653725963,H,Humidity,35.917999267578125
1653725963,H,Pressure,102235.0
1653725963,H,Gas,937.4039916992188
1653725963,H,Accelerometer,0.0
1653725963,H,Light,1492.0
1653725963,H,IR,0.0
1653725963,H,MIC,3.0
1653725965,B,Temperature,21.48500061035156
1653725965,B,Humidity,38.902000427246094
1653725965,B,Pressure,102176.0
1653725965,B,Gas,648.1129760742188
1653725965,B,Accelerometer,0.0
1653725965,B,Light,43.0
1653725965,B,MIC,3.0
1653725965,B,RSSI,70.0
1653725966,H,Temperature,21.826000213623047
1653725966,H,Humidity,35.94900131225586
1653725966,H,Pressure,102233.0
1653725966,H,Gas,932.9760131835938
1653725966,H,Accelerometer,0.0
1653725966,H,Light,1526.0
1653725966,H,IR,0.0
1653725966,H,MIC,3.0
1653725966,C,Temperature,22.23500061035156
1653725966,C,Humidity,35.882999420166016
1653725966,C,Pressure,102237.0
1653725966,C,Gas,511.51800537109375
1653725966,C,Accelerometer,0.0
1653725966,C,Light,2367.0
1653725966,C,MIC,1.0
1653725966,C,RSSI,82.0
1653725969,H,Temperature,21.836000442504886
1653725969,H,Humidity,35.8849983215332
1653725969,H,Pressure,102235.0
1653725969,H,Gas,941.656005859375
1653725969,H,Accelerometer,0.0
1653725969,H,Light,1521.0
1653725969,H,IR,0.0
1653725969,H,MIC,3.0
1653725969,D,Temperature,21.024999618530273
1653725969,D,Humidity,36.99700164794922
1653725969,D,Pressure,102242.0
1653725969,D,Gas,595.073974609375
1653725969,D,Accelerometer,0.0
1653725969,D,Light,369.0
1653725969,D,MIC,3.0
1653725969,D,RSSI,61.0
1653725970,E,Temperature,20.44499969482422
1653725970,E,Humidity,38.15900039672852
1653725970,E,Pressure,102219.0
1653725970,E,Gas,597.1799926757812
1653725970,E,Accelerometer,0.0
1653725970,E,Light,795.0
1653725970,E,MIC,3.0
1653725970,E,RSSI,82.0
1653725970,F,Temperature,21.94499969482422
1653725970,F,Humidity,35.95000076293945
1653725970,F,Pressure,102254.0
1653725970,F,Gas,559.9660034179689
1653725970,F,Accelerometer,0.0
1653725970,F,Light,453.0
1653725970,F,MIC,3.0
1653725970,F,RSSI,79.0
1653725971,G,Temperature,21.96500015258789
1653725971,G,Humidity,37.07099914550781
1653725971,G,Pressure,102237.0
1653725971,G,Gas,527.3250122070311
1653725971,G,Accelerometer,0.0
1653725971,G,Light,413.0
1653725971,G,MIC,3.0
1653725971,G,RSSI,72.0
1653725972,A,Temperature,22.174999237060547
1653725972,A,Humidity,36.27399826049805
1653725972,A,Pressure,102208.0
1653725972,A,Gas,547.5380249023439
1653725972,A,Accelerometer,0.0
1653725972,A,Light,99.0
1653725972,A,MIC,3.0
1653725972,A,RSSI,83.0
1653725972,H,Temperature,21.836000442504886
1653725972,H,Humidity,35.89099884033203
1653725972,H,Pressure,102233.0
1653725972,H,Gas,941.7830200195312
1653725972,H,Accelerometer,0.0
1653725972,H,Light,1505.0
1653725972,H,IR,0.0
1653725972,H,MIC,3.0
1653725976,H,Temperature,21.836000442504886
1653725976,H,Humidity,35.87699890136719
1653725976,H,Pressure,102235.0
1653725976,H,Gas,949.2000122070312
1653725976,H,Accelerometer,0.0
1653725976,H,Light,1503.0
1653725976,H,IR,0.0
1653725976,H,MIC,3.0
1653725976,C,Temperature,22.2549991607666
1653725976,C,Humidity,35.8380012512207
1653725976,C,Pressure,102237.0
1653725976,C,Gas,504.864013671875
1653725976,C,Accelerometer,0.0
1653725976,C,Light,2345.0
1653725976,C,MIC,1.0
1653725976,C,RSSI,82.0
1653725977,B,Temperature,21.48500061035156
1653725977,B,Humidity,38.88800048828125
1653725977,B,Pressure,102180.0
1653725977,B,Gas,651.4229736328125
1653725977,B,Accelerometer,0.0
1653725977,B,Light,47.0
1653725977,B,MIC,3.0
1653725977,B,RSSI,67.0
1653725978,H,Temperature,21.826000213623047
1653725978,H,Humidity,35.9109992980957
1653725978,H,Pressure,102235.0
1653725978,H,Gas,948.5189819335938
1653725978,H,Accelerometer,0.0
1653725978,H,Light,1518.0
1653725978,H,IR,0.0
1653725978,H,MIC,3.0
1653725979,D,Temperature,21.024999618530273
1653725979,D,Humidity,37.00299835205078
1653725979,D,Pressure,102244.0
1653725979,D,Gas,596.7550048828125
1653725979,D,Accelerometer,0.0
1653725979,D,Light,375.0
1653725979,D,MIC,3.0
1653725979,D,RSSI,61.0
1653725980,F,Temperature,21.94499969482422
1653725980,F,Humidity,35.915000915527344
1653725980,F,Pressure,102252.0
1653725980,F,Gas,565.52197265625
1653725980,F,Accelerometer,0.0
1653725980,F,Light,446.0
1653725980,F,MIC,3.0
1653725980,F,RSSI,79.0
1653725980,E,Temperature,20.434999465942386
1653725980,E,Humidity,38.18000030517578
1653725980,E,Pressure,102217.0
1653725980,E,Gas,598.4910278320312
1653725980,E,Accelerometer,0.0
1653725980,E,Light,802.0
1653725980,E,MIC,3.0
1653725980,E,RSSI,82.0
1653725981,H,Temperature,21.836000442504886
1653725981,H,Humidity,35.88600158691406
1653725981,H,Pressure,102235.0
1653725981,H,Gas,961.0460205078124
1653725981,H,Accelerometer,0.0
1653725981,H,Light,1545.0
1653725981,H,IR,0.0
1653725981,H,MIC,3.0
1653725981,G,Temperature,21.96500015258789
1653725981,G,Humidity,37.04899978637695
1653725981,G,Pressure,102239.0
1653725981,G,Gas,525.6859741210939
1653725981,G,Accelerometer,0.0
1653725981,G,Light,395.0
1653725981,G,MIC,3.0
1653725981,G,RSSI,72.0
1653725982,A,Temperature,22.174999237060547
1653725982,A,Humidity,36.27899932861328
1653725982,A,Pressure,102208.0
1653725982,A,Gas,543.0679931640625
1653725982,A,Accelerometer,0.0
1653725982,A,Light,97.0
1653725982,A,MIC,3.0
1653725982,A,RSSI,83.0
1653725984,H,Temperature,21.836000442504886
1653725984,H,Humidity,35.88199996948242
1653725984,H,Pressure,102235.0
1653725984,H,Gas,949.343994140625
1653725984,H,Accelerometer,0.0
1653725984,H,Light,1592.0
1653725984,H,IR,0.0
1653725984,H,MIC,3.0
1653725985,B,Temperature,21.48500061035156
1653725985,B,Humidity,38.902000427246094
1653725985,B,Pressure,102180.0
1653725985,B,Gas,653.9829711914062
1653725985,B,Accelerometer,0.0
1653725985,B,Light,72.0
1653725985,B,MIC,3.0
1653725985,B,RSSI,67.0
1653725986,C,Temperature,22.2549991607666
1653725986,C,Humidity,35.86199951171875
1653725986,C,Pressure,102237.0
1653725986,C,Gas,511.7149963378906
1653725986,C,Accelerometer,0.0
1653725986,C,Light,2377.0
1653725986,C,MIC,1.0
1653725986,C,RSSI,76.0
1653725987,H,Temperature,21.81599998474121
1653725987,H,Humidity,35.92699813842773
1653725987,H,Pressure,102231.0
1653725987,H,Gas,942.8900146484376
1653725987,H,Accelerometer,0.0
1653725987,H,Light,1560.0
1653725987,H,IR,0.0
1653725987,H,MIC,3.0
1653725989,D,Temperature,21.024999618530273
1653725989,D,Humidity,37.00199890136719
1653725989,D,Pressure,102242.0
1653725989,D,Gas,591.9990234375
1653725989,D,Accelerometer,0.0
1653725989,D,Light,375.0
1653725989,D,MIC,3.0
1653725989,D,RSSI,61.0
1653725990,F,Temperature,21.95499992370605
1653725990,F,Humidity,35.87699890136719
1653725990,F,Pressure,102254.0
1653725990,F,Gas,561.85302734375
1653725990,F,Accelerometer,0.0
1653725990,F,Light,461.0
1653725990,F,MIC,3.0
1653725990,F,RSSI,84.0
1653725990,E,Temperature,20.44499969482422
1653725990,E,Humidity,38.14099884033203
1653725990,E,Pressure,102221.0
1653725990,E,Gas,593.8770141601562
1653725990,E,Accelerometer,0.0
1653725990,E,Light,795.0
1653725990,E,MIC,3.0
1653725990,E,RSSI,82.0
1653725991,H,Temperature,21.826000213623047
1653725991,H,Humidity,35.91600036621094
1653725991,H,Pressure,102235.0
1653725991,H,Gas,949.969970703125
1653725991,H,Accelerometer,0.0
1653725991,H,Light,1545.0
1653725991,H,IR,0.0
1653725991,H,MIC,3.0
1653725991,G,Temperature,21.96500015258789
1653725991,G,Humidity,37.04800033569336
1653725991,G,Pressure,102241.0
1653725991,G,Gas,524.68798828125
1653725991,G,Accelerometer,0.0
1653725991,G,Light,380.0
1653725991,G,MIC,3.0
1653725991,G,RSSI,72.0
1653725992,A,Temperature,22.174999237060547
1653725992,A,Humidity,36.26499938964844
1653725992,A,Pressure,102208.0
1653725992,A,Gas,541.489013671875
1653725992,A,Accelerometer,0.0
1653725992,A,Light,97.0
1653725992,A,MIC,3.0
1653725992,A,RSSI,83.0
1653725994,H,Temperature,21.81599998474121
1653725994,H,Humidity,35.946998596191406
1653725994,H,Pressure,102233.0
1653725994,H,Gas,954.8690185546876
1653725994,H,Accelerometer,0.0
1653725994,H,Light,1498.0
1653725994,H,IR,0.0
1653725994,H,MIC,3.0
1653725995,B,Temperature,21.48500061035156
1653725995,B,Humidity,38.90800094604492
1653725995,B,Pressure,102180.0
1653725995,B,Gas,654.9860229492188
1653725995,B,Accelerometer,0.0
1653725995,B,Light,41.0
1653725995,B,MIC,3.0
1653725995,B,RSSI,67.0
1653725996,C,Temperature,22.2549991607666
1653725996,C,Humidity,35.86800003051758
1653725996,C,Pressure,102235.0
1653725996,C,Gas,515.77099609375
1653725996,C,Accelerometer,0.0
1653725996,C,Light,2372.0
1653725996,C,MIC,1.0
1653725996,C,RSSI,76.0
1653725996,H,Temperature,21.826000213623047
1653725996,H,Humidity,35.92200088500977
1653725996,H,Pressure,102235.0
1653725996,H,Gas,950.8939819335938
1653725996,H,Accelerometer,0.0
1653725996,H,Light,1488.0
1653725996,H,IR,0.0
1653725996,H,MIC,3.0
1653725999,D,Temperature,21.024999618530273
1653725999,D,Humidity,36.9900016784668
1653725999,D,Pressure,102246.0
1653725999,D,Gas,590.1370239257812
1653725999,D,Accelerometer,0.0
1653725999,D,Light,372.0
1653725999,D,MIC,3.0
1653725999,D,RSSI,61.0
1653725999,H,Temperature,21.81599998474121
1653725999,H,Humidity,35.94200134277344
1653725999,H,Pressure,102233.0
1653725999,H,Gas,942.375
1653725999,H,Accelerometer,0.0
1653725999,H,Light,1494.0
1653725999,H,IR,0.0
1653725999,H,MIC,3.0
1653726000,E,Temperature,20.45499992370605
1653726000,E,Humidity,38.12300109863281
1653726000,E,Pressure,102221.0
1653726000,E,Gas,593.77001953125
1653726000,E,Accelerometer,0.0
1653726000,E,Light,792.0
1653726000,E,MIC,3.0
1653726000,E,RSSI,82.0
1653726000,F,Temperature,21.94499969482422
1653726000,F,Humidity,35.88199996948242
1653726000,F,Pressure,102254.0
1653726000,F,Gas,559.1669921875
1653726000,F,Accelerometer,0.0
1653726000,F,Light,444.0
1653726000,F,MIC,3.0
1653726000,F,RSSI,84.0
1653726001,G,Temperature,21.95499992370605
1653726001,G,Humidity,37.04199981689453
1653726001,G,Pressure,102241.0
1653726001,G,Gas,524.4149780273439
1653726001,G,Accelerometer,0.0
1653726001,G,Light,376.0
1653726001,G,MIC,3.0
1653726001,G,RSSI,72.0
1653726002,A,Temperature,22.184999465942386
1653726002,A,Humidity,36.277000427246094
1653726002,A,Pressure,102208.0
1653726002,A,Gas,547.405029296875
1653726002,A,Accelerometer,0.0
1653726002,A,Light,94.0
1653726002,A,MIC,3.0
1653726002,A,RSSI,91.0
1653726003,H,Temperature,21.80599975585937
1653726003,H,Humidity,35.928001403808594
1653726003,H,Pressure,102237.0
1653726003,H,Gas,942.5800170898438
1653726003,H,Accelerometer,0.0
1653726003,H,Light,1488.0
1653726003,H,IR,0.0
1653726003,H,MIC,3.0
1653726006,H,Temperature,21.80599975585937
1653726006,H,Humidity,35.92300033569336
1653726006,H,Pressure,102237.0
1653726006,H,Gas,941.322998046875
1653726006,H,Accelerometer,0.0
1653726006,H,Light,1484.0
1653726006,H,IR,0.0
1653726006,H,MIC,3.0
1653726006,B,Temperature,21.48500061035156
1653726006,B,Humidity,38.90399932861328
1653726006,B,Pressure,102182.0
1653726006,B,Gas,650.85400390625
1653726006,B,Accelerometer,0.0
1653726006,B,Light,37.0
1653726006,B,MIC,3.0
1653726006,B,RSSI,67.0
1653726009,H,Temperature,21.80599975585937
1653726009,H,Humidity,35.88600158691406
1653726009,H,Pressure,102241.0
1653726009,H,Gas,940.6589965820312
1653726009,H,Accelerometer,0.0
1653726009,H,Light,1482.0
1653726009,H,IR,0.0
1653726009,H,MIC,3.0
1653726009,D,Temperature,21.03499984741211
1653726009,D,Humidity,36.97999954223633
1653726009,D,Pressure,102248.0
1653726009,D,Gas,594.1820068359375
1653726009,D,Accelerometer,0.0
1653726009,D,Light,371.0
1653726009,D,MIC,3.0
1653726009,D,RSSI,60.0
1653726010,F,Temperature,21.94499969482422
1653726010,F,Humidity,35.88999938964844
1653726010,F,Pressure,102258.0
1653726010,F,Gas,558.7839965820311
1653726010,F,Accelerometer,0.0
1653726010,F,Light,440.0
1653726010,F,MIC,3.0
1653726010,F,RSSI,84.0
1653726010,E,Temperature,20.44499969482422
1653726010,E,Humidity,38.13399887084961
1653726010,E,Pressure,102223.0
1653726010,E,Gas,597.4349975585938
1653726010,E,Accelerometer,0.0
1653726010,E,Light,780.0
1653726010,E,MIC,3.0
1653726010,E,RSSI,68.0
1653726011,G,Temperature,21.95499992370605
1653726011,G,Humidity,37.06399917602539
1653726011,G,Pressure,102241.0
1653726011,G,Gas,519.6589965820311
1653726011,G,Accelerometer,0.0
1653726011,G,Light,369.0
1653726011,G,MIC,3.0
1653726011,G,RSSI,72.0
1653726012,H,Temperature,21.80599975585937
1653726012,H,Humidity,35.88199996948242
1653726012,H,Pressure,102239.0
1653726012,H,Gas,947.5789794921876
1653726012,H,Accelerometer,0.0
1653726012,H,Light,1482.0
1653726012,H,IR,0.0
1653726012,H,MIC,3.0
1653726012,C,Temperature,22.26499938964844
1653726012,C,Humidity,35.81399917602539
1653726012,C,Pressure,102239.0
1653726012,C,Gas,507.9819946289063
1653726012,C,Accelerometer,0.0
1653726012,C,Light,2368.0
1653726012,C,MIC,1.0
1653726012,C,RSSI,76.0
1653726014,A,Temperature,22.184999465942386
1653726014,A,Humidity,36.27299880981445
1653726014,A,Pressure,102212.0
1653726014,A,Gas,542.47900390625
1653726014,A,Accelerometer,0.0
1653726014,A,Light,93.0
1653726014,A,MIC,3.0
1653726014,A,RSSI,91.0
1653726015,H,Temperature,21.80599975585937
1653726015,H,Humidity,35.88600158691406
1653726015,H,Pressure,102239.0
1653726015,H,Gas,940.7420043945312
1653726015,H,Accelerometer,0.0
1653726015,H,Light,1483.0
1653726015,H,IR,0.0
1653726015,H,MIC,3.0
1653726016,B,Temperature,21.48500061035156
1653726016,B,Humidity,38.9119987487793
1653726016,B,Pressure,102184.0
1653726016,B,Gas,652.2139892578125
1653726016,B,Accelerometer,0.0
1653726016,B,Light,36.0
1653726016,B,MIC,3.0
1653726016,B,RSSI,67.0
1653726016,C,Temperature,22.26499938964844
1653726016,C,Humidity,35.83399963378906
1653726016,C,Pressure,102239.0
1653726016,C,Gas,510.6940002441406
1653726016,C,Accelerometer,0.0
1653726016,C,Light,2357.0
1653726016,C,MIC,1.0
1653726016,C,RSSI,76.0
1653726018,H,Temperature,21.81599998474121
1653726018,H,Humidity,35.8650016784668
1653726018,H,Pressure,102237.0
1653726018,H,Gas,944.7659912109376
1653726018,H,Accelerometer,0.0
1653726018,H,Light,1481.0
1653726018,H,IR,0.0
1653726018,H,MIC,3.0
1653726019,D,Temperature,21.024999618530273
1653726019,D,Humidity,36.979000091552734
1653726019,D,Pressure,102246.0
1653726019,D,Gas,593.7169799804688
1653726019,D,Accelerometer,0.0
1653726019,D,Light,371.0
1653726019,D,MIC,3.0
1653726019,D,RSSI,60.0
1653726020,F,Temperature,21.94499969482422
1653726020,F,Humidity,35.90399932861328
1653726020,F,Pressure,102256.0
1653726020,F,Gas,559.2509765625
1653726020,F,Accelerometer,0.0
1653726020,F,Light,440.0
1653726020,F,MIC,3.0
1653726020,F,RSSI,84.0
1653726020,E,Temperature,20.44499969482422
1653726020,E,Humidity,38.11899948120117
1653726020,E,Pressure,102221.0
1653726020,E,Gas,597.625
1653726020,E,Accelerometer,0.0
1653726020,E,Light,778.0
1653726020,E,MIC,3.0
1653726020,E,RSSI,68.0
1653726021,H,Temperature,21.80599975585937
1653726021,H,Humidity,35.90800094604492
1653726021,H,Pressure,102239.0
1653726021,H,Gas,946.1119995117188
1653726021,H,Accelerometer,0.0
1653726021,H,Light,1482.0
1653726021,H,IR,0.0
1653726021,H,MIC,3.0
1653726021,G,Temperature,21.95499992370605
1653726021,G,Humidity,37.060001373291016
1653726021,G,Pressure,102241.0
1653726021,G,Gas,518.073974609375
1653726021,G,Accelerometer,0.0
1653726021,G,Light,368.0
1653726021,G,MIC,3.0
1653726021,G,RSSI,72.0
1653726021,A,Temperature,22.184999465942386
1653726021,A,Humidity,36.27000045776367
1653726021,A,Pressure,102210.0
1653726021,A,Gas,544.7150268554689
1653726021,A,Accelerometer,0.0
1653726021,A,Light,92.0
1653726021,A,MIC,3.0
1653726021,A,RSSI,91.0
1653726024,H,Temperature,21.80599975585937
1653726024,H,Humidity,35.88199996948242
1653726024,H,Pressure,102241.0
1653726024,H,Gas,942.823974609375
1653726024,H,Accelerometer,0.0
1653726024,H,Light,1473.0
1653726024,H,IR,0.0
1653726024,H,MIC,3.0
1653726026,B,Temperature,21.475000381469727
1653726026,B,Humidity,38.930999755859375
1653726026,B,Pressure,102180.0
1653726026,B,Gas,653.8610229492188
1653726026,B,Accelerometer,0.0
1653726026,B,Light,36.0
1653726026,B,MIC,3.0
1653726026,B,RSSI,71.0
1653726027,C,Temperature,22.26499938964844
1653726027,C,Humidity,35.85300064086914
1653726027,C,Pressure,102237.0
1653726027,C,Gas,514.7219848632811
1653726027,C,Accelerometer,0.0
1653726027,C,Light,2347.0
1653726027,C,MIC,1.0
1653726027,C,RSSI,76.0
1653726027,H,Temperature,21.79599952697754
1653726027,H,Humidity,35.9010009765625
1653726027,H,Pressure,102237.0
1653726027,H,Gas,940.708984375
1653726027,H,Accelerometer,0.0
1653726027,H,Light,1483.0
1653726027,H,IR,0.0
1653726027,H,MIC,3.0
1653726029,D,Temperature,21.024999618530273
1653726029,D,Humidity,36.97100067138672
1653726029,D,Pressure,102244.0
1653726029,D,Gas,596.1389770507812
1653726029,D,Accelerometer,0.0
1653726029,D,Light,373.0
1653726029,D,MIC,3.0
1653726029,D,RSSI,60.0
1653726030,H,Temperature,21.79599952697754
1653726030,H,Humidity,35.86899948120117
1653726030,H,Pressure,102237.0
1653726030,H,Gas,938.0079956054688
1653726030,H,Accelerometer,0.0
1653726030,H,Light,1475.0
1653726030,H,IR,0.0
1653726030,H,MIC,3.0
1653726030,E,Temperature,20.45499992370605
1653726030,E,Humidity,38.09000015258789
1653726030,E,Pressure,102221.0
1653726030,E,Gas,598.385009765625
1653726030,E,Accelerometer,0.0
1653726030,E,Light,775.0
1653726030,E,MIC,3.0
1653726030,E,RSSI,68.0
1653726030,F,Temperature,21.934999465942386
1653726030,F,Humidity,35.948001861572266
1653726030,F,Pressure,102254.0
1653726030,F,Gas,556.458984375
1653726030,F,Accelerometer,0.0
1653726030,F,Light,440.0
1653726030,F,MIC,3.0
1653726030,F,RSSI,84.0
1653726031,G,Temperature,21.95499992370605
1653726031,G,Humidity,37.08300018310547
1653726031,G,Pressure,102237.0
1653726031,G,Gas,519.5709838867189
1653726031,G,Accelerometer,0.0
1653726031,G,Light,368.0
1653726031,G,MIC,3.0
1653726031,G,RSSI,72.0
1653726032,A,Temperature,22.184999465942386
1653726032,A,Humidity,36.24499893188477
1653726032,A,Pressure,102208.0
1653726032,A,Gas,547.6489868164061
1653726032,A,Accelerometer,0.0
1653726032,A,Light,92.0
1653726032,A,MIC,3.0
1653726032,A,RSSI,91.0
1653726033,H,Temperature,21.79599952697754
1653726033,H,Humidity,35.891998291015625
1653726033,H,Pressure,102235.0
1653726033,H,Gas,934.6699829101562
1653726033,H,Accelerometer,0.0
1653726033,H,Light,1472.0
1653726033,H,IR,0.0
1653726033,H,MIC,3.0
1653726036,B,Temperature,21.475000381469727
1653726036,B,Humidity,38.95600128173828
1653726036,B,Pressure,102182.0
1653726036,B,Gas,650.0479736328125
1653726036,B,Accelerometer,0.0
1653726036,B,Light,36.0
1653726036,B,MIC,3.0
1653726036,B,RSSI,71.0
1653726036,C,Temperature,22.274999618530273
1653726036,C,Humidity,35.823001861572266
1653726036,C,Pressure,102239.0
1653726036,C,Gas,514.583984375
1653726036,C,Accelerometer,0.0
1653726036,C,Light,2351.0
1653726036,C,MIC,1.0
1653726036,C,RSSI,80.0
1653726039,H,Temperature,21.79599952697754
1653726039,H,Humidity,35.888999938964844
1653726039,H,Pressure,102235.0
1653726039,H,Gas,935.3729858398438
1653726039,H,Accelerometer,0.0
1653726039,H,Light,1468.0
1653726039,H,IR,0.0
1653726039,H,MIC,3.0
1653726039,D,Temperature,21.024999618530273
1653726039,D,Humidity,36.992000579833984
1653726039,D,Pressure,102244.0
1653726039,D,Gas,593.344970703125
1653726039,D,Accelerometer,0.0
1653726039,D,Light,378.0
1653726039,D,MIC,3.0
1653726039,D,RSSI,60.0
1653726040,E,Temperature,20.44499969482422
1653726040,E,Humidity,38.11199951171875
1653726040,E,Pressure,102221.0
1653726040,E,Gas,595.1500244140625
1653726040,E,Accelerometer,0.0
1653726040,E,Light,776.0
1653726040,E,MIC,3.0
1653726040,E,RSSI,68.0
1653726040,F,Temperature,21.94499969482422
1653726040,F,Humidity,35.90399932861328
1653726040,F,Pressure,102256.0
1653726040,F,Gas,560.9340209960939
1653726040,F,Accelerometer,0.0
1653726040,F,Light,439.0
1653726040,F,MIC,3.0
1653726040,F,RSSI,83.0
1653726041,H,Temperature,21.79599952697754
1653726041,H,Humidity,35.887001037597656
1653726041,H,Pressure,102235.0
1653726041,H,Gas,938.8489990234376
1653726041,H,Accelerometer,0.0
1653726041,H,Light,1470.0
1653726041,H,IR,0.0
1653726041,H,MIC,3.0
1653726042,G,Temperature,21.95499992370605
1653726042,G,Humidity,37.0629997253418
1653726042,G,Pressure,102241.0
1653726042,G,Gas,517.0159912109375
1653726042,G,Accelerometer,0.0
1653726042,G,Light,371.0
1653726042,G,MIC,3.0
1653726042,G,RSSI,72.0
1653726042,A,Temperature,22.184999465942386
1653726042,A,Humidity,36.24399948120117
1653726042,A,Pressure,102208.0
1653726042,A,Gas,537.708984375
1653726042,A,Accelerometer,0.0
1653726042,A,Light,93.0
1653726042,A,MIC,3.0
1653726042,A,RSSI,91.0
1653726042,H,Temperature,21.785999298095703
1653726042,H,Humidity,35.8849983215332
1653726042,H,Pressure,102237.0
1653726042,H,Gas,947.31298828125
1653726042,H,Accelerometer,0.0
1653726042,H,Light,1473.0
1653726042,H,IR,0.0
1653726042,H,MIC,3.0
1653726045,H,Temperature,21.785999298095703
1653726045,H,Humidity,35.87900161743164
1653726045,H,Pressure,102239.0
1653726045,H,Gas,947.4349975585938
1653726045,H,Accelerometer,0.0
1653726045,H,Light,1471.0
1653726045,H,IR,0.0
1653726045,H,MIC,3.0
1653726046,B,Temperature,21.475000381469727
1653726046,B,Humidity,38.9370002746582
1653726046,B,Pressure,102180.0
1653726046,B,Gas,653.8460083007812
1653726046,B,Accelerometer,0.0
1653726046,B,Light,36.0
1653726046,B,MIC,3.0
1653726046,B,RSSI,71.0
1653726046,C,Temperature,22.274999618530273
1653726046,C,Humidity,35.78300094604492
1653726046,C,Pressure,102239.0
1653726046,C,Gas,508.6369934082031
1653726046,C,Accelerometer,0.0
1653726046,C,Light,2363.0
1653726046,C,MIC,1.0
1653726046,C,RSSI,80.0
1653726048,H,Temperature,21.785999298095703
1653726048,H,Humidity,35.875
1653726048,H,Pressure,102239.0
1653726048,H,Gas,947.6339721679688
1653726048,H,Accelerometer,0.0
1653726048,H,Light,1478.0
1653726048,H,IR,0.0
1653726048,H,MIC,3.0
1653726049,D,Temperature,21.01499938964844
1653726049,D,Humidity,36.99599838256836
1653726049,D,Pressure,102244.0
1653726049,D,Gas,593.5599975585938
1653726049,D,Accelerometer,0.0
1653726049,D,Light,381.0
1653726049,D,MIC,3.0
1653726049,D,RSSI,60.0
1653726050,F,Temperature,21.94499969482422
1653726050,F,Humidity,35.89099884033203
1653726050,F,Pressure,102254.0
1653726050,F,Gas,556.2109985351561
1653726050,F,Accelerometer,0.0
1653726050,F,Light,442.0
1653726050,F,MIC,3.0
1653726050,F,RSSI,83.0
1653726050,E,Temperature,20.45499992370605
1653726050,E,Humidity,38.108001708984375
1653726050,E,Pressure,102219.0
1653726050,E,Gas,594.1160278320312
1653726050,E,Accelerometer,0.0
1653726050,E,Light,778.0
1653726050,E,MIC,3.0
1653726050,E,RSSI,68.0
1653726051,H,Temperature,21.785999298095703
1653726051,H,Humidity,35.87799835205078
1653726051,H,Pressure,102239.0
1653726051,H,Gas,944.9210205078124
1653726051,H,Accelerometer,0.0
1653726051,H,Light,1479.0
1653726051,H,IR,0.0
1653726051,H,MIC,3.0
1653726051,A,Temperature,22.184999465942386
1653726051,A,Humidity,36.249000549316406
1653726051,A,Pressure,102210.0
1653726051,A,Gas,539.3300170898439
1653726051,A,Accelerometer,0.0
1653726051,A,Light,93.0
1653726051,A,MIC,3.0
1653726051,A,RSSI,85.0
1653726052,G,Temperature,21.95499992370605
1653726052,G,Humidity,37.05799865722656
1653726052,G,Pressure,102239.0
1653726052,G,Gas,514.8350219726561
1653726052,G,Accelerometer,0.0
1653726052,G,Light,375.0
1653726052,G,MIC,3.0
1653726052,G,RSSI,70.0
1653726054,H,Temperature,21.775999069213867
1653726054,H,Humidity,35.893001556396484
1653726054,H,Pressure,102239.0
1653726054,H,Gas,946.1610107421876
1653726054,H,Accelerometer,0.0
1653726054,H,Light,1478.0
1653726054,H,IR,0.0
1653726054,H,MIC,3.0
1653726056,B,Temperature,21.48500061035156
1653726056,B,Humidity,38.933998107910156
1653726056,B,Pressure,102180.0
1653726056,B,Gas,655.4019775390625
1653726056,B,Accelerometer,0.0
1653726056,B,Light,37.0
1653726056,B,MIC,3.0
1653726056,B,RSSI,71.0
1653726057,C,Temperature,22.274999618530273
1653726057,C,Humidity,35.81800079345703
1653726057,C,Pressure,102241.0
1653726057,C,Gas,506.8699951171875
1653726057,C,Accelerometer,0.0
1653726057,C,Light,2377.0
1653726057,C,MIC,1.0
1653726057,C,RSSI,80.0
1653726057,H,Temperature,21.766000747680664
1653726057,H,Humidity,35.90999984741211
1653726057,H,Pressure,102241.0
1653726057,H,Gas,936.9730224609376
1653726057,H,Accelerometer,0.0
1653726057,H,Light,1472.0
1653726057,H,IR,0.0
1653726057,H,MIC,3.0
1653726059,D,Temperature,21.024999618530273
1653726059,D,Humidity,36.98699951171875
1653726059,D,Pressure,102246.0
1653726059,D,Gas,594.10498046875
1653726059,D,Accelerometer,0.0
1653726059,D,Light,384.0
1653726059,D,MIC,3.0
1653726059,D,RSSI,60.0
1653726060,H,Temperature,21.756000518798828
1653726060,H,Humidity,35.917999267578125
1653726060,H,Pressure,102239.0
1653726060,H,Gas,933.8060302734376
1653726060,H,Accelerometer,0.0
1653726060,H,Light,1477.0
1653726060,H,IR,0.0
1653726060,H,MIC,3.0
1653726060,E,Temperature,20.45499992370605
1653726060,E,Humidity,38.11199951171875
1653726060,E,Pressure,102221.0
1653726060,E,Gas,588.7659912109375
1653726060,E,Accelerometer,0.0
1653726060,E,Light,777.0
1653726060,E,MIC,3.0
1653726060,E,RSSI,82.0
1653726061,F,Temperature,21.934999465942386
1653726061,F,Humidity,35.90700149536133
1653726061,F,Pressure,102256.0
1653726061,F,Gas,557.6680297851561
1653726061,F,Accelerometer,0.0
1653726061,F,Light,443.0
1653726061,F,MIC,3.0
1653726061,F,RSSI,83.0
1653726062,A,Temperature,22.184999465942386
1653726062,A,Humidity,36.23400115966797
1653726062,A,Pressure,102210.0
1653726062,A,Gas,540.219970703125
1653726062,A,Accelerometer,0.0
1653726062,A,Light,94.0
1653726062,A,MIC,3.0
1653726062,A,RSSI,85.0
1653726062,G,Temperature,21.95499992370605
1653726062,G,Humidity,37.05699920654297
1653726062,G,Pressure,102241.0
1653726062,G,Gas,517.7109985351561
1653726062,G,Accelerometer,0.0
1653726062,G,Light,382.0
1653726062,G,MIC,3.0
1653726062,G,RSSI,70.0
1653726063,H,Temperature,21.756000518798828
1653726063,H,Humidity,35.90700149536133
1653726063,H,Pressure,102241.0
1653726063,H,Gas,924.4349975585938
1653726063,H,Accelerometer,0.0
1653726063,H,Light,1487.0
1653726063,H,IR,0.0
1653726063,H,MIC,3.0
1653726066,B,Temperature,21.48500061035156
1653726066,B,Humidity,38.9379997253418
1653726066,B,Pressure,102182.0
1653726066,B,Gas,654.697998046875
1653726066,B,Accelerometer,0.0
1653726066,B,Light,45.0
1653726066,B,MIC,3.0
1653726066,B,RSSI,71.0
1653726067,H,Temperature,21.746000289916992
1653726067,H,Humidity,35.928001403808594
1653726067,H,Pressure,102237.0
1653726067,H,Gas,925.5029907226562
1653726067,H,Accelerometer,0.0
1653726067,H,Light,1496.0
1653726067,H,IR,0.0
1653726067,H,MIC,3.0
1653726068,C,Temperature,22.274999618530273
1653726068,C,Humidity,35.79899978637695
1653726068,C,Pressure,102239.0
1653726068,C,Gas,511.79400634765625
1653726068,C,Accelerometer,0.0
1653726068,C,Light,2388.0
1653726068,C,MIC,1.0
1653726068,C,RSSI,80.0
1653726069,H,Temperature,21.756000518798828
1653726069,H,Humidity,35.9119987487793
1653726069,H,Pressure,102239.0
1653726069,H,Gas,933.541015625
1653726069,H,Accelerometer,0.0
1653726069,H,Light,1508.0
1653726069,H,IR,0.0
1653726069,H,MIC,3.0
1653726069,D,Temperature,21.024999618530273
1653726069,D,Humidity,36.9900016784668
1653726069,D,Pressure,102248.0
1653726069,D,Gas,592.530029296875
1653726069,D,Accelerometer,0.0
1653726069,D,Light,393.0
1653726069,D,MIC,3.0
1653726069,D,RSSI,60.0
1653726070,F,Temperature,21.94499969482422
1653726070,F,Humidity,35.891998291015625
1653726070,F,Pressure,102256.0
1653726070,F,Gas,557.2009887695311
1653726070,F,Accelerometer,0.0
1653726070,F,Light,447.0
1653726070,F,MIC,3.0
1653726070,F,RSSI,83.0
1653726070,E,Temperature,20.44499969482422
1653726070,E,Humidity,38.104000091552734
1653726070,E,Pressure,102223.0
1653726070,E,Gas,587.0009765625
1653726070,E,Accelerometer,0.0
1653726070,E,Light,792.0
1653726070,E,MIC,3.0
1653726070,E,RSSI,82.0
1653726073,G,Temperature,21.95499992370605
1653726073,G,Humidity,37.05099868774414
1653726073,G,Pressure,102239.0
1653726073,G,Gas,521.6099853515625
1653726073,G,Accelerometer,0.0
1653726073,G,Light,466.0
1653726073,G,MIC,3.0
1653726073,G,RSSI,70.0
1653726073,A,Temperature,22.165000915527344
1653726073,A,Humidity,36.277000427246094
1653726073,A,Pressure,102212.0
1653726073,A,Gas,538.1630249023439
1653726073,A,Accelerometer,0.0
1653726073,A,Light,104.0
1653726073,A,MIC,3.0
1653726073,A,RSSI,85.0
1653726073,H,Temperature,21.766000747680664
1653726073,H,Humidity,35.91600036621094
1653726073,H,Pressure,102241.0
1653726073,H,Gas,936.031982421875
1653726073,H,Accelerometer,0.0
1653726073,H,Light,1505.0
1653726073,H,IR,0.0
1653726073,H,MIC,3.0
1653726076,H,Temperature,21.766000747680664
1653726076,H,Humidity,35.92300033569336
1653726076,H,Pressure,102241.0
1653726076,H,Gas,933.3690185546876
1653726076,H,Accelerometer,0.0
1653726076,H,Light,1508.0
1653726076,H,IR,0.0
1653726076,H,MIC,3.0
1653726076,B,Temperature,21.475000381469727
1653726076,B,Humidity,38.9370002746582
1653726076,B,Pressure,102182.0
1653726076,B,Gas,654.89697265625
1653726076,B,Accelerometer,0.0
1653726076,B,Light,51.0
1653726076,B,MIC,3.0
1653726076,B,RSSI,65.0
1653726076,C,Temperature,22.26499938964844
1653726076,C,Humidity,35.80199813842773
1653726076,C,Pressure,102239.0
1653726076,C,Gas,506.9450073242188
1653726076,C,Accelerometer,0.0
1653726076,C,Light,2470.0
1653726076,C,MIC,1.0
1653726076,C,RSSI,80.0
1653726079,H,Temperature,21.766000747680664
1653726079,H,Humidity,35.94599914550781
1653726079,H,Pressure,102241.0
1653726079,H,Gas,931.4539794921876
1653726079,H,Accelerometer,0.0
1653726079,H,Light,1579.0
1653726079,H,IR,0.0
1653726079,H,MIC,3.0
1653726079,D,Temperature,21.024999618530273
1653726079,D,Humidity,36.96699905395508
1653726079,D,Pressure,102248.0
1653726079,D,Gas,593.18798828125
1653726079,D,Accelerometer,0.0
1653726079,D,Light,448.0
1653726079,D,MIC,3.0
1653726079,D,RSSI,60.0
1653726080,F,Temperature,21.94499969482422
1653726080,F,Humidity,35.91600036621094
1653726080,F,Pressure,102258.0
1653726080,F,Gas,556.4169921875
1653726080,F,Accelerometer,0.0
1653726080,F,Light,481.0
1653726080,F,MIC,3.0
1653726080,F,RSSI,83.0
1653726080,E,Temperature,20.45499992370605
1653726080,E,Humidity,38.11399841308594
1653726080,E,Pressure,102221.0
1653726080,E,Gas,586.4459838867188
1653726080,E,Accelerometer,0.0
1653726080,E,Light,899.0
1653726080,E,MIC,3.0
1653726080,E,RSSI,82.0
1653726082,G,Temperature,21.95499992370605
1653726082,G,Humidity,37.06700134277344
1653726082,G,Pressure,102241.0
1653726082,G,Gas,519.77001953125
1653726082,G,Accelerometer,0.0
1653726082,G,Light,677.0
1653726082,G,MIC,3.0
1653726082,G,RSSI,70.0
1653726082,H,Temperature,21.766000747680664
1653726082,H,Humidity,35.928001403808594
1653726082,H,Pressure,102239.0
1653726082,H,Gas,938.9710083007812
1653726082,H,Accelerometer,0.0
1653726082,H,Light,1683.0
1653726082,H,IR,0.0
1653726082,H,MIC,3.0
1653726082,A,Temperature,22.174999237060547
1653726082,A,Humidity,36.22999954223633
1653726082,A,Pressure,102210.0
1653726082,A,Gas,534.7329711914061
1653726082,A,Accelerometer,0.0
1653726082,A,Light,131.0
1653726082,A,MIC,3.0
1653726082,A,RSSI,85.0
1653726084,H,Temperature,21.766000747680664
1653726084,H,Humidity,35.933998107910156
1653726084,H,Pressure,102239.0
1653726084,H,Gas,939.7680053710938
1653726084,H,Accelerometer,0.0
1653726084,H,Light,1612.0
1653726084,H,IR,0.0
1653726084,H,MIC,3.0
1653726086,B,Temperature,21.48500061035156
1653726086,B,Humidity,38.9010009765625
1653726086,B,Pressure,102182.0
1653726086,B,Gas,657.7730102539062
1653726086,B,Accelerometer,0.0
1653726086,B,Light,96.0
1653726086,B,MIC,3.0
1653726086,B,RSSI,65.0
1653726086,C,Temperature,22.2549991607666
1653726086,C,Humidity,35.832000732421875
1653726086,C,Pressure,102241.0
1653726086,C,Gas,508.1059875488281
1653726086,C,Accelerometer,0.0
1653726086,C,Light,2616.0
1653726086,C,MIC,1.0
1653726086,C,RSSI,80.0
1653726088,H,Temperature,21.766000747680664
1653726088,H,Humidity,35.89899826049805
1653726088,H,Pressure,102241.0
1653726088,H,Gas,943.4099731445312
1653726088,H,Accelerometer,0.0
1653726088,H,Light,1539.0
1653726088,H,IR,0.0
1653726088,H,MIC,3.0
1653726089,D,Temperature,21.024999618530273
1653726089,D,Humidity,36.97000122070313
1653726089,D,Pressure,102246.0
1653726089,D,Gas,586.0029907226562
1653726089,D,Accelerometer,0.0
1653726089,D,Light,505.0
1653726089,D,MIC,3.0
1653726089,D,RSSI,60.0
1653726090,E,Temperature,20.45499992370605
1653726090,E,Humidity,38.11000061035156
1653726090,E,Pressure,102221.0
1653726090,E,Gas,591.5609741210938
1653726090,E,Accelerometer,0.0
1653726090,E,Light,974.0
1653726090,E,MIC,3.0
1653726090,E,RSSI,82.0
1653726091,F,Temperature,21.94499969482422
1653726091,F,Humidity,35.89400100708008
1653726091,F,Pressure,102258.0
1653726091,F,Gas,554.4199829101561
1653726091,F,Accelerometer,0.0
1653726091,F,Light,543.0
1653726091,F,MIC,3.0
1653726091,F,RSSI,78.0
1653726092,A,Temperature,22.184999465942386
1653726092,A,Humidity,36.24700164794922
1653726092,A,Pressure,102210.0
1653726092,A,Gas,536.8060302734375
1653726092,A,Accelerometer,0.0
1653726092,A,Light,127.0
1653726092,A,MIC,3.0
1653726092,A,RSSI,85.0
1653726094,H,Temperature,21.766000747680664
1653726094,H,Humidity,35.89400100708008
1653726094,H,Pressure,102239.0
1653726094,H,Gas,931.3599853515624
1653726094,H,Accelerometer,0.0
1653726094,H,Light,1556.0
1653726094,H,IR,0.0
1653726094,H,MIC,3.0
1653726094,G,Temperature,21.96500015258789
1653726094,G,Humidity,37.060001373291016
1653726094,G,Pressure,102243.0
1653726094,G,Gas,518.176025390625
1653726094,G,Accelerometer,0.0
1653726094,G,Light,546.0
1653726094,G,MIC,3.0
1653726094,G,RSSI,70.0
1653726094,H,Temperature,21.766000747680664
1653726094,H,Humidity,35.888999938964844
1653726094,H,Pressure,102241.0
1653726094,H,Gas,923.1389770507812
1653726094,H,Accelerometer,0.0
1653726094,H,Light,1612.0
1653726094,H,IR,0.0
1653726094,H,MIC,3.0
1653726096,B,Temperature,21.48500061035156
1653726096,B,Humidity,38.91600036621094
1653726096,B,Pressure,102182.0
1653726096,B,Gas,654.843994140625
1653726096,B,Accelerometer,0.0
1653726096,B,Light,107.0
1653726096,B,MIC,3.0
1653726096,B,RSSI,65.0
1653726096,C,Temperature,22.2549991607666
1653726096,C,Humidity,35.79499816894531
1653726096,C,Pressure,102237.0
1653726096,C,Gas,504.4429931640625
1653726096,C,Accelerometer,0.0
1653726096,C,Light,2596.0
1653726096,C,MIC,1.0
1653726096,C,RSSI,80.0
1653726097,H,Temperature,21.756000518798828
1653726097,H,Humidity,35.91600036621094
1653726097,H,Pressure,102239.0
1653726097,H,Gas,930.7730102539062
1653726097,H,Accelerometer,0.0
1653726097,H,Light,1675.0
1653726097,H,IR,0.0
1653726097,H,MIC,3.0
1653726099,D,Temperature,21.024999618530273
1653726099,D,Humidity,36.97700119018555
1653726099,D,Pressure,102248.0
1653726099,D,Gas,588.0640258789062
1653726099,D,Accelerometer,0.0
1653726099,D,Light,504.0
1653726099,D,MIC,3.0
1653726099,D,RSSI,60.0
1653726100,H,Temperature,21.756000518798828
1653726100,H,Humidity,35.9119987487793
1653726100,H,Pressure,102237.0
1653726100,H,Gas,919.97900390625
1653726100,H,Accelerometer,0.0
1653726100,H,Light,1691.0
1653726100,H,IR,0.0
1653726100,H,MIC,3.0
1653726100,F,Temperature,21.94499969482422
1653726100,F,Humidity,35.9010009765625
1653726100,F,Pressure,102254.0
1653726100,F,Gas,554.552978515625
1653726100,F,Accelerometer,0.0
1653726100,F,Light,515.0
1653726100,F,MIC,3.0
1653726100,F,RSSI,78.0
1653726100,E,Temperature,20.44499969482422
1653726100,E,Humidity,38.11399841308594
1653726100,E,Pressure,102223.0
1653726100,E,Gas,591.7440185546875
1653726100,E,Accelerometer,0.0
1653726100,E,Light,984.0
1653726100,E,MIC,3.0
1653726100,E,RSSI,82.0
1653726101,A,Temperature,22.184999465942386
1653726101,A,Humidity,36.19300079345703
1653726101,A,Pressure,102212.0
1653726101,A,Gas,532.7780151367189
1653726101,A,Accelerometer,0.0
1653726101,A,Light,143.0
1653726101,A,MIC,3.0
1653726101,A,RSSI,81.0
1653726102,G,Temperature,21.96500015258789
1653726102,G,Humidity,37.060001373291016
1653726102,G,Pressure,102241.0
1653726102,G,Gas,518.3880004882811
1653726102,G,Accelerometer,0.0
1653726102,G,Light,706.0
1653726102,G,MIC,3.0
1653726102,G,RSSI,72.0
1653726103,H,Temperature,21.746000289916992
1653726103,H,Humidity,35.90399932861328
1653726103,H,Pressure,102239.0
1653726103,H,Gas,926.0289916992188
1653726103,H,Accelerometer,0.0
1653726103,H,Light,1721.0
1653726103,H,IR,0.0
1653726103,H,MIC,3.0
1653726106,H,Temperature,21.756000518798828
1653726106,H,Humidity,35.89699935913086
1653726106,H,Pressure,102241.0
1653726106,H,Gas,913.97802734375
1653726106,H,Accelerometer,0.0
1653726106,H,Light,1735.0
1653726106,H,IR,0.0
1653726106,H,MIC,3.0
1653726106,C,Temperature,22.2549991607666
1653726106,C,Humidity,35.80500030517578
1653726106,C,Pressure,102241.0
1653726106,C,Gas,500.82501220703125
1653726106,C,Accelerometer,0.0
1653726106,C,Light,2804.0
1653726106,C,MIC,1.0
1653726106,C,RSSI,80.0
1653726107,B,Temperature,21.48500061035156
1653726107,B,Humidity,38.948001861572266
1653726107,B,Pressure,102182.0
1653726107,B,Gas,653.77197265625
1653726107,B,Accelerometer,0.0
1653726107,B,Light,137.0
1653726107,B,MIC,3.0
1653726107,B,RSSI,65.0
1653726109,H,Temperature,21.746000289916992
1653726109,H,Humidity,35.902000427246094
1653726109,H,Pressure,102239.0
1653726109,H,Gas,907.3800048828124
1653726109,H,Accelerometer,0.0
1653726109,H,Light,1783.0
1653726109,H,IR,0.0
1653726109,H,MIC,3.0
1653726109,D,Temperature,21.024999618530273
1653726109,D,Humidity,36.96900177001953
1653726109,D,Pressure,102246.0
1653726109,D,Gas,590.4959716796875
1653726109,D,Accelerometer,0.0
1653726109,D,Light,530.0
1653726109,D,MIC,3.0
1653726109,D,RSSI,67.0
1653726110,F,Temperature,21.95499992370605
1653726110,F,Humidity,35.89899826049805
1653726110,F,Pressure,102262.0
1653726110,F,Gas,557.2540283203125
1653726110,F,Accelerometer,0.0
1653726110,F,Light,585.0
1653726110,F,MIC,3.0
1653726110,F,RSSI,78.0
1653726110,E,Temperature,20.44499969482422
1653726110,E,Humidity,38.108001708984375
1653726110,E,Pressure,102223.0
1653726110,E,Gas,591.2589721679688
1653726110,E,Accelerometer,0.0
1653726110,E,Light,1017.0
1653726110,E,MIC,3.0
1653726110,E,RSSI,82.0
1653726112,A,Temperature,22.184999465942386
1653726112,A,Humidity,36.17699813842773
1653726112,A,Pressure,102210.0
1653726112,A,Gas,533.5579833984375
1653726112,A,Accelerometer,0.0
1653726112,A,Light,146.0
1653726112,A,MIC,3.0
1653726112,A,RSSI,81.0
1653726112,H,Temperature,21.756000518798828
1653726112,H,Humidity,35.88100051879883
1653726112,H,Pressure,102239.0
1653726112,H,Gas,907.2529907226562
1653726112,H,Accelerometer,0.0
1653726112,H,Light,1737.0
1653726112,H,IR,0.0
1653726112,H,MIC,3.0
1653726113,G,Temperature,21.96500015258789
1653726113,G,Humidity,37.0620002746582
1653726113,G,Pressure,102241.0
1653726113,G,Gas,520.5029907226561
1653726113,G,Accelerometer,0.0
1653726113,G,Light,685.0
1653726113,G,MIC,3.0
1653726113,G,RSSI,72.0
1653726115,H,Temperature,21.746000289916992
1653726115,H,Humidity,35.893001556396484
1653726115,H,Pressure,102241.0
1653726115,H,Gas,911.7750244140624
1653726115,H,Accelerometer,0.0
1653726115,H,Light,1761.0
1653726115,H,IR,0.0
1653726115,H,MIC,3.0
1653726116,B,Temperature,21.48500061035156
1653726116,B,Humidity,38.95399856567383
1653726116,B,Pressure,102182.0
1653726116,B,Gas,654.051025390625
1653726116,B,Accelerometer,0.0
1653726116,B,Light,145.0
1653726116,B,MIC,3.0
1653726116,B,RSSI,65.0
1653726116,C,Temperature,22.2450008392334
1653726116,C,Humidity,35.79600143432617
1653726116,C,Pressure,102237.0
1653726116,C,Gas,500.0
1653726116,C,Accelerometer,0.0
1653726116,C,Light,2862.0
1653726116,C,MIC,1.0
1653726116,C,RSSI,80.0
1653726118,H,Temperature,21.73600006103516
1653726118,H,Humidity,35.917999267578125
1653726118,H,Pressure,102241.0
1653726118,H,Gas,910.6240234375
1653726118,H,Accelerometer,0.0
1653726118,H,Light,1791.0
1653726118,H,IR,0.0
1653726118,H,MIC,3.0
1653726119,D,Temperature,21.024999618530273
1653726119,D,Humidity,36.96200180053711
1653726119,D,Pressure,102246.0
1653726119,D,Gas,589.4639892578125
1653726119,D,Accelerometer,0.0
1653726119,D,Light,500.0
1653726119,D,MIC,3.0
1653726119,D,RSSI,67.0
1653726120,E,Temperature,20.44499969482422
1653726120,E,Humidity,38.10499954223633
1653726120,E,Pressure,102221.0
1653726120,E,Gas,588.2239990234375
1653726120,E,Accelerometer,0.0
1653726120,E,Light,1005.0
1653726120,E,MIC,3.0
1653726120,E,RSSI,82.0
1653726120,F,Temperature,21.94499969482422
1653726120,F,Humidity,35.90900039672852
1653726120,F,Pressure,102256.0
1653726120,F,Gas,558.4140014648439
1653726120,F,Accelerometer,0.0
1653726120,F,Light,572.0
1653726120,F,MIC,3.0
1653726120,F,RSSI,78.0
1653726121,H,Temperature,21.746000289916992
1653726121,H,Humidity,35.89400100708008
1653726121,H,Pressure,102239.0
1653726121,H,Gas,918.6500244140624
1653726121,H,Accelerometer,0.0
1653726121,H,Light,1781.0
1653726121,H,IR,0.0
1653726121,H,MIC,3.0
1653726122,G,Temperature,21.975000381469727
1653726122,G,Humidity,37.02899932861328
1653726122,G,Pressure,102241.0
1653726122,G,Gas,517.5159912109375
1653726122,G,Accelerometer,0.0
1653726122,G,Light,607.0
1653726122,G,MIC,3.0
1653726122,G,RSSI,72.0
1653726122,A,Temperature,22.184999465942386
1653726122,A,Humidity,36.19900131225586
1653726122,A,Pressure,102210.0
1653726122,A,Gas,534.4990234375
1653726122,A,Accelerometer,0.0
1653726122,A,Light,136.0
1653726122,A,MIC,3.0
1653726122,A,RSSI,81.0
1653726124,H,Temperature,21.73600006103516
1653726124,H,Humidity,35.915000915527344
1653726124,H,Pressure,102241.0
1653726124,H,Gas,914.0560302734376
1653726124,H,Accelerometer,0.0
1653726124,H,Light,1746.0
1653726124,H,IR,0.0
1653726124,H,MIC,3.0
1653726126,B,Temperature,21.48500061035156
1653726126,B,Humidity,38.91299819946289
1653726126,B,Pressure,102182.0
1653726126,B,Gas,652.8690185546875
1653726126,B,Accelerometer,0.0
1653726126,B,Light,145.0
1653726126,B,MIC,3.0
1653726126,B,RSSI,72.0
1653726126,C,Temperature,22.23500061035156
1653726126,C,Humidity,35.82500076293945
1653726126,C,Pressure,102239.0
1653726126,C,Gas,506.260986328125
1653726126,C,Accelerometer,0.0
1653726126,C,Light,2887.0
1653726126,C,MIC,1.0
1653726126,C,RSSI,80.0
1653726127,H,Temperature,21.746000289916992
1653726127,H,Humidity,35.89400100708008
1653726127,H,Pressure,102239.0
1653726127,H,Gas,915.2960205078124
1653726127,H,Accelerometer,0.0
1653726127,H,Light,1727.0
1653726127,H,IR,0.0
1653726127,H,MIC,3.0
1653726129,D,Temperature,21.024999618530273
1653726129,D,Humidity,36.94400024414063
1653726129,D,Pressure,102244.0
1653726129,D,Gas,582.7369995117188
1653726129,D,Accelerometer,0.0
1653726129,D,Light,495.0
1653726129,D,MIC,3.0
1653726129,D,RSSI,67.0
1653726130,H,Temperature,21.73600006103516
1653726130,H,Humidity,35.90999984741211
1653726130,H,Pressure,102241.0
1653726130,H,Gas,916.3090209960938
1653726130,H,Accelerometer,0.0
1653726130,H,Light,1548.0
1653726130,H,IR,0.0
1653726130,H,MIC,3.0
1653726130,E,Temperature,20.45499992370605
1653726130,E,Humidity,38.09199905395508
1653726130,E,Pressure,102221.0
1653726130,E,Gas,586.8179931640625
1653726130,E,Accelerometer,0.0
1653726130,E,Light,950.0
1653726130,E,MIC,3.0
1653726130,E,RSSI,82.0
1653726131,F,Temperature,21.94499969482422
1653726131,F,Humidity,35.875999450683594
1653726131,F,Pressure,102254.0
1653726131,F,Gas,558.1019897460939
1653726131,F,Accelerometer,0.0
1653726131,F,Light,565.0
1653726131,F,MIC,3.0
1653726131,F,RSSI,78.0
1653726132,A,Temperature,22.184999465942386
1653726132,A,Humidity,36.18999862670898
1653726132,A,Pressure,102208.0
1653726132,A,Gas,533.1409912109375
1653726132,A,Accelerometer,0.0
1653726132,A,Light,120.0
1653726132,A,MIC,3.0
1653726132,A,RSSI,81.0
1653726132,G,Temperature,21.96500015258789
1653726132,G,Humidity,37.04700088500977
1653726132,G,Pressure,102239.0
1653726132,G,Gas,512.1749877929689
1653726132,G,Accelerometer,0.0
1653726132,G,Light,510.0
1653726132,G,MIC,3.0
1653726132,G,RSSI,72.0
1653726133,H,Temperature,21.746000289916992
1653726133,H,Humidity,35.900001525878906
1653726133,H,Pressure,102239.0
1653726133,H,Gas,911.0609741210938
1653726133,H,Accelerometer,0.0
1653726133,H,Light,1492.0
1653726133,H,IR,0.0
1653726133,H,MIC,3.0
1653726136,B,Temperature,21.48500061035156
1653726136,B,Humidity,38.89500045776367
1653726136,B,Pressure,102180.0
1653726136,B,Gas,655.0150146484375
1653726136,B,Accelerometer,0.0
1653726136,B,Light,42.0
1653726136,B,MIC,3.0
1653726136,B,RSSI,72.0
1653726136,H,Temperature,21.746000289916992
1653726136,H,Humidity,35.91400146484375
1653726136,H,Pressure,102239.0
1653726136,H,Gas,910.3690185546876
1653726136,H,Accelerometer,0.0
1653726136,H,Light,1481.0
1653726136,H,IR,0.0
1653726136,H,MIC,3.0
1653726137,C,Temperature,22.23500061035156
1653726137,C,Humidity,35.803001403808594
1653726137,C,Pressure,102239.0
1653726137,C,Gas,506.2439880371094
1653726137,C,Accelerometer,0.0
1653726137,C,Light,2791.0
1653726137,C,MIC,1.0
1653726137,C,RSSI,76.0
1653726139,H,Temperature,21.746000289916992
1653726139,H,Humidity,35.91400146484375
1653726139,H,Pressure,102241.0
1653726139,H,Gas,905.4979858398438
1653726139,H,Accelerometer,0.0
1653726139,H,Light,1475.0
1653726139,H,IR,0.0
1653726139,H,MIC,3.0
1653726139,D,Temperature,21.03499984741211
1653726139,D,Humidity,36.92100143432617
1653726139,D,Pressure,102246.0
1653726139,D,Gas,580.875
1653726139,D,Accelerometer,0.0
1653726139,D,Light,437.0
1653726139,D,MIC,3.0
1653726139,D,RSSI,67.0
1653726140,F,Temperature,21.95499992370605
1653726140,F,Humidity,35.88100051879883
1653726140,F,Pressure,102260.0
1653726140,F,Gas,557.7789916992189
1653726140,F,Accelerometer,0.0
1653726140,F,Light,466.0
1653726140,F,MIC,3.0
1653726140,F,RSSI,79.0
1653726141,E,Temperature,20.45499992370605
1653726141,E,Humidity,38.08000183105469
1653726141,E,Pressure,102221.0
1653726141,E,Gas,584.3930053710938
1653726141,E,Accelerometer,0.0
1653726141,E,Light,859.0
1653726141,E,MIC,3.0
1653726141,E,RSSI,82.0
1653726142,G,Temperature,21.975000381469727
1653726142,G,Humidity,37.03099822998047
1653726142,G,Pressure,102239.0
1653726142,G,Gas,512.8419799804689
1653726142,G,Accelerometer,0.0
1653726142,G,Light,410.0
1653726142,G,MIC,3.0
1653726142,G,RSSI,72.0
1653726142,A,Temperature,22.184999465942386
1653726142,A,Humidity,36.20700073242188
1653726142,A,Pressure,102210.0
1653726142,A,Gas,532.3469848632811
1653726142,A,Accelerometer,0.0
1653726142,A,Light,100.0
1653726142,A,MIC,3.0
1653726142,A,RSSI,81.0
1653726142,H,Temperature,21.746000289916992
1653726142,H,Humidity,35.902000427246094
1653726142,H,Pressure,102239.0
1653726142,H,Gas,902.2210083007812
1653726142,H,Accelerometer,0.0
1653726142,H,Light,1475.0
1653726142,H,IR,0.0
1653726142,H,MIC,3.0
1653726145,H,Temperature,21.756000518798828
1653726145,H,Humidity,35.90299987792969
1653726145,H,Pressure,102237.0
1653726145,H,Gas,908.6480102539062
1653726145,H,Accelerometer,0.0
1653726145,H,Light,1472.0
1653726145,H,IR,0.0
1653726145,H,MIC,3.0
1653726146,B,Temperature,21.48500061035156
1653726146,B,Humidity,38.88899993896485
1653726146,B,Pressure,102182.0
1653726146,B,Gas,658.2869873046875
1653726146,B,Accelerometer,0.0
1653726146,B,Light,38.0
1653726146,B,MIC,3.0
1653726146,B,RSSI,72.0
1653726146,C,Temperature,22.23500061035156
1653726146,C,Humidity,35.81800079345703
1653726146,C,Pressure,102239.0
1653726146,C,Gas,505.3689880371094
1653726146,C,Accelerometer,0.0
1653726146,C,Light,2711.0
1653726146,C,MIC,1.0
1653726146,C,RSSI,76.0
1653726148,H,Temperature,21.756000518798828
1653726148,H,Humidity,35.89500045776367
1653726148,H,Pressure,102239.0
1653726148,H,Gas,902.81298828125
1653726148,H,Accelerometer,0.0
1653726148,H,Light,1470.0
1653726148,H,IR,0.0
1653726148,H,MIC,3.0
1653726149,D,Temperature,21.03499984741211
1653726149,D,Humidity,36.9379997253418
1653726149,D,Pressure,102248.0
1653726149,D,Gas,589.6279907226562
1653726149,D,Accelerometer,0.0
1653726149,D,Light,409.0
1653726149,D,MIC,3.0
1653726149,D,RSSI,67.0
1653726150,E,Temperature,20.44499969482422
1653726150,E,Humidity,38.09500122070313
1653726150,E,Pressure,102221.0
1653726150,E,Gas,581.7340087890625
1653726150,E,Accelerometer,0.0
1653726150,E,Light,825.0
1653726150,E,MIC,3.0
1653726150,E,RSSI,82.0
1653726150,F,Temperature,21.94499969482422
1653726150,F,Humidity,35.87900161743164
1653726150,F,Pressure,102254.0
1653726150,F,Gas,556.343994140625
1653726150,F,Accelerometer,0.0
1653726150,F,Light,458.0
1653726150,F,MIC,3.0
1653726150,F,RSSI,79.0
1653726151,H,Temperature,21.756000518798828
1653726151,H,Humidity,35.887001037597656
1653726151,H,Pressure,102239.0
1653726151,H,Gas,900.3170166015625
1653726151,H,Accelerometer,0.0
1653726151,H,Light,1470.0
1653726151,H,IR,0.0
1653726151,H,MIC,3.0
1653726152,G,Temperature,21.975000381469727
1653726152,G,Humidity,37.012001037597656
1653726152,G,Pressure,102239.0
1653726152,G,Gas,510.9819946289063
1653726152,G,Accelerometer,0.0
1653726152,G,Light,404.0
1653726152,G,MIC,3.0
1653726152,G,RSSI,73.0
1653726152,A,Temperature,22.174999237060547
1653726152,A,Humidity,36.20299911499024
1653726152,A,Pressure,102210.0
1653726152,A,Gas,532.0650024414061
1653726152,A,Accelerometer,0.0
1653726152,A,Light,98.0
1653726152,A,MIC,3.0
1653726152,A,RSSI,82.0
1653726154,H,Temperature,21.756000518798828
1653726154,H,Humidity,35.90599822998047
1653726154,H,Pressure,102241.0
1653726154,H,Gas,897.051025390625
1653726154,H,Accelerometer,0.0
1653726154,H,Light,1469.0
1653726154,H,IR,0.0
1653726154,H,MIC,3.0
1653726156,B,Temperature,21.475000381469727
1653726156,B,Humidity,38.89799880981445
1653726156,B,Pressure,102180.0
1653726156,B,Gas,653.0819702148438
1653726156,B,Accelerometer,0.0
1653726156,B,Light,36.0
1653726156,B,MIC,3.0
1653726156,B,RSSI,72.0
1653726156,C,Temperature,22.23500061035156
1653726156,C,Humidity,35.819000244140625
1653726156,C,Pressure,102241.0
1653726156,C,Gas,506.93701171875
1653726156,C,Accelerometer,0.0
1653726156,C,Light,2693.0
1653726156,C,MIC,1.0
1653726156,C,RSSI,76.0
1653726159,H,Temperature,21.756000518798828
1653726159,H,Humidity,35.880001068115234
1653726159,H,Pressure,102237.0
1653726159,H,Gas,894.9359741210938
1653726159,H,Accelerometer,0.0
1653726159,H,Light,1466.0
1653726159,H,IR,0.0
1653726159,H,MIC,3.0
1653726159,D,Temperature,21.024999618530273
1653726159,D,Humidity,36.95700073242188
1653726159,D,Pressure,102246.0
1653726159,D,Gas,582.135009765625
1653726159,D,Accelerometer,0.0
1653726159,D,Light,402.0
1653726159,D,MIC,3.0
1653726159,D,RSSI,61.0
1653726160,H,Temperature,21.756000518798828
1653726160,H,Humidity,35.893001556396484
1653726160,H,Pressure,102239.0
1653726160,H,Gas,880.1010131835938
1653726160,H,Accelerometer,0.0
1653726160,H,Light,1467.0
1653726160,H,IR,0.0
1653726160,H,MIC,3.0
1653726160,E,Temperature,20.45499992370605
1653726160,E,Humidity,38.099998474121094
1653726160,E,Pressure,102221.0
1653726160,E,Gas,580.4429931640625
1653726160,E,Accelerometer,0.0
1653726160,E,Light,815.0
1653726160,E,MIC,3.0
1653726160,E,RSSI,77.0
1653726161,F,Temperature,21.934999465942386
1653726161,F,Humidity,35.89099884033203
1653726161,F,Pressure,102256.0
1653726161,F,Gas,558.5780029296875
1653726161,F,Accelerometer,0.0
1653726161,F,Light,455.0
1653726161,F,MIC,3.0
1653726161,F,RSSI,79.0
1653726162,G,Temperature,21.96500015258789
1653726162,G,Humidity,37.03200149536133
1653726162,G,Pressure,102239.0
1653726162,G,Gas,510.156005859375
1653726162,G,Accelerometer,0.0
1653726162,G,Light,401.0
1653726162,G,MIC,3.0
1653726162,G,RSSI,73.0
1653726162,A,Temperature,22.174999237060547
1653726162,A,Humidity,36.1510009765625
1653726162,A,Pressure,102208.0
1653726162,A,Gas,528.6019897460939
1653726162,A,Accelerometer,0.0
1653726162,A,Light,97.0
1653726162,A,MIC,3.0
1653726162,A,RSSI,82.0
1653726163,H,Temperature,21.756000518798828
1653726163,H,Humidity,35.88800048828125
1653726163,H,Pressure,102237.0
1653726163,H,Gas,875.8670043945312
1653726163,H,Accelerometer,0.0
1653726163,H,Light,1466.0
1653726163,H,IR,0.0
1653726163,H,MIC,3.0
1653726166,B,Temperature,21.475000381469727
1653726166,B,Humidity,38.90399932861328
1653726166,B,Pressure,102182.0
1653726166,B,Gas,654.9769897460938
1653726166,B,Accelerometer,0.0
1653726166,B,Light,35.0
1653726166,B,MIC,3.0
1653726166,B,RSSI,72.0
1653726166,H,Temperature,21.766000747680664
1653726166,H,Humidity,35.862998962402344
1653726166,H,Pressure,102239.0
1653726166,H,Gas,886.2069702148438
1653726166,H,Accelerometer,0.0
1653726166,H,Light,1464.0
1653726166,H,IR,0.0
1653726166,H,MIC,3.0
1653726167,C,Temperature,22.23500061035156
1653726167,C,Humidity,35.82400131225586
1653726167,C,Pressure,102239.0
1653726167,C,Gas,509.3590087890625
1653726167,C,Accelerometer,0.0
1653726167,C,Light,2700.0
1653726167,C,MIC,1.0
1653726167,C,RSSI,76.0
1653726170,D,Temperature,21.024999618530273
1653726170,D,Humidity,36.95299911499024
1653726170,D,Pressure,102244.0
1653726170,D,Gas,580.7620239257812
1653726170,D,Accelerometer,0.0
1653726170,D,Light,401.0
1653726170,D,MIC,3.0
1653726170,D,RSSI,61.0
1653726170,H,Temperature,21.766000747680664
1653726170,H,Humidity,35.882999420166016
1653726170,H,Pressure,102239.0
1653726170,H,Gas,888.8359985351562
1653726170,H,Accelerometer,0.0
1653726170,H,Light,1470.0
1653726170,H,IR,0.0
1653726170,H,MIC,3.0
1653726170,F,Temperature,21.94499969482422
1653726170,F,Humidity,35.88999938964844
1653726170,F,Pressure,102254.0
1653726170,F,Gas,555.8300170898439
1653726170,F,Accelerometer,0.0
1653726170,F,Light,453.0
1653726170,F,MIC,3.0
1653726170,F,RSSI,79.0
1653726170,E,Temperature,20.45499992370605
1653726170,E,Humidity,38.09099960327149
1653726170,E,Pressure,102219.0
1653726170,E,Gas,583.0980224609375
1653726170,E,Accelerometer,0.0
1653726170,E,Light,814.0
1653726170,E,MIC,3.0
1653726170,E,RSSI,77.0
1653726175,G,Temperature,21.96500015258789
1653726175,G,Humidity,37.04800033569336
1653726175,G,Pressure,102241.0
1653726175,G,Gas,511.9649963378906
1653726175,G,Accelerometer,0.0
1653726175,G,Light,399.0
1653726175,G,MIC,3.0
1653726175,G,RSSI,73.0
1653726175,H,Temperature,21.775999069213867
1653726175,H,Humidity,35.8650016784668
1653726175,H,Pressure,102235.0
1653726175,H,Gas,889.0800170898438
1653726175,H,Accelerometer,0.0
1653726175,H,Light,1467.0
1653726175,H,IR,0.0
1653726175,H,MIC,3.0
1653726176,H,Temperature,21.775999069213867
1653726176,H,Humidity,35.87099838256836
1653726176,H,Pressure,102239.0
1653726176,H,Gas,880.322998046875
1653726176,H,Accelerometer,0.0
1653726176,H,Light,1464.0
1653726176,H,IR,0.0
1653726176,H,MIC,3.0
1653726176,B,Temperature,21.48500061035156
1653726176,B,Humidity,38.900001525878906
1653726176,B,Pressure,102182.0
1653726176,B,Gas,650.5330200195312
1653726176,B,Accelerometer,0.0
1653726176,B,Light,35.0
1653726176,B,MIC,3.0
1653726176,B,RSSI,66.0
1653726176,A,Temperature,22.184999465942386
1653726176,A,Humidity,36.12699890136719
1653726176,A,Pressure,102210.0
1653726176,A,Gas,524.406982421875
1653726176,A,Accelerometer,0.0
1653726176,A,Light,97.0
1653726176,A,MIC,3.0
1653726176,A,RSSI,82.0
1653726177,C,Temperature,22.2450008392334
1653726177,C,Humidity,35.81700134277344
1653726177,C,Pressure,102237.0
1653726177,C,Gas,511.2590026855469
1653726177,C,Accelerometer,0.0
1653726177,C,Light,2755.0
1653726177,C,MIC,1.0
1653726177,C,RSSI,76.0
1653726179,H,Temperature,21.785999298095703
1653726179,H,Humidity,35.86399841308594
1653726179,H,Pressure,102239.0
1653726179,H,Gas,880.0570068359375
1653726179,H,Accelerometer,0.0
1653726179,H,Light,1467.0
1653726179,H,IR,0.0
1653726179,H,MIC,3.0
1653726180,D,Temperature,21.03499984741211
1653726180,D,Humidity,36.91600036621094
1653726180,D,Pressure,102244.0
1653726180,D,Gas,579.1610107421875
1653726180,D,Accelerometer,0.0
1653726180,D,Light,399.0
1653726180,D,MIC,3.0
1653726180,D,RSSI,61.0
1653726180,E,Temperature,20.46500015258789
1653726180,E,Humidity,38.08000183105469
1653726180,E,Pressure,102223.0
1653726180,E,Gas,576.0969848632812
1653726180,E,Accelerometer,0.0
1653726180,E,Light,809.0
1653726180,E,MIC,3.0
1653726180,E,RSSI,77.0
1653726180,F,Temperature,21.94499969482422
1653726180,F,Humidity,35.85100173950195
1653726180,F,Pressure,102254.0
1653726180,F,Gas,554.583984375
1653726180,F,Accelerometer,0.0
1653726180,F,Light,453.0
1653726180,F,MIC,3.0
1653726180,F,RSSI,79.0
1653726182,A,Temperature,22.174999237060547
1653726182,A,Humidity,36.141998291015625
1653726182,A,Pressure,102208.0
1653726182,A,Gas,524.0789794921875
1653726182,A,Accelerometer,0.0
1653726182,A,Light,97.0
1653726182,A,MIC,3.0
1653726182,A,RSSI,82.0
1653726182,G,Temperature,21.96500015258789
1653726182,G,Humidity,37.04199981689453
1653726182,G,Pressure,102241.0
1653726182,G,Gas,507.6210021972656
1653726182,G,Accelerometer,0.0
1653726182,G,Light,398.0
1653726182,G,MIC,3.0
1653726182,G,RSSI,73.0
1653726183,H,Temperature,21.785999298095703
1653726183,H,Humidity,35.8650016784668
1653726183,H,Pressure,102239.0
1653726183,H,Gas,873.906982421875
1653726183,H,Accelerometer,0.0
1653726183,H,Light,1471.0
1653726183,H,IR,0.0
1653726183,H,MIC,3.0
1653726185,H,Temperature,21.785999298095703
1653726185,H,Humidity,35.86000061035156
1653726185,H,Pressure,102241.0
1653726185,H,Gas,888.85302734375
1653726185,H,Accelerometer,0.0
1653726185,H,Light,1462.0
1653726185,H,IR,0.0
1653726185,H,MIC,3.0
1653726186,B,Temperature,21.475000381469727
1653726186,B,Humidity,38.8849983215332
1653726186,B,Pressure,102178.0
1653726186,B,Gas,652.2869873046875
1653726186,B,Accelerometer,0.0
1653726186,B,Light,34.0
1653726186,B,MIC,3.0
1653726186,B,RSSI,66.0
1653726187,C,Temperature,22.2549991607666
1653726187,C,Humidity,35.81999969482422
1653726187,C,Pressure,102239.0
1653726187,C,Gas,515.06298828125
1653726187,C,Accelerometer,0.0
1653726187,C,Light,2815.0
1653726187,C,MIC,1.0
1653726187,C,RSSI,80.0
1653726188,H,Temperature,21.785999298095703
1653726188,H,Humidity,35.87099838256836
1653726188,H,Pressure,102239.0
1653726188,H,Gas,885.8250122070312
1653726188,H,Accelerometer,0.0
1653726188,H,Light,1464.0
1653726188,H,IR,0.0
1653726188,H,MIC,3.0
1653726190,D,Temperature,21.024999618530273
1653726190,D,Humidity,36.9119987487793
1653726190,D,Pressure,102246.0
1653726190,D,Gas,579.9559936523438
1653726190,D,Accelerometer,0.0
1653726190,D,Light,397.0
1653726190,D,MIC,3.0
1653726190,D,RSSI,61.0
1653726191,F,Temperature,21.94499969482422
1653726191,F,Humidity,35.85599899291992
1653726191,F,Pressure,102256.0
1653726191,F,Gas,553.1220092773439
1653726191,F,Accelerometer,0.0
1653726191,F,Light,453.0
1653726191,F,MIC,3.0
1653726191,F,RSSI,85.0
1653726191,H,Temperature,21.785999298095703
1653726191,H,Humidity,35.874000549316406
1653726191,H,Pressure,102239.0
1653726191,H,Gas,879.2379760742188
1653726191,H,Accelerometer,0.0
1653726191,H,Light,1467.0
1653726191,H,IR,0.0
1653726191,H,MIC,3.0
1653726192,E,Temperature,20.45499992370605
1653726192,E,Humidity,38.09400177001953
1653726192,E,Pressure,102221.0
1653726192,E,Gas,579.385009765625
1653726192,E,Accelerometer,0.0
1653726192,E,Light,804.0
1653726192,E,MIC,3.0
1653726192,E,RSSI,77.0
1653726192,A,Temperature,22.184999465942386
1653726192,A,Humidity,36.14500045776367
1653726192,A,Pressure,102210.0
1653726192,A,Gas,519.6929931640625
1653726192,A,Accelerometer,0.0
1653726192,A,Light,97.0
1653726192,A,MIC,3.0
1653726192,A,RSSI,82.0
1653726192,G,Temperature,21.96500015258789
1653726192,G,Humidity,37.0369987487793
1653726192,G,Pressure,102241.0
1653726192,G,Gas,514.2789916992189
1653726192,G,Accelerometer,0.0
1653726192,G,Light,395.0
1653726192,G,MIC,3.0
1653726192,G,RSSI,73.0
1653726194,H,Temperature,21.785999298095703
1653726194,H,Humidity,35.867000579833984
1653726194,H,Pressure,102239.0
1653726194,H,Gas,873.2260131835938
1653726194,H,Accelerometer,0.0
1653726194,H,Light,1468.0
1653726194,H,IR,0.0
1653726194,H,MIC,3.0
1653726196,B,Temperature,21.475000381469727
1653726196,B,Humidity,38.89899826049805
1653726196,B,Pressure,102182.0
1653726196,B,Gas,650.4359741210938
1653726196,B,Accelerometer,0.0
1653726196,B,Light,34.0
1653726196,B,MIC,3.0
1653726196,B,RSSI,66.0
1653726197,C,Temperature,22.274999618530273
1653726197,C,Humidity,35.7760009765625
1653726197,C,Pressure,102241.0
1653726197,C,Gas,520.739990234375
1653726197,C,Accelerometer,0.0
1653726197,C,Light,2867.0
1653726197,C,MIC,1.0
1653726197,C,RSSI,80.0
1653726197,H,Temperature,21.785999298095703
1653726197,H,Humidity,35.874000549316406
1653726197,H,Pressure,102239.0
1653726197,H,Gas,879.3930053710938
1653726197,H,Accelerometer,0.0
1653726197,H,Light,1464.0
1653726197,H,IR,0.0
1653726197,H,MIC,3.0
1653726200,D,Temperature,21.03499984741211
1653726200,D,Humidity,36.930999755859375
1653726200,D,Pressure,102248.0
1653726200,D,Gas,578.1069946289062
1653726200,D,Accelerometer,0.0
1653726200,D,Light,397.0
1653726200,D,MIC,3.0
1653726200,D,RSSI,61.0
1653726200,H,Temperature,21.785999298095703
1653726200,H,Humidity,35.875
1653726200,H,Pressure,102239.0
1653726200,H,Gas,874.7319946289062
1653726200,H,Accelerometer,0.0
1653726200,H,Light,1465.0
1653726200,H,IR,0.0
1653726200,H,MIC,3.0
1653726200,E,Temperature,20.45499992370605
1653726200,E,Humidity,38.09000015258789
1653726200,E,Pressure,102221.0
1653726200,E,Gas,577.9099731445312
1653726200,E,Accelerometer,0.0
1653726200,E,Light,804.0
1653726200,E,MIC,3.0
1653726200,E,RSSI,77.0
1653726201,F,Temperature,21.94499969482422
1653726201,F,Humidity,35.85499954223633
1653726201,F,Pressure,102256.0
1653726201,F,Gas,551.8109741210939
1653726201,F,Accelerometer,0.0
1653726201,F,Light,452.0
1653726201,F,MIC,3.0
1653726201,F,RSSI,85.0
1653726202,G,Temperature,21.975000381469727
1653726202,G,Humidity,37.02299880981445
1653726202,G,Pressure,102243.0
1653726202,G,Gas,516.427001953125
1653726202,G,Accelerometer,0.0
1653726202,G,Light,394.0
1653726202,G,MIC,3.0
1653726202,G,RSSI,72.0
1653726202,A,Temperature,22.174999237060547
1653726202,A,Humidity,36.21200180053711
1653726202,A,Pressure,102210.0
1653726202,A,Gas,518.926025390625
1653726202,A,Accelerometer,0.0
1653726202,A,Light,97.0
1653726202,A,MIC,3.0
1653726202,A,RSSI,89.0
1653726203,H,Temperature,21.80599975585937
1653726203,H,Humidity,35.85699844360352
1653726203,H,Pressure,102241.0
1653726203,H,Gas,878.6119995117188
1653726203,H,Accelerometer,0.0
1653726203,H,Light,1467.0
1653726203,H,IR,0.0
1653726203,H,MIC,3.0
1653726206,H,Temperature,21.80599975585937
1653726206,H,Humidity,35.87699890136719
1653726206,H,Pressure,102243.0
1653726206,H,Gas,889.9650268554688
1653726206,H,Accelerometer,0.0
1653726206,H,Light,1464.0
1653726206,H,IR,0.0
1653726206,H,MIC,3.0
1653726206,B,Temperature,21.475000381469727
1653726206,B,Humidity,38.891998291015625
1653726206,B,Pressure,102182.0
1653726206,B,Gas,653.5579833984375
1653726206,B,Accelerometer,0.0
1653726206,B,Light,34.0
1653726206,B,MIC,3.0
1653726206,B,RSSI,66.0
1653726207,C,Temperature,22.274999618530273
1653726207,C,Humidity,35.792999267578125
1653726207,C,Pressure,102241.0
1653726207,C,Gas,523.3369750976561
1653726207,C,Accelerometer,0.0
1653726207,C,Light,2932.0
1653726207,C,MIC,1.0
1653726207,C,RSSI,80.0
1653726209,H,Temperature,21.79599952697754
1653726209,H,Humidity,35.89799880981445
1653726209,H,Pressure,102239.0
1653726209,H,Gas,880.06201171875
1653726209,H,Accelerometer,0.0
1653726209,H,Light,1466.0
1653726209,H,IR,0.0
1653726209,H,MIC,3.0
1653726210,D,Temperature,21.03499984741211
1653726210,D,Humidity,36.95399856567383
1653726210,D,Pressure,102246.0
1653726210,D,Gas,577.3590087890625
1653726210,D,Accelerometer,0.0
1653726210,D,Light,397.0
1653726210,D,MIC,3.0
1653726210,D,RSSI,60.0
1653726210,E,Temperature,20.45499992370605
1653726210,E,Humidity,38.07899856567383
1653726210,E,Pressure,102221.0
1653726210,E,Gas,578.073974609375
1653726210,E,Accelerometer,0.0
1653726210,E,Light,798.0
1653726210,E,MIC,3.0
1653726210,E,RSSI,77.0
1653726211,F,Temperature,21.94499969482422
1653726211,F,Humidity,35.84000015258789
1653726211,F,Pressure,102258.0
1653726211,F,Gas,549.760986328125
1653726211,F,Accelerometer,0.0
1653726211,F,Light,452.0
1653726211,F,MIC,3.0
1653726211,F,RSSI,85.0
1653726212,A,Temperature,22.174999237060547
1653726212,A,Humidity,36.27899932861328
1653726212,A,Pressure,102212.0
1653726212,A,Gas,517.135009765625
1653726212,A,Accelerometer,0.0
1653726212,A,Light,97.0
1653726212,A,MIC,3.0
1653726212,A,RSSI,89.0
1653726213,G,Temperature,21.96500015258789
1653726213,G,Humidity,37.03300094604492
1653726213,G,Pressure,102243.0
1653726213,G,Gas,521.2670288085939
1653726213,G,Accelerometer,0.0
1653726213,G,Light,393.0
1653726213,G,MIC,3.0
1653726213,G,RSSI,72.0
1653726214,H,Temperature,21.79599952697754
1653726214,H,Humidity,35.89899826049805
1653726214,H,Pressure,102239.0
1653726214,H,Gas,880.5659790039062
1653726214,H,Accelerometer,0.0
1653726214,H,Light,1467.0
1653726214,H,IR,0.0
1653726214,H,MIC,3.0
1653726215,H,Temperature,21.79599952697754
1653726215,H,Humidity,35.88399887084961
1653726215,H,Pressure,102237.0
1653726215,H,Gas,882.3980102539062
1653726215,H,Accelerometer,0.0
1653726215,H,Light,1465.0
1653726215,H,IR,0.0
1653726215,H,MIC,3.0
1653726216,B,Temperature,21.475000381469727
1653726216,B,Humidity,38.91899871826172
1653726216,B,Pressure,102184.0
1653726216,B,Gas,656.3900146484375
1653726216,B,Accelerometer,0.0
1653726216,B,Light,34.0
1653726216,B,MIC,3.0
1653726216,B,RSSI,66.0
1653726217,C,Temperature,22.28499984741211
1653726217,C,Humidity,35.777000427246094
1653726217,C,Pressure,102239.0
1653726217,C,Gas,524.72802734375
1653726217,C,Accelerometer,0.0
1653726217,C,Light,2979.0
1653726217,C,MIC,1.0
1653726217,C,RSSI,80.0
1653726219,H,Temperature,21.79599952697754
1653726219,H,Humidity,35.8849983215332
1653726219,H,Pressure,102239.0
1653726219,H,Gas,879.177001953125
1653726219,H,Accelerometer,0.0
1653726219,H,Light,1465.0
1653726219,H,IR,0.0
1653726219,H,MIC,3.0
1653726220,D,Temperature,21.024999618530273
1653726220,D,Humidity,36.94200134277344
1653726220,D,Pressure,102246.0
1653726220,D,Gas,582.7659912109375
1653726220,D,Accelerometer,0.0
1653726220,D,Light,398.0
1653726220,D,MIC,3.0
1653726220,D,RSSI,60.0
1653726221,E,Temperature,20.46500015258789
1653726221,E,Humidity,38.06800079345703
1653726221,E,Pressure,102223.0
1653726221,E,Gas,582.6370239257812
1653726221,E,Accelerometer,0.0
1653726221,E,Light,796.0
1653726221,E,MIC,3.0
1653726221,E,RSSI,82.0
1653726221,F,Temperature,21.94499969482422
1653726221,F,Humidity,35.8489990234375
1653726221,F,Pressure,102256.0
1653726221,F,Gas,551.989013671875
1653726221,F,Accelerometer,0.0
1653726221,F,Light,452.0
1653726221,F,MIC,3.0
1653726221,F,RSSI,85.0
1653726221,H,Temperature,21.785999298095703
1653726221,H,Humidity,35.89699935913086
1653726221,H,Pressure,102237.0
1653726221,H,Gas,877.0349731445312
1653726221,H,Accelerometer,0.0
1653726221,H,Light,1463.0
1653726221,H,IR,0.0
1653726221,H,MIC,3.0
1653726223,G,Temperature,21.96500015258789
1653726223,G,Humidity,37.02199935913086
1653726223,G,Pressure,102243.0
1653726223,G,Gas,518.64697265625
1653726223,G,Accelerometer,0.0
1653726223,G,Light,391.0
1653726223,G,MIC,3.0
1653726223,G,RSSI,72.0
1653726224,A,Temperature,22.174999237060547
1653726224,A,Humidity,36.30099868774414
1653726224,A,Pressure,102212.0
1653726224,A,Gas,524.7849731445311
1653726224,A,Accelerometer,0.0
1653726224,A,Light,97.0
1653726224,A,MIC,3.0
1653726224,A,RSSI,89.0
1653726225,H,Temperature,21.785999298095703
1653726225,H,Humidity,35.88999938964844
1653726225,H,Pressure,102237.0
1653726225,H,Gas,875.5679931640625
1653726225,H,Accelerometer,0.0
1653726225,H,Light,1461.0
1653726225,H,IR,0.0
1653726225,H,MIC,3.0
1653726226,B,Temperature,21.48500061035156
1653726226,B,Humidity,38.90499877929688
1653726226,B,Pressure,102182.0
1653726226,B,Gas,652.176025390625
1653726226,B,Accelerometer,0.0
1653726226,B,Light,34.0
1653726226,B,MIC,3.0
1653726226,B,RSSI,69.0
1653726227,C,Temperature,22.28499984741211
1653726227,C,Humidity,35.80699920654297
1653726227,C,Pressure,102239.0
1653726227,C,Gas,525.8280029296875
1653726227,C,Accelerometer,0.0
1653726227,C,Light,3065.0
1653726227,C,MIC,1.0
1653726227,C,RSSI,80.0
1653726227,H,Temperature,21.785999298095703
1653726227,H,Humidity,35.88100051879883
1653726227,H,Pressure,102239.0
1653726227,H,Gas,886.3889770507812
1653726227,H,Accelerometer,0.0
1653726227,H,Light,1462.0
1653726227,H,IR,0.0
1653726227,H,MIC,3.0
1653726230,D,Temperature,21.024999618530273
1653726230,D,Humidity,36.946998596191406
1653726230,D,Pressure,102246.0
1653726230,D,Gas,581.9970092773438
1653726230,D,Accelerometer,0.0
1653726230,D,Light,398.0
1653726230,D,MIC,3.0
1653726230,D,RSSI,60.0
1653726230,H,Temperature,21.80599975585937
1653726230,H,Humidity,35.82899856567383
1653726230,H,Pressure,102241.0
1653726230,H,Gas,887.8289794921875
1653726230,H,Accelerometer,0.0
1653726230,H,Light,1464.0
1653726230,H,IR,0.0
1653726230,H,MIC,3.0
1653726231,F,Temperature,21.94499969482422
1653726231,F,Humidity,35.87300109863281
1653726231,F,Pressure,102254.0
1653726231,F,Gas,558.8610229492189
1653726231,F,Accelerometer,0.0
1653726231,F,Light,452.0
1653726231,F,MIC,3.0
1653726231,F,RSSI,85.0
1653726231,E,Temperature,20.46500015258789
1653726231,E,Humidity,38.06900024414063
1653726231,E,Pressure,102223.0
1653726231,E,Gas,582.7639770507812
1653726231,E,Accelerometer,0.0
1653726231,E,Light,794.0
1653726231,E,MIC,3.0
1653726231,E,RSSI,82.0
1653726232,A,Temperature,22.174999237060547
1653726232,A,Humidity,36.32699966430664
1653726232,A,Pressure,102210.0
1653726232,A,Gas,529.2949829101561
1653726232,A,Accelerometer,0.0
1653726232,A,Light,97.0
1653726232,A,MIC,3.0
1653726232,A,RSSI,89.0
1653726232,G,Temperature,21.96500015258789
1653726232,G,Humidity,37.01300048828125
1653726232,G,Pressure,102243.0
1653726232,G,Gas,514.9719848632811
1653726232,G,Accelerometer,0.0
1653726232,G,Light,390.0
1653726232,G,MIC,3.0
1653726232,G,RSSI,72.0
1653726234,H,Temperature,21.80599975585937
1653726234,H,Humidity,35.85200119018555
1653726234,H,Pressure,102239.0
1653726234,H,Gas,891.6480102539062
1653726234,H,Accelerometer,0.0
1653726234,H,Light,1466.0
1653726234,H,IR,0.0
1653726234,H,MIC,3.0
1653726236,B,Temperature,21.475000381469727
1653726236,B,Humidity,38.90800094604492
1653726236,B,Pressure,102184.0
1653726236,B,Gas,656.0750122070312
1653726236,B,Accelerometer,0.0
1653726236,B,Light,34.0
1653726236,B,MIC,3.0
1653726236,B,RSSI,69.0
1653726237,H,Temperature,21.80599975585937
1653726237,H,Humidity,35.85699844360352
1653726237,H,Pressure,102241.0
1653726237,H,Gas,891.2830200195312
1653726237,H,Accelerometer,0.0
1653726237,H,Light,1466.0
1653726237,H,IR,0.0
1653726237,H,MIC,3.0
1653726237,C,Temperature,22.28499984741211
1653726237,C,Humidity,35.80199813842773
1653726237,C,Pressure,102239.0
1653726237,C,Gas,536.448974609375
1653726237,C,Accelerometer,0.0
1653726237,C,Light,3167.0
1653726237,C,MIC,1.0
1653726237,C,RSSI,76.0
1653726239,H,Temperature,21.80599975585937
1653726239,H,Humidity,35.84299850463867
1653726239,H,Pressure,102239.0
1653726239,H,Gas,896.9509887695312
1653726239,H,Accelerometer,0.0
1653726239,H,Light,1463.0
1653726239,H,IR,0.0
1653726239,H,MIC,3.0
1653726240,D,Temperature,21.03499984741211
1653726240,D,Humidity,36.930999755859375
1653726240,D,Pressure,102246.0
1653726240,D,Gas,585.2459716796875
1653726240,D,Accelerometer,0.0
1653726240,D,Light,398.0
1653726240,D,MIC,3.0
1653726240,D,RSSI,60.0
1653726241,E,Temperature,20.46500015258789
1653726241,E,Humidity,38.05500030517578
1653726241,E,Pressure,102223.0
1653726241,E,Gas,584.6119995117188
1653726241,E,Accelerometer,0.0
1653726241,E,Light,792.0
1653726241,E,MIC,3.0
1653726241,E,RSSI,82.0
1653726241,F,Temperature,21.95499992370605
1653726241,F,Humidity,35.867000579833984
1653726241,F,Pressure,102254.0
1653726241,F,Gas,564.1069946289062
1653726241,F,Accelerometer,0.0
1653726241,F,Light,452.0
1653726241,F,MIC,3.0
1653726241,F,RSSI,82.0
1653726242,G,Temperature,21.96500015258789
1653726242,G,Humidity,37.02899932861328
1653726242,G,Pressure,102241.0
1653726242,G,Gas,515.4349975585939
1653726242,G,Accelerometer,0.0
1653726242,G,Light,388.0
1653726242,G,MIC,3.0
1653726242,G,RSSI,72.0
1653726242,H,Temperature,21.80599975585937
1653726242,H,Humidity,35.85200119018555
1653726242,H,Pressure,102241.0
1653726242,H,Gas,884.552001953125
1653726242,H,Accelerometer,0.0
1653726242,H,Light,1457.0
1653726242,H,IR,0.0
1653726242,H,MIC,3.0
1653726244,A,Temperature,22.174999237060547
1653726244,A,Humidity,36.33300018310547
1653726244,A,Pressure,102212.0
1653726244,A,Gas,532.2030029296875
1653726244,A,Accelerometer,0.0
1653726244,A,Light,96.0
1653726244,A,MIC,3.0
1653726244,A,RSSI,89.0
1653726245,H,Temperature,21.785999298095703
1653726245,H,Humidity,35.875
1653726245,H,Pressure,102237.0
1653726245,H,Gas,885.1220092773438
1653726245,H,Accelerometer,0.0
1653726245,H,Light,1465.0
1653726245,H,IR,0.0
1653726245,H,MIC,3.0
1653726246,B,Temperature,21.48500061035156
1653726246,B,Humidity,38.87900161743164
1653726246,B,Pressure,102182.0
1653726246,B,Gas,657.35302734375
1653726246,B,Accelerometer,0.0
1653726246,B,Light,34.0
1653726246,B,MIC,3.0
1653726246,B,RSSI,69.0
1653726247,C,Temperature,22.30500030517578
1653726247,C,Humidity,35.7599983215332
1653726247,C,Pressure,102237.0
1653726247,C,Gas,542.2930297851561
1653726247,C,Accelerometer,0.0
1653726247,C,Light,3252.0
1653726247,C,MIC,1.0
1653726247,C,RSSI,76.0
1653726249,H,Temperature,21.785999298095703
1653726249,H,Humidity,35.86399841308594
1653726249,H,Pressure,102237.0
1653726249,H,Gas,894.416015625
1653726249,H,Accelerometer,0.0
1653726249,H,Light,1471.0
1653726249,H,IR,0.0
1653726249,H,MIC,3.0
1653726250,D,Temperature,21.03499984741211
1653726250,D,Humidity,36.95199966430664
1653726250,D,Pressure,102246.0
1653726250,D,Gas,579.8900146484375
1653726250,D,Accelerometer,0.0
1653726250,D,Light,399.0
1653726250,D,MIC,3.0
1653726250,D,RSSI,60.0
1653726251,F,Temperature,21.95499992370605
1653726251,F,Humidity,35.85300064086914
1653726251,F,Pressure,102254.0
1653726251,F,Gas,562.2670288085939
1653726251,F,Accelerometer,0.0
1653726251,F,Light,452.0
1653726251,F,MIC,3.0
1653726251,F,RSSI,82.0
1653726251,E,Temperature,20.46500015258789
1653726251,E,Humidity,38.09000015258789
1653726251,E,Pressure,102223.0
1653726251,E,Gas,588.6859741210938
1653726251,E,Accelerometer,0.0
1653726251,E,Light,789.0
1653726251,E,MIC,3.0
1653726251,E,RSSI,82.0
1653726252,H,Temperature,21.785999298095703
1653726252,H,Humidity,35.85900115966797
1653726252,H,Pressure,102239.0
1653726252,H,Gas,905.2650146484376
1653726252,H,Accelerometer,0.0
1653726252,H,Light,1471.0
1653726252,H,IR,0.0
1653726252,H,MIC,3.0
1653726252,G,Temperature,21.96500015258789
1653726252,G,Humidity,37.02299880981445
1653726252,G,Pressure,102243.0
1653726252,G,Gas,516.0189819335939
1653726252,G,Accelerometer,0.0
1653726252,G,Light,385.0
1653726252,G,MIC,3.0
1653726252,G,RSSI,72.0
1653726252,A,Temperature,22.174999237060547
1653726252,A,Humidity,36.35300064086914
1653726252,A,Pressure,102210.0
1653726252,A,Gas,534.1820068359375
1653726252,A,Accelerometer,0.0
1653726252,A,Light,96.0
1653726252,A,MIC,3.0
1653726252,A,RSSI,85.0
1653726255,H,Temperature,21.785999298095703
1653726255,H,Humidity,35.845001220703125
1653726255,H,Pressure,102241.0
1653726255,H,Gas,911.3599853515624
1653726255,H,Accelerometer,0.0
1653726255,H,Light,1475.0
1653726255,H,IR,0.0
1653726255,H,MIC,3.0
1653726256,B,Temperature,21.48500061035156
1653726256,B,Humidity,38.87300109863281
1653726256,B,Pressure,102182.0
1653726256,B,Gas,656.0180053710938
1653726256,B,Accelerometer,0.0
1653726256,B,Light,34.0
1653726256,B,MIC,3.0
1653726256,B,RSSI,69.0
1653726257,C,Temperature,22.30500030517578
1653726257,C,Humidity,35.74599838256836
1653726257,C,Pressure,102239.0
1653726257,C,Gas,541.9030151367189
1653726257,C,Accelerometer,0.0
1653726257,C,Light,3322.0
1653726257,C,MIC,1.0
1653726257,C,RSSI,76.0
1653726258,H,Temperature,21.785999298095703
1653726258,H,Humidity,35.86999893188477
1653726258,H,Pressure,102243.0
1653726258,H,Gas,903.7150268554688
1653726258,H,Accelerometer,0.0
1653726258,H,Light,1475.0
1653726258,H,IR,0.0
1653726258,H,MIC,3.0
1653726260,D,Temperature,21.03499984741211
1653726260,D,Humidity,36.93299865722656
1653726260,D,Pressure,102248.0
1653726260,D,Gas,581.2780151367188
1653726260,D,Accelerometer,0.0
1653726260,D,Light,401.0
1653726260,D,MIC,3.0
1653726260,D,RSSI,60.0
1653726261,H,Temperature,21.775999069213867
1653726261,H,Humidity,35.86899948120117
1653726261,H,Pressure,102239.0
1653726261,H,Gas,908.9409790039062
1653726261,H,Accelerometer,0.0
1653726261,H,Light,1474.0
1653726261,H,IR,0.0
1653726261,H,MIC,3.0
1653726261,E,Temperature,20.475000381469727
1653726261,E,Humidity,38.06499862670898
1653726261,E,Pressure,102223.0
1653726261,E,Gas,587.5859985351562
1653726261,E,Accelerometer,0.0
1653726261,E,Light,794.0
1653726261,E,MIC,3.0
1653726261,E,RSSI,77.0
1653726261,F,Temperature,21.95499992370605
1653726261,F,Humidity,35.85599899291992
1653726261,F,Pressure,102260.0
1653726261,F,Gas,562.6740112304689
1653726261,F,Accelerometer,0.0
1653726261,F,Light,455.0
1653726261,F,MIC,3.0
1653726261,F,RSSI,82.0
1653726262,G,Temperature,21.96500015258789
1653726262,G,Humidity,37.03499984741211
1653726262,G,Pressure,102243.0
1653726262,G,Gas,521.7139892578125
1653726262,G,Accelerometer,0.0
1653726262,G,Light,383.0
1653726262,G,MIC,3.0
1653726262,G,RSSI,72.0
1653726262,A,Temperature,22.184999465942386
1653726262,A,Humidity,36.33000183105469
1653726262,A,Pressure,102212.0
1653726262,A,Gas,541.8410034179689
1653726262,A,Accelerometer,0.0
1653726262,A,Light,96.0
1653726262,A,MIC,3.0
1653726262,A,RSSI,85.0
1653726264,H,Temperature,21.775999069213867
1653726264,H,Humidity,35.891998291015625
1653726264,H,Pressure,102241.0
1653726264,H,Gas,905.1099853515624
1653726264,H,Accelerometer,0.0
1653726264,H,Light,1473.0
1653726264,H,IR,0.0
1653726264,H,MIC,3.0
1653726266,B,Temperature,21.48500061035156
1653726266,B,Humidity,38.8759994506836
1653726266,B,Pressure,102184.0
1653726266,B,Gas,658.5020141601562
1653726266,B,Accelerometer,0.0
1653726266,B,Light,34.0
1653726266,B,MIC,3.0
1653726266,B,RSSI,69.0
1653726267,H,Temperature,21.785999298095703
1653726267,H,Humidity,35.8650016784668
1653726267,H,Pressure,102241.0
1653726267,H,Gas,902.4199829101562
1653726267,H,Accelerometer,0.0
1653726267,H,Light,1474.0
1653726267,H,IR,0.0
1653726267,H,MIC,3.0
1653726269,C,Temperature,22.315000534057614
1653726269,C,Humidity,35.73899841308594
1653726269,C,Pressure,102241.0
1653726269,C,Gas,544.4600219726561
1653726269,C,Accelerometer,0.0
1653726269,C,Light,3448.0
1653726269,C,MIC,1.0
1653726269,C,RSSI,76.0
1653726270,D,Temperature,21.03499984741211
1653726270,D,Humidity,36.92900085449219
1653726270,D,Pressure,102246.0
1653726270,D,Gas,583.9609985351562
1653726270,D,Accelerometer,0.0
1653726270,D,Light,403.0
1653726270,D,MIC,3.0
1653726270,D,RSSI,60.0
1653726270,H,Temperature,21.785999298095703
1653726270,H,Humidity,35.85300064086914
1653726270,H,Pressure,102239.0
1653726270,H,Gas,896.2039794921875
1653726270,H,Accelerometer,0.0
1653726270,H,Light,1470.0
1653726270,H,IR,0.0
1653726270,H,MIC,3.0
1653726271,E,Temperature,20.475000381469727
1653726271,E,Humidity,38.05400085449219
1653726271,E,Pressure,102223.0
1653726271,E,Gas,590.3560180664062
1653726271,E,Accelerometer,0.0
1653726271,E,Light,789.0
1653726271,E,MIC,3.0
1653726271,E,RSSI,77.0
1653726271,F,Temperature,21.95499992370605
1653726271,F,Humidity,35.847999572753906
1653726271,F,Pressure,102262.0
1653726271,F,Gas,568.2869873046875
1653726271,F,Accelerometer,0.0
1653726271,F,Light,459.0
1653726271,F,MIC,3.0
1653726271,F,RSSI,82.0
1653726272,A,Temperature,22.165000915527344
1653726272,A,Humidity,36.36600112915039
1653726272,A,Pressure,102212.0
1653726272,A,Gas,540.8930053710939
1653726272,A,Accelerometer,0.0
1653726272,A,Light,96.0
1653726272,A,MIC,3.0
1653726272,A,RSSI,85.0
1653726273,G,Temperature,21.95499992370605
1653726273,G,Humidity,37.02799987792969
1653726273,G,Pressure,102241.0
1653726273,G,Gas,527.0590209960939
1653726273,G,Accelerometer,0.0
1653726273,G,Light,380.0
1653726273,G,MIC,3.0
1653726273,G,RSSI,72.0
1653726274,H,Temperature,21.80599975585937
1653726274,H,Humidity,35.810001373291016
1653726274,H,Pressure,102241.0
1653726274,H,Gas,903.5599975585938
1653726274,H,Accelerometer,0.0
1653726274,H,Light,1466.0
1653726274,H,IR,0.0
1653726274,H,MIC,3.0
1653726276,H,Temperature,21.80599975585937
1653726276,H,Humidity,35.85100173950195
1653726276,H,Pressure,102241.0
1653726276,H,Gas,908.4429931640624
1653726276,H,Accelerometer,0.0
1653726276,H,Light,1471.0
1653726276,H,IR,0.0
1653726276,H,MIC,3.0
1653726276,B,Temperature,21.48500061035156
1653726276,B,Humidity,38.89099884033203
1653726276,B,Pressure,102180.0
1653726276,B,Gas,661.5380249023438
1653726276,B,Accelerometer,0.0
1653726276,B,Light,35.0
1653726276,B,MIC,3.0
1653726276,B,RSSI,65.0
1653726277,C,Temperature,22.315000534057614
1653726277,C,Humidity,35.71200180053711
1653726277,C,Pressure,102241.0
1653726277,C,Gas,547.551025390625
1653726277,C,Accelerometer,0.0
1653726277,C,Light,3533.0
1653726277,C,MIC,1.0
1653726277,C,RSSI,76.0
1653726279,H,Temperature,21.80599975585937
1653726279,H,Humidity,35.834999084472656
1653726279,H,Pressure,102241.0
1653726279,H,Gas,910.375
1653726279,H,Accelerometer,0.0
1653726279,H,Light,1473.0
1653726279,H,IR,0.0
1653726279,H,MIC,3.0
1653726280,D,Temperature,21.03499984741211
1653726280,D,Humidity,36.91799926757813
1653726280,D,Pressure,102248.0
1653726280,D,Gas,586.0269775390625
1653726280,D,Accelerometer,0.0
1653726280,D,Light,403.0
1653726280,D,MIC,3.0
1653726280,D,RSSI,60.0
1653726281,F,Temperature,21.94499969482422
1653726281,F,Humidity,35.85599899291992
1653726281,F,Pressure,102256.0
1653726281,F,Gas,568.2780151367188
1653726281,F,Accelerometer,0.0
1653726281,F,Light,460.0
1653726281,F,MIC,3.0
1653726281,F,RSSI,82.0
1653726281,E,Temperature,20.46500015258789
1653726281,E,Humidity,38.06800079345703
1653726281,E,Pressure,102225.0
1653726281,E,Gas,598.6610107421875
1653726281,E,Accelerometer,0.0
1653726281,E,Light,792.0
1653726281,E,MIC,3.0
1653726281,E,RSSI,77.0
1653726283,H,Temperature,21.80599975585937
1653726283,H,Humidity,35.849998474121094
1653726283,H,Pressure,102239.0
1653726283,H,Gas,904.2520141601562
1653726283,H,Accelerometer,0.0
1653726283,H,Light,1473.0
1653726283,H,IR,0.0
1653726283,H,MIC,3.0
1653726283,G,Temperature,21.96500015258789
1653726283,G,Humidity,37.01800155639648
1653726283,G,Pressure,102245.0
1653726283,G,Gas,531.458984375
1653726283,G,Accelerometer,0.0
1653726283,G,Light,376.0
1653726283,G,MIC,3.0
1653726283,G,RSSI,72.0
1653726283,A,Temperature,22.174999237060547
1653726283,A,Humidity,36.29700088500977
1653726283,A,Pressure,102212.0
1653726283,A,Gas,541.2410278320311
1653726283,A,Accelerometer,0.0
1653726283,A,Light,96.0
1653726283,A,MIC,3.0
1653726283,A,RSSI,85.0
1653726285,H,Temperature,21.81599998474121
1653726285,H,Humidity,35.83100128173828
1653726285,H,Pressure,102239.0
1653726285,H,Gas,901.385009765625
1653726285,H,Accelerometer,0.0
1653726285,H,Light,1476.0
1653726285,H,IR,0.0
1653726285,H,MIC,3.0
1653726286,B,Temperature,21.48500061035156
1653726286,B,Humidity,38.89699935913086
1653726286,B,Pressure,102184.0
1653726286,B,Gas,669.5159912109375
1653726286,B,Accelerometer,0.0
1653726286,B,Light,35.0
1653726286,B,MIC,3.0
1653726286,B,RSSI,65.0
1653726287,C,Temperature,22.315000534057614
1653726287,C,Humidity,35.71900177001953
1653726287,C,Pressure,102239.0
1653726287,C,Gas,548.6339721679689
1653726287,C,Accelerometer,0.0
1653726287,C,Light,3628.0
1653726287,C,MIC,1.0
1653726287,C,RSSI,91.0
1653726288,H,Temperature,21.826000213623047
1653726288,H,Humidity,35.81800079345703
1653726288,H,Pressure,102239.0
1653726288,H,Gas,905.1439819335938
1653726288,H,Accelerometer,0.0
1653726288,H,Light,1472.0
1653726288,H,IR,0.0
1653726288,H,MIC,3.0
1653726290,D,Temperature,21.024999618530273
1653726290,D,Humidity,36.94300079345703
1653726290,D,Pressure,102248.0
1653726290,D,Gas,588.1129760742188
1653726290,D,Accelerometer,0.0
1653726290,D,Light,407.0
1653726290,D,MIC,3.0
1653726290,D,RSSI,60.0
1653726291,F,Temperature,21.95499992370605
1653726291,F,Humidity,35.83700180053711
1653726291,F,Pressure,102256.0
1653726291,F,Gas,567.2440185546875
1653726291,F,Accelerometer,0.0
1653726291,F,Light,467.0
1653726291,F,MIC,3.0
1653726291,F,RSSI,78.0
1653726291,E,Temperature,20.46500015258789
1653726291,E,Humidity,38.06700134277344
1653726291,E,Pressure,102225.0
1653726291,E,Gas,593.083984375
1653726291,E,Accelerometer,0.0
1653726291,E,Light,794.0
1653726291,E,MIC,3.0
1653726291,E,RSSI,77.0
1653726291,H,Temperature,21.81599998474121
1653726291,H,Humidity,35.847999572753906
1653726291,H,Pressure,102239.0
1653726291,H,Gas,916.5139770507812
1653726291,H,Accelerometer,0.0
1653726291,H,Light,1473.0
1653726291,H,IR,0.0
1653726291,H,MIC,3.0
1653726292,A,Temperature,22.174999237060547
1653726292,A,Humidity,36.222999572753906
1653726292,A,Pressure,102212.0
1653726292,A,Gas,534.7639770507811
1653726292,A,Accelerometer,0.0
1653726292,A,Light,95.0
1653726292,A,MIC,3.0
1653726292,A,RSSI,85.0
1653726292,G,Temperature,21.96500015258789
1653726292,G,Humidity,37.0359992980957
1653726292,G,Pressure,102245.0
1653726292,G,Gas,541.0819702148439
1653726292,G,Accelerometer,0.0
1653726292,G,Light,372.0
1653726292,G,MIC,3.0
1653726292,G,RSSI,72.0
1653726294,H,Temperature,21.826000213623047
1653726294,H,Humidity,35.81999969482422
1653726294,H,Pressure,102241.0
1653726294,H,Gas,927.1690063476562
1653726294,H,Accelerometer,0.0
1653726294,H,Light,1474.0
1653726294,H,IR,0.0
1653726294,H,MIC,3.0
1653726296,B,Temperature,21.48500061035156
1653726296,B,Humidity,38.88399887084961
1653726296,B,Pressure,102182.0
1653726296,B,Gas,674.7249755859375
1653726296,B,Accelerometer,0.0
1653726296,B,Light,35.0
1653726296,B,MIC,3.0
1653726296,B,RSSI,65.0
1653726298,H,Temperature,21.81599998474121
1653726298,H,Humidity,35.85100173950195
1653726298,H,Pressure,102237.0
1653726298,H,Gas,930.125
1653726298,H,Accelerometer,0.0
1653726298,H,Light,1476.0
1653726298,H,IR,0.0
1653726298,H,MIC,3.0
1653726300,D,Temperature,21.03499984741211
1653726300,D,Humidity,36.91899871826172
1653726300,D,Pressure,102246.0
1653726300,D,Gas,594.9639892578125
1653726300,D,Accelerometer,0.0
1653726300,D,Light,409.0
1653726300,D,MIC,3.0
1653726300,D,RSSI,60.0
1653726300,H,Temperature,21.81599998474121
1653726300,H,Humidity,35.83000183105469
1653726300,H,Pressure,102239.0
1653726300,H,Gas,921.9550170898438
1653726300,H,Accelerometer,0.0
1653726300,H,Light,1476.0
1653726300,H,IR,0.0
1653726300,H,MIC,3.0
1653726301,E,Temperature,20.46500015258789
1653726301,E,Humidity,38.04800033569336
1653726301,E,Pressure,102225.0
1653726301,E,Gas,598.5130004882812
1653726301,E,Accelerometer,0.0
1653726301,E,Light,792.0
1653726301,E,MIC,3.0
1653726301,E,RSSI,77.0
1653726301,F,Temperature,21.95499992370605
1653726301,F,Humidity,35.83000183105469
1653726301,F,Pressure,102254.0
1653726301,F,Gas,566.5380249023438
1653726301,F,Accelerometer,0.0
1653726301,F,Light,472.0
1653726301,F,MIC,3.0
1653726301,F,RSSI,78.0
1653726302,A,Temperature,22.174999237060547
1653726302,A,Humidity,36.17200088500977
1653726302,A,Pressure,102212.0
1653726302,A,Gas,528.89501953125
1653726302,A,Accelerometer,0.0
1653726302,A,Light,95.0
1653726302,A,MIC,3.0
1653726302,A,RSSI,89.0
1653726302,G,Temperature,21.95499992370605
1653726302,G,Humidity,37.02399826049805
1653726302,G,Pressure,102241.0
1653726302,G,Gas,544.5449829101561
1653726302,G,Accelerometer,0.0
1653726302,G,Light,368.0
1653726302,G,MIC,3.0
1653726302,G,RSSI,72.0
1653726302,C,Temperature,22.334999084472656
1653726302,C,Humidity,35.71500015258789
1653726302,C,Pressure,102243.0
1653726302,C,Gas,555.1079711914061
1653726302,C,Accelerometer,0.0
1653726302,C,Light,3813.0
1653726302,C,MIC,1.0
1653726302,C,RSSI,91.0
1653726303,H,Temperature,21.81599998474121
1653726303,H,Humidity,35.834999084472656
1653726303,H,Pressure,102237.0
1653726303,H,Gas,920.6929931640624
1653726303,H,Accelerometer,0.0
1653726303,H,Light,1477.0
1653726303,H,IR,0.0
1653726303,H,MIC,3.0
1653726306,H,Temperature,21.80599975585937
1653726306,H,Humidity,35.808998107910156
1653726306,H,Pressure,102239.0
1653726306,H,Gas,921.583984375
1653726306,H,Accelerometer,0.0
1653726306,H,Light,1476.0
1653726306,H,IR,0.0
1653726306,H,MIC,3.0
1653726307,C,Temperature,22.334999084472656
1653726307,C,Humidity,35.7239990234375
1653726307,C,Pressure,102241.0
1653726307,C,Gas,557.551025390625
1653726307,C,Accelerometer,0.0
1653726307,C,Light,3960.0
1653726307,C,MIC,1.0
1653726307,C,RSSI,91.0
1653726310,D,Temperature,21.024999618530273
1653726310,D,Humidity,36.9370002746582
1653726310,D,Pressure,102246.0
1653726310,D,Gas,601.2979736328125
1653726310,D,Accelerometer,0.0
1653726310,D,Light,412.0
1653726310,D,MIC,3.0
1653726310,D,RSSI,67.0
1653726311,F,Temperature,21.94499969482422
1653726311,F,Humidity,35.87099838256836
1653726311,F,Pressure,102256.0
1653726311,F,Gas,570.4190063476562
1653726311,F,Accelerometer,0.0
1653726311,F,Light,481.0
1653726311,F,MIC,3.0
1653726311,F,RSSI,78.0
1653726311,E,Temperature,20.45499992370605
1653726311,E,Humidity,38.06399917602539
1653726311,E,Pressure,102221.0
1653726311,E,Gas,606.9559936523438
1653726311,E,Accelerometer,0.0
1653726311,E,Light,799.0
1653726311,E,MIC,3.0
1653726311,E,RSSI,68.0
1653726312,B,Temperature,21.48500061035156
1653726312,B,Humidity,38.86000061035156
1653726312,B,Pressure,102184.0
1653726312,B,Gas,680.9739990234375
1653726312,B,Accelerometer,0.0
1653726312,B,Light,36.0
1653726312,B,MIC,3.0
1653726312,B,RSSI,65.0
1653726313,A,Temperature,22.184999465942386
1653726313,A,Humidity,36.108001708984375
1653726313,A,Pressure,102210.0
1653726313,A,Gas,528.6890258789061
1653726313,A,Accelerometer,0.0
1653726313,A,Light,95.0
1653726313,A,MIC,3.0
1653726313,A,RSSI,89.0
1653726313,H,Temperature,21.81599998474121
1653726313,H,Humidity,35.78900146484375
1653726313,H,Pressure,102237.0
1653726313,H,Gas,923.6209716796876
1653726313,H,Accelerometer,0.0
1653726313,H,Light,1476.0
1653726313,H,IR,0.0
1653726313,H,MIC,3.0
1653726314,G,Temperature,21.96500015258789
1653726314,G,Humidity,36.98400115966797
1653726314,G,Pressure,102241.0
1653726314,G,Gas,550.1259765625
1653726314,G,Accelerometer,0.0
1653726314,G,Light,363.0
1653726314,G,MIC,3.0
1653726314,G,RSSI,72.0
1653726314,H,Temperature,21.80599975585937
1653726314,H,Humidity,35.80799865722656
1653726314,H,Pressure,102241.0
1653726314,H,Gas,933.9169921875
1653726314,H,Accelerometer,0.0
1653726314,H,Light,1475.0
1653726314,H,IR,0.0
1653726314,H,MIC,3.0
1653726315,H,Temperature,21.81599998474121
1653726315,H,Humidity,35.78799819946289
1653726315,H,Pressure,102237.0
1653726315,H,Gas,936.5850219726562
1653726315,H,Accelerometer,0.0
1653726315,H,Light,1484.0
1653726315,H,IR,0.0
1653726315,H,MIC,3.0
1653726316,B,Temperature,21.475000381469727
1653726316,B,Humidity,38.89300155639648
1653726316,B,Pressure,102178.0
1653726316,B,Gas,685.6019897460938
1653726316,B,Accelerometer,0.0
1653726316,B,Light,36.0
1653726316,B,MIC,3.0
1653726316,B,RSSI,65.0
1653726317,C,Temperature,22.334999084472656
1653726317,C,Humidity,35.69300079345703
1653726317,C,Pressure,102241.0
1653726317,C,Gas,558.5250244140625
1653726317,C,Accelerometer,0.0
1653726317,C,Light,4048.0
1653726317,C,MIC,1.0
1653726317,C,RSSI,91.0
1653726318,H,Temperature,21.81599998474121
1653726318,H,Humidity,35.79399871826172
1653726318,H,Pressure,102237.0
1653726318,H,Gas,935.5059814453124
1653726318,H,Accelerometer,0.0
1653726318,H,Light,1480.0
1653726318,H,IR,0.0
1653726318,H,MIC,3.0
1653726320,D,Temperature,21.024999618530273
1653726320,D,Humidity,36.902000427246094
1653726320,D,Pressure,102246.0
1653726320,D,Gas,607.7219848632812
1653726320,D,Accelerometer,0.0
1653726320,D,Light,415.0
1653726320,D,MIC,3.0
1653726320,D,RSSI,67.0
1653726321,E,Temperature,20.45499992370605
1653726321,E,Humidity,38.05799865722656
1653726321,E,Pressure,102223.0
1653726321,E,Gas,608.3090209960938
1653726321,E,Accelerometer,0.0
1653726321,E,Light,799.0
1653726321,E,MIC,3.0
1653726321,E,RSSI,68.0
1653726321,F,Temperature,21.94499969482422
1653726321,F,Humidity,35.83700180053711
1653726321,F,Pressure,102256.0
1653726321,F,Gas,568.4310302734375
1653726321,F,Accelerometer,0.0
1653726321,F,Light,492.0
1653726321,F,MIC,3.0
1653726321,F,RSSI,78.0
1653726322,H,Temperature,21.80599975585937
1653726322,H,Humidity,35.80799865722656
1653726322,H,Pressure,102239.0
1653726322,H,Gas,943.6589965820312
1653726322,H,Accelerometer,0.0
1653726322,H,Light,1477.0
1653726322,H,IR,0.0
1653726322,H,MIC,3.0
1653726323,G,Temperature,21.95499992370605
1653726323,G,Humidity,37.00299835205078
1653726323,G,Pressure,102239.0
1653726323,G,Gas,548.9819946289061
1653726323,G,Accelerometer,0.0
1653726323,G,Light,358.0
1653726323,G,MIC,3.0
1653726323,G,RSSI,72.0
1653726323,A,Temperature,22.184999465942386
1653726323,A,Humidity,36.097999572753906
1653726323,A,Pressure,102210.0
1653726323,A,Gas,524.8560180664061
1653726323,A,Accelerometer,0.0
1653726323,A,Light,95.0
1653726323,A,MIC,3.0
1653726323,A,RSSI,89.0
1653726325,H,Temperature,21.81599998474121
1653726325,H,Humidity,35.792999267578125
1653726325,H,Pressure,102237.0
1653726325,H,Gas,941.905029296875
1653726325,H,Accelerometer,0.0
1653726325,H,Light,1478.0
1653726325,H,IR,0.0
1653726325,H,MIC,3.0
1653726326,B,Temperature,21.475000381469727
1653726326,B,Humidity,38.85499954223633
1653726326,B,Pressure,102184.0
1653726326,B,Gas,702.8389892578125
1653726326,B,Accelerometer,0.0
1653726326,B,Light,36.0
1653726326,B,MIC,3.0
1653726326,B,RSSI,68.0
1653726327,C,Temperature,22.325000762939453
1653726327,C,Humidity,35.68600082397461
1653726327,C,Pressure,102235.0
1653726327,C,Gas,562.7890014648439
1653726327,C,Accelerometer,0.0
1653726327,C,Light,4091.0
1653726327,C,MIC,1.0
1653726327,C,RSSI,91.0
1653726327,H,Temperature,21.81599998474121
1653726327,H,Humidity,35.790000915527344
1653726327,H,Pressure,102239.0
1653726327,H,Gas,942.197998046875
1653726327,H,Accelerometer,0.0
1653726327,H,Light,1477.0
1653726327,H,IR,0.0
1653726327,H,MIC,3.0
1653726330,D,Temperature,21.03499984741211
1653726330,D,Humidity,36.90299987792969
1653726330,D,Pressure,102246.0
1653726330,D,Gas,605.85302734375
1653726330,D,Accelerometer,0.0
1653726330,D,Light,416.0
1653726330,D,MIC,3.0
1653726330,D,RSSI,67.0
1653726330,H,Temperature,21.81599998474121
1653726330,H,Humidity,35.79600143432617
1653726330,H,Pressure,102237.0
1653726330,H,Gas,939.4749755859376
1653726330,H,Accelerometer,0.0
1653726330,H,Light,1484.0
1653726330,H,IR,0.0
1653726330,H,MIC,3.0
1653726331,E,Temperature,20.45499992370605
1653726331,E,Humidity,38.04399871826172
1653726331,E,Pressure,102223.0
1653726331,E,Gas,612.14599609375
1653726331,E,Accelerometer,0.0
1653726331,E,Light,802.0
1653726331,E,MIC,3.0
1653726331,E,RSSI,68.0
1653726331,F,Temperature,21.94499969482422
1653726331,F,Humidity,35.834999084472656
1653726331,F,Pressure,102256.0
1653726331,F,Gas,574.2830200195312
1653726331,F,Accelerometer,0.0
1653726331,F,Light,503.0
1653726331,F,MIC,3.0
1653726331,F,RSSI,78.0
1653726332,G,Temperature,21.95499992370605
1653726332,G,Humidity,37.02000045776367
1653726332,G,Pressure,102241.0
1653726332,G,Gas,554.7410278320311
1653726332,G,Accelerometer,0.0
1653726332,G,Light,354.0
1653726332,G,MIC,3.0
1653726332,G,RSSI,72.0
1653726332,A,Temperature,22.174999237060547
1653726332,A,Humidity,36.11800003051758
1653726332,A,Pressure,102210.0
1653726332,A,Gas,522.0700073242189
1653726332,A,Accelerometer,0.0
1653726332,A,Light,95.0
1653726332,A,MIC,3.0
1653726332,A,RSSI,89.0
1653726337,H,Temperature,21.81599998474121
1653726337,H,Humidity,35.79600143432617
1653726337,H,Pressure,102239.0
1653726337,H,Gas,939.0759887695312
1653726337,H,Accelerometer,0.0
1653726337,H,Light,1484.0
1653726337,H,IR,0.0
1653726337,H,MIC,3.0
1653726337,B,Temperature,21.475000381469727
1653726337,B,Humidity,38.90299987792969
1653726337,B,Pressure,102182.0
1653726337,B,Gas,706.3820190429688
1653726337,B,Accelerometer,0.0
1653726337,B,Light,36.0
1653726337,B,MIC,3.0
1653726337,B,RSSI,68.0
1653726337,C,Temperature,22.315000534057614
1653726337,C,Humidity,35.67699813842773
1653726337,C,Pressure,102237.0
1653726337,C,Gas,562.2449951171875
1653726337,C,Accelerometer,0.0
1653726337,C,Light,4100.0
1653726337,C,MIC,1.0
1653726337,C,RSSI,66.0
1653726338,H,Temperature,21.81599998474121
1653726338,H,Humidity,35.79199981689453
1653726338,H,Pressure,102237.0
1653726338,H,Gas,943.2109985351562
1653726338,H,Accelerometer,0.0
1653726338,H,Light,1486.0
1653726338,H,IR,0.0
1653726338,H,MIC,3.0
1653726340,D,Temperature,21.03499984741211
1653726340,D,Humidity,36.88800048828125
1653726340,D,Pressure,102248.0
1653726340,D,Gas,612.9249877929688
1653726340,D,Accelerometer,0.0
1653726340,D,Light,420.0
1653726340,D,MIC,3.0
1653726340,D,RSSI,67.0
1653726340,H,Temperature,21.81599998474121
1653726340,H,Humidity,35.810001373291016
1653726340,H,Pressure,102237.0
1653726340,H,Gas,943.072998046875
1653726340,H,Accelerometer,0.0
1653726340,H,Light,1480.0
1653726340,H,IR,0.0
1653726340,H,MIC,3.0
1653726341,E,Temperature,20.45499992370605
1653726341,E,Humidity,38.058998107910156
1653726341,E,Pressure,102219.0
1653726341,E,Gas,617.968994140625
1653726341,E,Accelerometer,0.0
1653726341,E,Light,803.0
1653726341,E,MIC,3.0
1653726341,E,RSSI,68.0
1653726341,F,Temperature,21.94499969482422
1653726341,F,Humidity,35.827999114990234
1653726341,F,Pressure,102256.0
1653726341,F,Gas,579.5369873046875
1653726341,F,Accelerometer,0.0
1653726341,F,Light,515.0
1653726341,F,MIC,3.0
1653726341,F,RSSI,79.0
1653726342,A,Temperature,22.184999465942386
1653726342,A,Humidity,36.13999938964844
1653726342,A,Pressure,102212.0
1653726342,A,Gas,517.1530151367189
1653726342,A,Accelerometer,0.0
1653726342,A,Light,94.0
1653726342,A,MIC,3.0
1653726342,A,RSSI,89.0
1653726342,G,Temperature,21.95499992370605
1653726342,G,Humidity,37.04700088500977
1653726342,G,Pressure,102241.0
1653726342,G,Gas,556.489990234375
1653726342,G,Accelerometer,0.0
1653726342,G,Light,349.0
1653726342,G,MIC,3.0
1653726342,G,RSSI,72.0
1653726342,H,Temperature,21.81599998474121
1653726342,H,Humidity,35.79800033569336
1653726342,H,Pressure,102239.0
1653726342,H,Gas,944.489990234375
1653726342,H,Accelerometer,0.0
1653726342,H,Light,1482.0
1653726342,H,IR,0.0
1653726342,H,MIC,3.0
1653726346,H,Temperature,21.81599998474121
1653726346,H,Humidity,35.821998596191406
1653726346,H,Pressure,102239.0
1653726346,H,Gas,962.7730102539062
1653726346,H,Accelerometer,0.0
1653726346,H,Light,1483.0
1653726346,H,IR,0.0
1653726346,H,MIC,3.0
1653726346,B,Temperature,21.475000381469727
1653726346,B,Humidity,38.89899826049805
1653726346,B,Pressure,102180.0
1653726346,B,Gas,727.3170166015625
1653726346,B,Accelerometer,0.0
1653726346,B,Light,37.0
1653726346,B,MIC,3.0
1653726346,B,RSSI,68.0
1653726347,C,Temperature,22.334999084472656
1653726347,C,Humidity,35.66400146484375
1653726347,C,Pressure,102241.0
1653726347,C,Gas,563.6680297851562
1653726347,C,Accelerometer,0.0
1653726347,C,Light,4108.0
1653726347,C,MIC,1.0
1653726347,C,RSSI,66.0
1653726349,H,Temperature,21.81599998474121
1653726349,H,Humidity,35.83300018310547
1653726349,H,Pressure,102239.0
1653726349,H,Gas,969.510009765625
1653726349,H,Accelerometer,0.0
1653726349,H,Light,1484.0
1653726349,H,IR,0.0
1653726349,H,MIC,3.0
1653726350,D,Temperature,21.03499984741211
1653726350,D,Humidity,36.90700149536133
1653726350,D,Pressure,102244.0
1653726350,D,Gas,617.7369995117188
1653726350,D,Accelerometer,0.0
1653726350,D,Light,422.0
1653726350,D,MIC,3.0
1653726350,D,RSSI,67.0
1653726351,F,Temperature,21.94499969482422
1653726351,F,Humidity,35.83300018310547
1653726351,F,Pressure,102256.0
1653726351,F,Gas,582.2559814453125
1653726351,F,Accelerometer,0.0
1653726351,F,Light,534.0
1653726351,F,MIC,3.0
1653726351,F,RSSI,79.0
1653726351,E,Temperature,20.46500015258789
1653726351,E,Humidity,38.040000915527344
1653726351,E,Pressure,102223.0
1653726351,E,Gas,623.81201171875
1653726351,E,Accelerometer,0.0
1653726351,E,Light,810.0
1653726351,E,MIC,3.0
1653726351,E,RSSI,68.0
1653726352,H,Temperature,21.80599975585937
1653726352,H,Humidity,35.85499954223633
1653726352,H,Pressure,102239.0
1653726352,H,Gas,968.3920288085938
1653726352,H,Accelerometer,0.0
1653726352,H,Light,1492.0
1653726352,H,IR,0.0
1653726352,H,MIC,3.0
1653726352,A,Temperature,22.174999237060547
1653726352,A,Humidity,36.21200180053711
1653726352,A,Pressure,102212.0
1653726352,A,Gas,518.9089965820311
1653726352,A,Accelerometer,0.0
1653726352,A,Light,94.0
1653726352,A,MIC,3.0
1653726352,A,RSSI,83.0
1653726352,G,Temperature,21.96500015258789
1653726352,G,Humidity,37.02000045776367
1653726352,G,Pressure,102245.0
1653726352,G,Gas,557.4039916992189
1653726352,G,Accelerometer,0.0
1653726352,G,Light,346.0
1653726352,G,MIC,3.0
1653726352,G,RSSI,71.0
1653726355,H,Temperature,21.80599975585937
1653726355,H,Humidity,35.88600158691406
1653726355,H,Pressure,102239.0
1653726355,H,Gas,977.5809936523438
1653726355,H,Accelerometer,0.0
1653726355,H,Light,1492.0
1653726355,H,IR,0.0
1653726355,H,MIC,3.0
1653726356,B,Temperature,21.475000381469727
1653726356,B,Humidity,38.88600158691406
1653726356,B,Pressure,102182.0
1653726356,B,Gas,734.6240234375
1653726356,B,Accelerometer,0.0
1653726356,B,Light,37.0
1653726356,B,MIC,3.0
1653726356,B,RSSI,68.0
1653726357,C,Temperature,22.315000534057614
1653726357,C,Humidity,35.66699981689453
1653726357,C,Pressure,102239.0
1653726357,C,Gas,561.4520263671875
1653726357,C,Accelerometer,0.0
1653726357,C,Light,4058.0
1653726357,C,MIC,1.0
1653726357,C,RSSI,66.0
1653726358,H,Temperature,21.81599998474121
1653726358,H,Humidity,35.849998474121094
1653726358,H,Pressure,102237.0
1653726358,H,Gas,976.594970703125
1653726358,H,Accelerometer,0.0
1653726358,H,Light,1492.0
1653726358,H,IR,0.0
1653726358,H,MIC,3.0
1653726360,D,Temperature,21.03499984741211
1653726360,D,Humidity,36.8759994506836
1653726360,D,Pressure,102248.0
1653726360,D,Gas,622.6339721679688
1653726360,D,Accelerometer,0.0
1653726360,D,Light,424.0
1653726360,D,MIC,3.0
1653726360,D,RSSI,60.0
1653726361,H,Temperature,21.81599998474121
1653726361,H,Humidity,35.84600067138672
1653726361,H,Pressure,102241.0
1653726361,H,Gas,980.2210083007812
1653726361,H,Accelerometer,0.0
1653726361,H,Light,1493.0
1653726361,H,IR,0.0
1653726361,H,MIC,3.0
1653726361,E,Temperature,20.45499992370605
1653726361,E,Humidity,38.05199813842773
1653726361,E,Pressure,102221.0
1653726361,E,Gas,625.7650146484375
1653726361,E,Accelerometer,0.0
1653726361,E,Light,810.0
1653726361,E,MIC,3.0
1653726361,E,RSSI,69.0
1653726361,F,Temperature,21.94499969482422
1653726361,F,Humidity,35.83300018310547
1653726361,F,Pressure,102256.0
1653726361,F,Gas,583.5960083007812
1653726361,F,Accelerometer,0.0
1653726361,F,Light,549.0
1653726361,F,MIC,3.0
1653726361,F,RSSI,79.0
1653726363,G,Temperature,21.95499992370605
1653726363,G,Humidity,37.03900146484375
1653726363,G,Pressure,102241.0
1653726363,G,Gas,559.2620239257811
1653726363,G,Accelerometer,0.0
1653726363,G,Light,343.0
1653726363,G,MIC,3.0
1653726363,G,RSSI,71.0
1653726363,A,Temperature,22.174999237060547
1653726363,A,Humidity,36.25199890136719
1653726363,A,Pressure,102214.0
1653726363,A,Gas,516.6370239257811
1653726363,A,Accelerometer,0.0
1653726363,A,Light,94.0
1653726363,A,MIC,3.0
1653726363,A,RSSI,83.0
1653726365,H,Temperature,21.80599975585937
1653726365,H,Humidity,35.84700012207031
1653726365,H,Pressure,102241.0
1653726365,H,Gas,981.406005859375
1653726365,H,Accelerometer,0.0
1653726365,H,Light,1492.0
1653726365,H,IR,0.0
1653726365,H,MIC,3.0
1653726366,B,Temperature,21.475000381469727
1653726366,B,Humidity,38.89699935913086
1653726366,B,Pressure,102180.0
1653726366,B,Gas,752.9739990234375
1653726366,B,Accelerometer,0.0
1653726366,B,Light,37.0
1653726366,B,MIC,3.0
1653726366,B,RSSI,68.0
1653726367,H,Temperature,21.79599952697754
1653726367,H,Humidity,35.85300064086914
1653726367,H,Pressure,102237.0
1653726367,H,Gas,967.8109741210938
1653726367,H,Accelerometer,0.0
1653726367,H,Light,1492.0
1653726367,H,IR,0.0
1653726367,H,MIC,3.0
1653726367,C,Temperature,22.315000534057614
1653726367,C,Humidity,35.67599868774414
1653726367,C,Pressure,102239.0
1653726367,C,Gas,558.843994140625
1653726367,C,Accelerometer,0.0
1653726367,C,Light,4026.0
1653726367,C,MIC,1.0
1653726367,C,RSSI,66.0
1653726370,D,Temperature,21.024999618530273
1653726370,D,Humidity,36.90499877929688
1653726370,D,Pressure,102246.0
1653726370,D,Gas,629.3610229492188
1653726370,D,Accelerometer,0.0
1653726370,D,Light,425.0
1653726370,D,MIC,3.0
1653726370,D,RSSI,60.0
1653726371,E,Temperature,20.45499992370605
1653726371,E,Humidity,38.04800033569336
1653726371,E,Pressure,102223.0
1653726371,E,Gas,630.39697265625
1653726371,E,Accelerometer,0.0
1653726371,E,Light,817.0
1653726371,E,MIC,3.0
1653726371,E,RSSI,69.0
1653726372,A,Temperature,22.174999237060547
1653726372,A,Humidity,36.290000915527344
1653726372,A,Pressure,102210.0
1653726372,A,Gas,522.4340209960939
1653726372,A,Accelerometer,0.0
1653726372,A,Light,93.0
1653726372,A,MIC,3.0
1653726372,A,RSSI,83.0
1653726373,H,Temperature,21.80599975585937
1653726373,H,Humidity,35.8390007019043
1653726373,H,Pressure,102241.0
1653726373,H,Gas,985.8729858398438
1653726373,H,Accelerometer,0.0
1653726373,H,Light,1495.0
1653726373,H,IR,0.0
1653726373,H,MIC,3.0
1653726373,F,Temperature,21.94499969482422
1653726373,F,Humidity,35.821998596191406
1653726373,F,Pressure,102256.0
1653726373,F,Gas,583.4210205078125
1653726373,F,Accelerometer,0.0
1653726373,F,Light,562.0
1653726373,F,MIC,3.0
1653726373,F,RSSI,79.0
1653726373,G,Temperature,21.96500015258789
1653726373,G,Humidity,37.03099822998047
1653726373,G,Pressure,102241.0
1653726373,G,Gas,559.531982421875
1653726373,G,Accelerometer,0.0
1653726373,G,Light,339.0
1653726373,G,MIC,3.0
1653726373,G,RSSI,71.0
1653726374,H,Temperature,21.80599975585937
1653726374,H,Humidity,35.83100128173828
1653726374,H,Pressure,102239.0
1653726374,H,Gas,991.1370239257812
1653726374,H,Accelerometer,0.0
1653726374,H,Light,1486.0
1653726374,H,IR,0.0
1653726374,H,MIC,3.0
1653726376,H,Temperature,21.80599975585937
1653726376,H,Humidity,35.8380012512207
1653726376,H,Pressure,102241.0
1653726376,H,Gas,1003.3759765625
1653726376,H,Accelerometer,0.0
1653726376,H,Light,1488.0
1653726376,H,IR,0.0
1653726376,H,MIC,3.0
1653726376,B,Temperature,21.48500061035156
1653726376,B,Humidity,38.89500045776367
1653726376,B,Pressure,102184.0
1653726376,B,Gas,770.4600219726562
1653726376,B,Accelerometer,0.0
1653726376,B,Light,37.0
1653726376,B,MIC,3.0
1653726376,B,RSSI,65.0
1653726377,C,Temperature,22.334999084472656
1653726377,C,Humidity,35.6349983215332
1653726377,C,Pressure,102241.0
1653726377,C,Gas,559.5679931640625
1653726377,C,Accelerometer,0.0
1653726377,C,Light,3987.0
1653726377,C,MIC,1.0
1653726377,C,RSSI,66.0
1653726379,H,Temperature,21.79599952697754
1653726379,H,Humidity,35.86199951171875
1653726379,H,Pressure,102237.0
1653726379,H,Gas,1003.2210083007812
1653726379,H,Accelerometer,0.0
1653726379,H,Light,1487.0
1653726379,H,IR,0.0
1653726379,H,MIC,3.0
1653726380,D,Temperature,21.024999618530273
1653726380,D,Humidity,36.91799926757813
1653726380,D,Pressure,102246.0
1653726380,D,Gas,636.3889770507812
1653726380,D,Accelerometer,0.0
1653726380,D,Light,426.0
1653726380,D,MIC,3.0
1653726380,D,RSSI,60.0
1653726381,E,Temperature,20.45499992370605
1653726381,E,Humidity,38.04600143432617
1653726381,E,Pressure,102223.0
1653726381,E,Gas,640.802001953125
1653726381,E,Accelerometer,0.0
1653726381,E,Light,815.0
1653726381,E,MIC,3.0
1653726381,E,RSSI,69.0
1653726381,F,Temperature,21.95499992370605
1653726381,F,Humidity,35.82500076293945
1653726381,F,Pressure,102262.0
1653726381,F,Gas,590.3709716796875
1653726381,F,Accelerometer,0.0
1653726381,F,Light,578.0
1653726381,F,MIC,3.0
1653726381,F,RSSI,79.0
1653726382,H,Temperature,21.79599952697754
1653726382,H,Humidity,35.840999603271484
1653726382,H,Pressure,102239.0
1653726382,H,Gas,1006.093994140625
1653726382,H,Accelerometer,0.0
1653726382,H,Light,1486.0
1653726382,H,IR,0.0
1653726382,H,MIC,3.0
1653726382,G,Temperature,21.96500015258789
1653726382,G,Humidity,37.00699996948242
1653726382,G,Pressure,102243.0
1653726382,G,Gas,563.8480224609375
1653726382,G,Accelerometer,0.0
1653726382,G,Light,336.0
1653726382,G,MIC,3.0
1653726382,G,RSSI,71.0
1653726383,A,Temperature,22.184999465942386
1653726383,A,Humidity,36.26499938964844
1653726383,A,Pressure,102214.0
1653726383,A,Gas,525.52001953125
1653726383,A,Accelerometer,0.0
1653726383,A,Light,93.0
1653726383,A,MIC,3.0
1653726383,A,RSSI,83.0
1653726385,H,Temperature,21.785999298095703
1653726385,H,Humidity,35.861000061035156
1653726385,H,Pressure,102237.0
1653726385,H,Gas,1005.291015625
1653726385,H,Accelerometer,0.0
1653726385,H,Light,1489.0
1653726385,H,IR,0.0
1653726385,H,MIC,3.0
1653726386,B,Temperature,21.48500061035156
1653726386,B,Humidity,38.867000579833984
1653726386,B,Pressure,102182.0
1653726386,B,Gas,766.7680053710938
1653726386,B,Accelerometer,0.0
1653726386,B,Light,37.0
1653726386,B,MIC,3.0
1653726386,B,RSSI,65.0
1653726387,C,Temperature,22.34499931335449
1653726387,C,Humidity,35.641998291015625
1653726387,C,Pressure,102241.0
1653726387,C,Gas,563.3740234375
1653726387,C,Accelerometer,0.0
1653726387,C,Light,3906.0
1653726387,C,MIC,1.0
1653726387,C,RSSI,66.0
1653726388,H,Temperature,21.79599952697754
1653726388,H,Humidity,35.827999114990234
1653726388,H,Pressure,102239.0
1653726388,H,Gas,998.958984375
1653726388,H,Accelerometer,0.0
1653726388,H,Light,1495.0
1653726388,H,IR,0.0
1653726388,H,MIC,3.0
1653726390,D,Temperature,21.024999618530273
1653726390,D,Humidity,36.89599990844727
1653726390,D,Pressure,102246.0
1653726390,D,Gas,639.7230224609375
1653726390,D,Accelerometer,0.0
1653726390,D,Light,427.0
1653726390,D,MIC,3.0
1653726390,D,RSSI,60.0
1653726391,F,Temperature,21.94499969482422
1653726391,F,Humidity,35.83700180053711
1653726391,F,Pressure,102256.0
1653726391,F,Gas,592.7249755859375
1653726391,F,Accelerometer,0.0
1653726391,F,Light,588.0
1653726391,F,MIC,3.0
1653726391,F,RSSI,85.0
1653726391,E,Temperature,20.45499992370605
1653726391,E,Humidity,38.04100036621094
1653726391,E,Pressure,102223.0
1653726391,E,Gas,644.35302734375
1653726391,E,Accelerometer,0.0
1653726391,E,Light,818.0
1653726391,E,MIC,3.0
1653726391,E,RSSI,69.0
1653726391,H,Temperature,21.785999298095703
1653726391,H,Humidity,35.83599853515625
1653726391,H,Pressure,102241.0
1653726391,H,Gas,994.7680053710938
1653726391,H,Accelerometer,0.0
1653726391,H,Light,1490.0
1653726391,H,IR,0.0
1653726391,H,MIC,3.0
1653726392,G,Temperature,21.95499992370605
1653726392,G,Humidity,37.02199935913086
1653726392,G,Pressure,102243.0
1653726392,G,Gas,558.926025390625
1653726392,G,Accelerometer,0.0
1653726392,G,Light,333.0
1653726392,G,MIC,3.0
1653726392,G,RSSI,71.0
1653726392,A,Temperature,22.165000915527344
1653726392,A,Humidity,36.30699920654297
1653726392,A,Pressure,102212.0
1653726392,A,Gas,524.4459838867189
1653726392,A,Accelerometer,0.0
1653726392,A,Light,93.0
1653726392,A,MIC,3.0
1653726392,A,RSSI,83.0
1653726394,H,Temperature,21.785999298095703
1653726394,H,Humidity,35.803001403808594
1653726394,H,Pressure,102241.0
1653726394,H,Gas,994.9730224609376
1653726394,H,Accelerometer,0.0
1653726394,H,Light,1483.0
1653726394,H,IR,0.0
1653726394,H,MIC,3.0
1653726396,B,Temperature,21.48500061035156
1653726396,B,Humidity,38.8759994506836
1653726396,B,Pressure,102182.0
1653726396,B,Gas,779.1729736328125
1653726396,B,Accelerometer,0.0
1653726396,B,Light,37.0
1653726396,B,MIC,3.0
1653726396,B,RSSI,65.0
1653726397,C,Temperature,22.34499931335449
1653726397,C,Humidity,35.65700149536133
1653726397,C,Pressure,102239.0
1653726397,C,Gas,567.5009765625
1653726397,C,Accelerometer,0.0
1653726397,C,Light,3857.0
1653726397,C,MIC,1.0
1653726397,C,RSSI,66.0
1653726397,H,Temperature,21.785999298095703
1653726397,H,Humidity,35.80500030517578
1653726397,H,Pressure,102239.0
1653726397,H,Gas,1009.5759887695312
1653726397,H,Accelerometer,0.0
1653726397,H,Light,1485.0
1653726397,H,IR,0.0
1653726397,H,MIC,3.0
1653726400,D,Temperature,21.03499984741211
1653726400,D,Humidity,36.90999984741211
1653726400,D,Pressure,102244.0
1653726400,D,Gas,639.5570068359375
1653726400,D,Accelerometer,0.0
1653726400,D,Light,427.0
1653726400,D,MIC,3.0
1653726400,D,RSSI,60.0
1653726401,E,Temperature,20.45499992370605
1653726401,E,Humidity,38.053001403808594
1653726401,E,Pressure,102221.0
1653726401,E,Gas,651.5780029296875
1653726401,E,Accelerometer,0.0
1653726401,E,Light,815.0
1653726401,E,MIC,3.0
1653726401,E,RSSI,69.0
1653726401,H,Temperature,21.79599952697754
1653726401,H,Humidity,35.790000915527344
1653726401,H,Pressure,102237.0
1653726401,H,Gas,1021.0230102539062
1653726401,H,Accelerometer,0.0
1653726401,H,Light,75.0
1653726401,H,IR,0.0
1653726401,H,MIC,3.0
1653726401,F,Temperature,21.94499969482422
1653726401,F,Humidity,35.82699966430664
1653726401,F,Pressure,102256.0
1653726401,F,Gas,598.0059814453125
1653726401,F,Accelerometer,0.0
1653726401,F,Light,598.0
1653726401,F,MIC,3.0
1653726401,F,RSSI,85.0
1653726402,A,Temperature,22.174999237060547
1653726402,A,Humidity,36.27399826049805
1653726402,A,Pressure,102210.0
1653726402,A,Gas,532.3289794921875
1653726402,A,Accelerometer,0.0
1653726402,A,Light,93.0
1653726402,A,MIC,3.0
1653726402,A,RSSI,84.0
1653726402,G,Temperature,21.95499992370605
1653726402,G,Humidity,37.03099822998047
1653726402,G,Pressure,102239.0
1653726402,G,Gas,568.3140258789062
1653726402,G,Accelerometer,0.0
1653726402,G,Light,329.0
1653726402,G,MIC,3.0
1653726402,G,RSSI,72.0
1653726403,H,Temperature,21.785999298095703
1653726403,H,Humidity,35.83300018310547
1653726403,H,Pressure,102237.0
1653726403,H,Gas,1013.1290283203124
1653726403,H,Accelerometer,0.0
1653726403,H,Light,75.0
1653726403,H,IR,0.0
1653726403,H,MIC,3.0
1653726406,H,Temperature,21.785999298095703
1653726406,H,Humidity,35.81700134277344
1653726406,H,Pressure,102237.0
1653726406,H,Gas,1019.31298828125
1653726406,H,Accelerometer,0.0
1653726406,H,Light,75.0
1653726406,H,IR,0.0
1653726406,H,MIC,3.0
1653726406,B,Temperature,21.48500061035156
1653726406,B,Humidity,38.84700012207031
1653726406,B,Pressure,102182.0
1653726406,B,Gas,797.6170043945312
1653726406,B,Accelerometer,0.0
1653726406,B,Light,31.0
1653726406,B,MIC,3.0
1653726406,B,RSSI,65.0
1653726407,C,Temperature,22.34499931335449
1653726407,C,Humidity,35.6349983215332
1653726407,C,Pressure,102239.0
1653726407,C,Gas,565.6259765625
1653726407,C,Accelerometer,0.0
1653726407,C,Light,3843.0
1653726407,C,MIC,1.0
1653726407,C,RSSI,66.0
1653726410,H,Temperature,21.785999298095703
1653726410,H,Humidity,35.83300018310547
1653726410,H,Pressure,102237.0
1653726410,H,Gas,1022.1079711914062
1653726410,H,Accelerometer,0.0
1653726410,H,Light,74.0
1653726410,H,IR,0.0
1653726410,H,MIC,3.0
1653726410,D,Temperature,21.045000076293945
1653726410,D,Humidity,36.88800048828125
1653726410,D,Pressure,102248.0
1653726410,D,Gas,643.2789916992188
1653726410,D,Accelerometer,0.0
1653726410,D,Light,426.0
1653726410,D,MIC,3.0
1653726410,D,RSSI,60.0
1653726411,F,Temperature,21.94499969482422
1653726411,F,Humidity,35.85300064086914
1653726411,F,Pressure,102256.0
1653726411,F,Gas,601.301025390625
1653726411,F,Accelerometer,0.0
1653726411,F,Light,615.0
1653726411,F,MIC,3.0
1653726411,F,RSSI,85.0
1653726411,E,Temperature,20.46500015258789
1653726411,E,Humidity,38.02299880981445
1653726411,E,Pressure,102223.0
1653726411,E,Gas,649.2730102539062
1653726411,E,Accelerometer,0.0
1653726411,E,Light,813.0
1653726411,E,MIC,3.0
1653726411,E,RSSI,69.0
1653726412,A,Temperature,22.184999465942386
1653726412,A,Humidity,36.27099990844727
1653726412,A,Pressure,102210.0
1653726412,A,Gas,535.2119750976561
1653726412,A,Accelerometer,0.0
1653726412,A,Light,92.0
1653726412,A,MIC,3.0
1653726412,A,RSSI,84.0
1653726412,G,Temperature,21.96500015258789
1653726412,G,Humidity,37.01900100708008
1653726412,G,Pressure,102243.0
1653726412,G,Gas,575.3060302734375
1653726412,G,Accelerometer,0.0
1653726412,G,Light,324.0
1653726412,G,MIC,3.0
1653726412,G,RSSI,72.0
1653726413,H,Temperature,21.79599952697754
1653726413,H,Humidity,35.84299850463867
1653726413,H,Pressure,102239.0
1653726413,H,Gas,1018.0670166015624
1653726413,H,Accelerometer,0.0
1653726413,H,Light,75.0
1653726413,H,IR,0.0
1653726413,H,MIC,3.0
1653726415,H,Temperature,21.79599952697754
1653726415,H,Humidity,35.86800003051758
1653726415,H,Pressure,102237.0
1653726415,H,Gas,1026.635986328125
1653726415,H,Accelerometer,0.0
1653726415,H,Light,75.0
1653726415,H,IR,0.0
1653726415,H,MIC,3.0
1653726416,B,Temperature,21.475000381469727
1653726416,B,Humidity,38.891998291015625
1653726416,B,Pressure,102184.0
1653726416,B,Gas,820.9829711914062
1653726416,B,Accelerometer,0.0
1653726416,B,Light,31.0
1653726416,B,MIC,3.0
1653726416,B,RSSI,65.0
1653726417,C,Temperature,22.34499931335449
1653726417,C,Humidity,35.60900115966797
1653726417,C,Pressure,102239.0
1653726417,C,Gas,565.4929809570312
1653726417,C,Accelerometer,0.0
1653726417,C,Light,3867.0
1653726417,C,MIC,1.0
1653726417,C,RSSI,66.0
1653726419,H,Temperature,21.79599952697754
1653726419,H,Humidity,35.86399841308594
1653726419,H,Pressure,102237.0
1653726419,H,Gas,1026.76904296875
1653726419,H,Accelerometer,0.0
1653726419,H,Light,75.0
1653726419,H,IR,0.0
1653726419,H,MIC,3.0
1653726420,D,Temperature,21.03499984741211
1653726420,D,Humidity,36.91999816894531
1653726420,D,Pressure,102248.0
1653726420,D,Gas,651.4849853515625
1653726420,D,Accelerometer,0.0
1653726420,D,Light,423.0
1653726420,D,MIC,3.0
1653726420,D,RSSI,60.0
1653726421,F,Temperature,21.95499992370605
1653726421,F,Humidity,35.83300018310547
1653726421,F,Pressure,102254.0
1653726421,F,Gas,604.3980102539062
1653726421,F,Accelerometer,0.0
1653726421,F,Light,626.0
1653726421,F,MIC,3.0
1653726421,F,RSSI,85.0
1653726421,E,Temperature,20.46500015258789
1653726421,E,Humidity,38.03499984741211
1653726421,E,Pressure,102221.0
1653726421,E,Gas,655.6259765625
1653726421,E,Accelerometer,0.0
1653726421,E,Light,817.0
1653726421,E,MIC,3.0
1653726421,E,RSSI,68.0
1653726421,H,Temperature,21.785999298095703
1653726421,H,Humidity,35.900001525878906
1653726421,H,Pressure,102237.0
1653726421,H,Gas,1031.125
1653726421,H,Accelerometer,0.0
1653726421,H,Light,75.0
1653726421,H,IR,0.0
1653726421,H,MIC,3.0
1653726422,A,Temperature,22.174999237060547
1653726422,A,Humidity,36.28099822998047
1653726422,A,Pressure,102210.0
1653726422,A,Gas,533.8410034179689
1653726422,A,Accelerometer,0.0
1653726422,A,Light,92.0
1653726422,A,MIC,3.0
1653726422,A,RSSI,84.0
1653726422,G,Temperature,21.96500015258789
1653726422,G,Humidity,37.01599884033203
1653726422,G,Pressure,102243.0
1653726422,G,Gas,576.8720092773438
1653726422,G,Accelerometer,0.0
1653726422,G,Light,324.0
1653726422,G,MIC,3.0
1653726422,G,RSSI,72.0
1653726426,H,Temperature,21.785999298095703
1653726426,H,Humidity,35.880001068115234
1653726426,H,Pressure,102239.0
1653726426,H,Gas,1037.02099609375
1653726426,H,Accelerometer,0.0
1653726426,H,Light,76.0
1653726426,H,IR,0.0
1653726426,H,MIC,3.0
1653726427,B,Temperature,21.475000381469727
1653726427,B,Humidity,38.88800048828125
1653726427,B,Pressure,102182.0
1653726427,B,Gas,847.0880126953125
1653726427,B,Accelerometer,0.0
1653726427,B,Light,32.0
1653726427,B,MIC,3.0
1653726427,B,RSSI,65.0
1653726427,C,Temperature,22.354999542236328
1653726427,C,Humidity,35.58599853515625
1653726427,C,Pressure,102239.0
1653726427,C,Gas,565.0059814453125
1653726427,C,Accelerometer,0.0
1653726427,C,Light,3908.0
1653726427,C,MIC,1.0
1653726427,C,RSSI,66.0
1653726427,H,Temperature,21.775999069213867
1653726427,H,Humidity,35.85300064086914
1653726427,H,Pressure,102239.0
1653726427,H,Gas,1038.52099609375
1653726427,H,Accelerometer,0.0
1653726427,H,Light,76.0
1653726427,H,IR,0.0
1653726427,H,MIC,3.0
1653726430,D,Temperature,21.03499984741211
1653726430,D,Humidity,36.91999816894531
1653726430,D,Pressure,102248.0
1653726430,D,Gas,659.6160278320312
1653726430,D,Accelerometer,0.0
1653726430,D,Light,422.0
1653726430,D,MIC,3.0
1653726430,D,RSSI,60.0
1653726431,H,Temperature,21.775999069213867
1653726431,H,Humidity,35.84700012207031
1653726431,H,Pressure,102237.0
1653726431,H,Gas,1043.9010009765623
1653726431,H,Accelerometer,0.0
1653726431,H,Light,77.0
1653726431,H,IR,0.0
1653726431,H,MIC,3.0
1653726431,F,Temperature,21.95499992370605
1653726431,F,Humidity,35.81800079345703
1653726431,F,Pressure,102254.0
1653726431,F,Gas,601.9920043945312
1653726431,F,Accelerometer,0.0
1653726431,F,Light,639.0
1653726431,F,MIC,3.0
1653726431,F,RSSI,85.0
1653726431,E,Temperature,20.45499992370605
1653726431,E,Humidity,38.053001403808594
1653726431,E,Pressure,102221.0
1653726431,E,Gas,661.364990234375
1653726431,E,Accelerometer,0.0
1653726431,E,Light,820.0
1653726431,E,MIC,3.0
1653726431,E,RSSI,68.0
1653726432,G,Temperature,21.95499992370605
1653726432,G,Humidity,37.016998291015625
1653726432,G,Pressure,102239.0
1653726432,G,Gas,588.2589721679688
1653726432,G,Accelerometer,0.0
1653726432,G,Light,323.0
1653726432,G,MIC,3.0
1653726432,G,RSSI,72.0
1653726433,A,Temperature,22.174999237060547
1653726433,A,Humidity,36.27899932861328
1653726433,A,Pressure,102212.0
1653726433,A,Gas,533.5159912109375
1653726433,A,Accelerometer,0.0
1653726433,A,Light,92.0
1653726433,A,MIC,3.0
1653726433,A,RSSI,84.0
1653726434,H,Temperature,21.775999069213867
1653726434,H,Humidity,35.81399917602539
1653726434,H,Pressure,102239.0
1653726434,H,Gas,1044.9530029296877
1653726434,H,Accelerometer,0.0
1653726434,H,Light,78.0
1653726434,H,IR,0.0
1653726434,H,MIC,3.0
1653726437,B,Temperature,21.48500061035156
1653726437,B,Humidity,38.89699935913086
1653726437,B,Pressure,102182.0
1653726437,B,Gas,849.5120239257812
1653726437,B,Accelerometer,0.0
1653726437,B,Light,33.0
1653726437,B,MIC,3.0
1653726437,B,RSSI,65.0
1653726437,C,Temperature,22.354999542236328
1653726437,C,Humidity,35.59299850463867
1653726437,C,Pressure,102239.0
1653726437,C,Gas,566.343017578125
1653726437,C,Accelerometer,0.0
1653726437,C,Light,3928.0
1653726437,C,MIC,1.0
1653726437,C,RSSI,75.0
1653726437,H,Temperature,21.775999069213867
1653726437,H,Humidity,35.834999084472656
1653726437,H,Pressure,102237.0
1653726437,H,Gas,1051.3680419921877
1653726437,H,Accelerometer,0.0
1653726437,H,Light,79.0
1653726437,H,IR,0.0
1653726437,H,MIC,3.0
1653726440,D,Temperature,21.03499984741211
1653726440,D,Humidity,36.92699813842773
1653726440,D,Pressure,102248.0
1653726440,D,Gas,677.0050048828125
1653726440,D,Accelerometer,0.0
1653726440,D,Light,422.0
1653726440,D,MIC,3.0
1653726440,D,RSSI,60.0
1653726441,E,Temperature,20.46500015258789
1653726441,E,Humidity,38.04700088500977
1653726441,E,Pressure,102221.0
1653726441,E,Gas,684.0960083007812
1653726441,E,Accelerometer,0.0
1653726441,E,Light,822.0
1653726441,E,MIC,3.0
1653726441,E,RSSI,68.0
1653726441,H,Temperature,21.775999069213867
1653726441,H,Humidity,35.84299850463867
1653726441,H,Pressure,102239.0
1653726441,H,Gas,1051.5069580078123
1653726441,H,Accelerometer,0.0
1653726441,H,Light,81.0
1653726441,H,IR,0.0
1653726441,H,MIC,3.0
1653726442,F,Temperature,21.95499992370605
1653726442,F,Humidity,35.78900146484375
1653726442,F,Pressure,102256.0
1653726442,F,Gas,606.7100219726562
1653726442,F,Accelerometer,0.0
1653726442,F,Light,654.0
1653726442,F,MIC,3.0
1653726442,F,RSSI,78.0
1653726442,A,Temperature,22.174999237060547
1653726442,A,Humidity,36.29600143432617
1653726442,A,Pressure,102208.0
1653726442,A,Gas,535.52197265625
1653726442,A,Accelerometer,0.0
1653726442,A,Light,93.0
1653726442,A,MIC,3.0
1653726442,A,RSSI,84.0
1653726446,G,Temperature,21.96500015258789
1653726446,G,Humidity,36.972999572753906
1653726446,G,Pressure,102243.0
1653726446,G,Gas,590.0479736328125
1653726446,G,Accelerometer,0.0
1653726446,G,Light,324.0
1653726446,G,MIC,3.0
1653726446,G,RSSI,72.0
1653726447,H,Temperature,21.775999069213867
1653726447,H,Humidity,35.84000015258789
1653726447,H,Pressure,102235.0
1653726447,H,Gas,1067.2889404296877
1653726447,H,Accelerometer,0.0
1653726447,H,Light,82.0
1653726447,H,IR,0.0
1653726447,H,MIC,3.0
1653726449,H,Temperature,21.785999298095703
1653726449,H,Humidity,35.832000732421875
1653726449,H,Pressure,102241.0
1653726449,H,Gas,1073.7979736328123
1653726449,H,Accelerometer,0.0
1653726449,H,Light,84.0
1653726449,H,IR,0.0
1653726449,H,MIC,3.0
1653726449,B,Temperature,21.48500061035156
1653726449,B,Humidity,38.941001892089844
1653726449,B,Pressure,102182.0
1653726449,B,Gas,886.5440063476562
1653726449,B,Accelerometer,0.0
1653726449,B,Light,35.0
1653726449,B,MIC,3.0
1653726449,B,RSSI,65.0
1653726450,D,Temperature,21.03499984741211
1653726450,D,Humidity,36.92399978637695
1653726450,D,Pressure,102244.0
1653726450,D,Gas,695.7429809570312
1653726450,D,Accelerometer,0.0
1653726450,D,Light,422.0
1653726450,D,MIC,3.0
1653726450,D,RSSI,60.0
1653726451,E,Temperature,20.46500015258789
1653726451,E,Humidity,38.04199981689453
1653726451,E,Pressure,102221.0
1653726451,E,Gas,704.969970703125
1653726451,E,Accelerometer,0.0
1653726451,E,Light,823.0
1653726451,E,MIC,3.0
1653726451,E,RSSI,68.0
1653726451,C,Temperature,22.34499931335449
1653726451,C,Humidity,35.590999603271484
1653726451,C,Pressure,102239.0
1653726451,C,Gas,569.2260131835938
1653726451,C,Accelerometer,0.0
1653726451,C,Light,3974.0
1653726451,C,MIC,1.0
1653726451,C,RSSI,75.0
1653726451,H,Temperature,21.775999069213867
1653726451,H,Humidity,35.84600067138672
1653726451,H,Pressure,102235.0
1653726451,H,Gas,1084.072021484375
1653726451,H,Accelerometer,0.0
1653726451,H,Light,85.0
1653726451,H,IR,0.0
1653726451,H,MIC,3.0
1653726452,F,Temperature,21.95499992370605
1653726452,F,Humidity,35.79800033569336
1653726452,F,Pressure,102258.0
1653726452,F,Gas,607.3740234375
1653726452,F,Accelerometer,0.0
1653726452,F,Light,664.0
1653726452,F,MIC,3.0
1653726452,F,RSSI,78.0
1653726452,H,Temperature,21.766000747680664
1653726452,H,Humidity,35.85699844360352
1653726452,H,Pressure,102237.0
1653726452,H,Gas,1088.4730224609377
1653726452,H,Accelerometer,0.0
1653726452,H,Light,87.0
1653726452,H,IR,0.0
1653726452,H,MIC,3.0
1653726452,A,Temperature,22.174999237060547
1653726452,A,Humidity,36.28499984741211
1653726452,A,Pressure,102210.0
1653726452,A,Gas,537.3289794921875
1653726452,A,Accelerometer,0.0
1653726452,A,Light,93.0
1653726452,A,MIC,3.0
1653726452,A,RSSI,85.0
1653726452,G,Temperature,21.95499992370605
1653726452,G,Humidity,36.9739990234375
1653726452,G,Pressure,102239.0
1653726452,G,Gas,588.4520263671875
1653726452,G,Accelerometer,0.0
1653726452,G,Light,327.0
1653726452,G,MIC,3.0
1653726452,G,RSSI,70.0
1653726455,H,Temperature,21.775999069213867
1653726455,H,Humidity,35.834999084472656
1653726455,H,Pressure,102239.0
1653726455,H,Gas,1082.9429931640623
1653726455,H,Accelerometer,0.0
1653726455,H,Light,89.0
1653726455,H,IR,0.0
1653726455,H,MIC,3.0
1653726457,B,Temperature,21.48500061035156
1653726457,B,Humidity,38.92100143432617
1653726457,B,Pressure,102182.0
1653726457,B,Gas,912.5059814453124
1653726457,B,Accelerometer,0.0
1653726457,B,Light,38.0
1653726457,B,MIC,3.0
1653726457,B,RSSI,65.0
1653726458,C,Temperature,22.325000762939453
1653726458,C,Humidity,35.58599853515625
1653726458,C,Pressure,102241.0
1653726458,C,Gas,563.7239990234375
1653726458,C,Accelerometer,0.0
1653726458,C,Light,4019.0
1653726458,C,MIC,1.0
1653726458,C,RSSI,75.0
1653726459,H,Temperature,21.775999069213867
1653726459,H,Humidity,35.849998474121094
1653726459,H,Pressure,102239.0
1653726459,H,Gas,1089.02099609375
1653726459,H,Accelerometer,0.0
1653726459,H,Light,91.0
1653726459,H,IR,0.0
1653726459,H,MIC,3.0
1653726460,D,Temperature,21.03499984741211
1653726460,D,Humidity,36.92499923706055
1653726460,D,Pressure,102248.0
1653726460,D,Gas,713.8599853515625
1653726460,D,Accelerometer,0.0
1653726460,D,Light,423.0
1653726460,D,MIC,3.0
1653726460,D,RSSI,60.0
1653726461,F,Temperature,21.95499992370605
1653726461,F,Humidity,35.810001373291016
1653726461,F,Pressure,102252.0
1653726461,F,Gas,614.8709716796875
1653726461,F,Accelerometer,0.0
1653726461,F,Light,677.0
1653726461,F,MIC,3.0
1653726461,F,RSSI,78.0
1653726461,E,Temperature,20.475000381469727
1653726461,E,Humidity,38.02000045776367
1653726461,E,Pressure,102219.0
1653726461,E,Gas,737.176025390625
1653726461,E,Accelerometer,0.0
1653726461,E,Light,837.0
1653726461,E,MIC,3.0
1653726461,E,RSSI,68.0
1653726461,H,Temperature,21.775999069213867
1653726461,H,Humidity,35.84600067138672
1653726461,H,Pressure,102237.0
1653726461,H,Gas,1094.656005859375
1653726461,H,Accelerometer,0.0
1653726461,H,Light,94.0
1653726461,H,IR,0.0
1653726461,H,MIC,3.0
1653726462,G,Temperature,21.96500015258789
1653726462,G,Humidity,36.97600173950195
1653726462,G,Pressure,102241.0
1653726462,G,Gas,584.64599609375
1653726462,G,Accelerometer,0.0
1653726462,G,Light,338.0
1653726462,G,MIC,3.0
1653726462,G,RSSI,70.0
1653726464,H,Temperature,21.775999069213867
1653726464,H,Humidity,35.81100082397461
1653726464,H,Pressure,102239.0
1653726464,H,Gas,1090.2159423828123
1653726464,H,Accelerometer,0.0
1653726464,H,Light,103.0
1653726464,H,IR,0.0
1653726464,H,MIC,3.0
1653726467,A,Temperature,22.184999465942386
1653726467,A,Humidity,36.28200149536133
1653726467,A,Pressure,102208.0
1653726467,A,Gas,541.3489990234375
1653726467,A,Accelerometer,0.0
1653726467,A,Light,95.0
1653726467,A,MIC,3.0
1653726467,A,RSSI,85.0
1653726467,B,Temperature,21.48500061035156
1653726467,B,Humidity,38.89300155639648
1653726467,B,Pressure,102180.0
1653726467,B,Gas,931.0050048828124
1653726467,B,Accelerometer,0.0
1653726467,B,Light,48.0
1653726467,B,MIC,3.0
1653726467,B,RSSI,65.0
1653726467,H,Temperature,21.766000747680664
1653726467,H,Humidity,35.83399963378906
1653726467,H,Pressure,102239.0
1653726467,H,Gas,1087.282958984375
1653726467,H,Accelerometer,0.0
1653726467,H,Light,115.0
1653726467,H,IR,0.0
1653726467,H,MIC,3.0
1653726467,C,Temperature,22.325000762939453
1653726467,C,Humidity,35.6150016784668
1653726467,C,Pressure,102235.0
1653726467,C,Gas,563.8519897460938
1653726467,C,Accelerometer,0.0
1653726467,C,Light,4065.0
1653726467,C,MIC,1.0
1653726467,C,RSSI,75.0
1653726470,H,Temperature,21.766000747680664
1653726470,H,Humidity,35.83700180053711
1653726470,H,Pressure,102237.0
1653726470,H,Gas,1096.637939453125
1653726470,H,Accelerometer,0.0
1653726470,H,Light,162.0
1653726470,H,IR,0.0
1653726470,H,MIC,3.0
1653726470,D,Temperature,21.03499984741211
1653726470,D,Humidity,36.91699981689453
1653726470,D,Pressure,102244.0
1653726470,D,Gas,734.8060302734375
1653726470,D,Accelerometer,0.0
1653726470,D,Light,426.0
1653726470,D,MIC,3.0
1653726470,D,RSSI,60.0
1653726471,E,Temperature,20.475000381469727
1653726471,E,Humidity,38.027000427246094
1653726471,E,Pressure,102217.0
1653726471,E,Gas,766.6799926757812
1653726471,E,Accelerometer,0.0
1653726471,E,Light,847.0
1653726471,E,MIC,3.0
1653726471,E,RSSI,68.0
1653726472,F,Temperature,21.95499992370605
1653726472,F,Humidity,35.82699966430664
1653726472,F,Pressure,102258.0
1653726472,F,Gas,618.3389892578125
1653726472,F,Accelerometer,0.0
1653726472,F,Light,701.0
1653726472,F,MIC,3.0
1653726472,F,RSSI,78.0
1653726473,A,Temperature,22.184999465942386
1653726473,A,Humidity,36.21599960327149
1653726473,A,Pressure,102210.0
1653726473,A,Gas,545.5390014648439
1653726473,A,Accelerometer,0.0
1653726473,A,Light,104.0
1653726473,A,MIC,3.0
1653726473,A,RSSI,85.0
1653726473,G,Temperature,21.95499992370605
1653726473,G,Humidity,36.972999572753906
1653726473,G,Pressure,102237.0
1653726473,G,Gas,587.6859741210938
1653726473,G,Accelerometer,0.0
1653726473,G,Light,421.0
1653726473,G,MIC,3.0
1653726473,G,RSSI,70.0
1653726474,H,Temperature,21.775999069213867
1653726474,H,Humidity,35.816001892089844
1653726474,H,Pressure,102235.0
1653726474,H,Gas,1101.6300048828123
1653726474,H,Accelerometer,0.0
1653726474,H,Light,188.0
1653726474,H,IR,0.0
1653726474,H,MIC,3.0
1653726476,H,Temperature,21.775999069213867
1653726476,H,Humidity,35.80500030517578
1653726476,H,Pressure,102237.0
1653726476,H,Gas,1102.3330078125
1653726476,H,Accelerometer,0.0
1653726476,H,Light,265.0
1653726476,H,IR,0.0
1653726476,H,MIC,3.0
1653726477,C,Temperature,22.34499931335449
1653726477,C,Humidity,35.61999893188477
1653726477,C,Pressure,102237.0
1653726477,C,Gas,566.7990112304688
1653726477,C,Accelerometer,0.0
1653726477,C,Light,4222.0
1653726477,C,MIC,1.0
1653726477,C,RSSI,75.0
1653726479,B,Temperature,21.48500061035156
1653726479,B,Humidity,38.87300109863281
1653726479,B,Pressure,102178.0
1653726479,B,Gas,937.7420043945312
1653726479,B,Accelerometer,0.0
1653726479,B,Light,103.0
1653726479,B,MIC,3.0
1653726479,B,RSSI,68.0
1653726479,H,Temperature,21.775999069213867
1653726479,H,Humidity,35.823001861572266
1653726479,H,Pressure,102235.0
1653726479,H,Gas,1108.4339599609377
1653726479,H,Accelerometer,0.0
1653726479,H,Light,292.0
1653726479,H,IR,0.0
1653726479,H,MIC,3.0
1653726480,D,Temperature,21.045000076293945
1653726480,D,Humidity,36.92599868774414
1653726480,D,Pressure,102244.0
1653726480,D,Gas,760.97802734375
1653726480,D,Accelerometer,0.0
1653726480,D,Light,454.0
1653726480,D,MIC,3.0
1653726480,D,RSSI,60.0
1653726481,E,Temperature,20.48500061035156
1653726481,E,Humidity,38.01800155639648
1653726481,E,Pressure,102221.0
1653726481,E,Gas,791.0689697265625
1653726481,E,Accelerometer,0.0
1653726481,E,Light,908.0
1653726481,E,MIC,3.0
1653726481,E,RSSI,68.0
1653726481,F,Temperature,21.95499992370605
1653726481,F,Humidity,35.821998596191406
1653726481,F,Pressure,102258.0
1653726481,F,Gas,617.802978515625
1653726481,F,Accelerometer,0.0
1653726481,F,Light,759.0
1653726481,F,MIC,3.0
1653726481,F,RSSI,78.0
1653726482,H,Temperature,21.775999069213867
1653726482,H,Humidity,35.819000244140625
1653726482,H,Pressure,102237.0
1653726482,H,Gas,1109.8509521484377
1653726482,H,Accelerometer,0.0
1653726482,H,Light,257.0
1653726482,H,IR,0.0
1653726482,H,MIC,3.0
1653726482,G,Temperature,21.95499992370605
1653726482,G,Humidity,36.98199844360352
1653726482,G,Pressure,102239.0
1653726482,G,Gas,589.7940063476562
1653726482,G,Accelerometer,0.0
1653726482,G,Light,585.0
1653726482,G,MIC,3.0
1653726482,G,RSSI,70.0
1653726483,A,Temperature,22.174999237060547
1653726483,A,Humidity,36.22700119018555
1653726483,A,Pressure,102208.0
1653726483,A,Gas,545.5830078125
1653726483,A,Accelerometer,0.0
1653726483,A,Light,127.0
1653726483,A,MIC,3.0
1653726483,A,RSSI,85.0
1653726485,H,Temperature,21.785999298095703
1653726485,H,Humidity,35.80099868774414
1653726485,H,Pressure,102237.0
1653726485,H,Gas,1110.758056640625
1653726485,H,Accelerometer,0.0
1653726485,H,Light,275.0
1653726485,H,IR,0.0
1653726485,H,MIC,3.0
1653726487,B,Temperature,21.475000381469727
1653726487,B,Humidity,38.861000061035156
1653726487,B,Pressure,102182.0
1653726487,B,Gas,954.1599731445312
1653726487,B,Accelerometer,0.0
1653726487,B,Light,116.0
1653726487,B,MIC,3.0
1653726487,B,RSSI,68.0
1653726487,C,Temperature,22.354999542236328
1653726487,C,Humidity,35.62900161743164
1653726487,C,Pressure,102237.0
1653726487,C,Gas,564.7490234375
1653726487,C,Accelerometer,0.0
1653726487,C,Light,4297.0
1653726487,C,MIC,1.0
1653726487,C,RSSI,66.0
1653726489,H,Temperature,21.775999069213867
1653726489,H,Humidity,35.834999084472656
1653726489,H,Pressure,102237.0
1653726489,H,Gas,1112.8399658203123
1653726489,H,Accelerometer,0.0
1653726489,H,Light,201.0
1653726489,H,IR,0.0
1653726489,H,MIC,3.0
1653726490,D,Temperature,21.05500030517578
1653726490,D,Humidity,36.90800094604492
1653726490,D,Pressure,102246.0
1653726490,D,Gas,780.9829711914062
1653726490,D,Accelerometer,0.0
1653726490,D,Light,507.0
1653726490,D,MIC,3.0
1653726490,D,RSSI,60.0
1653726491,F,Temperature,21.96500015258789
1653726491,F,Humidity,35.79600143432617
1653726491,F,Pressure,102258.0
1653726491,F,Gas,621.0250244140625
1653726491,F,Accelerometer,0.0
1653726491,F,Light,803.0
1653726491,F,MIC,3.0
1653726491,F,RSSI,85.0
1653726491,E,Temperature,20.475000381469727
1653726491,E,Humidity,37.99300003051758
1653726491,E,Pressure,102221.0
1653726491,E,Gas,821.2429809570312
1653726491,E,Accelerometer,0.0
1653726491,E,Light,988.0
1653726491,E,MIC,3.0
1653726491,E,RSSI,68.0
1653726492,H,Temperature,21.785999298095703
1653726492,H,Humidity,35.821998596191406
1653726492,H,Pressure,102239.0
1653726492,H,Gas,1112.7459716796877
1653726492,H,Accelerometer,0.0
1653726492,H,Light,133.0
1653726492,H,IR,0.0
1653726492,H,MIC,3.0
1653726492,G,Temperature,21.95499992370605
1653726492,G,Humidity,36.97000122070313
1653726492,G,Pressure,102239.0
1653726492,G,Gas,593.7169799804688
1653726492,G,Accelerometer,0.0
1653726492,G,Light,421.0
1653726492,G,MIC,3.0
1653726492,G,RSSI,70.0
1653726493,A,Temperature,22.184999465942386
1653726493,A,Humidity,36.18299865722656
1653726493,A,Pressure,102208.0
1653726493,A,Gas,548.39501953125
1653726493,A,Accelerometer,0.0
1653726493,A,Light,114.0
1653726493,A,MIC,3.0
1653726493,A,RSSI,85.0
1653726495,H,Temperature,21.785999298095703
1653726495,H,Humidity,35.832000732421875
1653726495,H,Pressure,102239.0
1653726495,H,Gas,1121.0880126953123
1653726495,H,Accelerometer,0.0
1653726495,H,Light,123.0
1653726495,H,IR,0.0
1653726495,H,MIC,3.0
1653726497,B,Temperature,21.48500061035156
1653726497,B,Humidity,38.849998474121094
1653726497,B,Pressure,102180.0
1653726497,B,Gas,968.375
1653726497,B,Accelerometer,0.0
1653726497,B,Light,53.0
1653726497,B,MIC,3.0
1653726497,B,RSSI,68.0
1653726497,C,Temperature,22.364999771118164
1653726497,C,Humidity,35.5880012512207
1653726497,C,Pressure,102239.0
1653726497,C,Gas,565.8270263671875
1653726497,C,Accelerometer,1.0
1653726497,C,Light,4140.0
1653726497,C,MIC,1.0
1653726497,C,RSSI,66.0
1653726497,H,Temperature,21.785999298095703
1653726497,H,Humidity,35.84000015258789
1653726497,H,Pressure,102239.0
1653726497,H,Gas,1126.77294921875
1653726497,H,Accelerometer,0.0
1653726497,H,Light,117.0
1653726497,H,IR,0.0
1653726497,H,MIC,3.0
1653726500,D,Temperature,21.045000076293945
1653726500,D,Humidity,36.86600112915039
1653726500,D,Pressure,102246.0
1653726500,D,Gas,816.0170288085938
1653726500,D,Accelerometer,0.0
1653726500,D,Light,478.0
1653726500,D,MIC,3.0
1653726500,D,RSSI,60.0
1653726500,H,Temperature,21.785999298095703
1653726500,H,Humidity,35.84600067138672
1653726500,H,Pressure,102237.0
1653726500,H,Gas,1133.426025390625
1653726500,H,Accelerometer,0.0
1653726500,H,Light,173.0
1653726500,H,IR,0.0
1653726500,H,MIC,3.0
1653726501,F,Temperature,21.96500015258789
1653726501,F,Humidity,35.79399871826172
1653726501,F,Pressure,102258.0
1653726501,F,Gas,630.7579956054688
1653726501,F,Accelerometer,0.0
1653726501,F,Light,767.0
1653726501,F,MIC,3.0
1653726501,F,RSSI,85.0
1653726501,E,Temperature,20.475000381469727
1653726501,E,Humidity,37.99499893188477
1653726501,E,Pressure,102219.0
1653726501,E,Gas,817.14599609375
1653726501,E,Accelerometer,0.0
1653726501,E,Light,958.0
1653726501,E,MIC,3.0
1653726501,E,RSSI,68.0
1653726502,G,Temperature,21.96500015258789
1653726502,G,Humidity,36.98400115966797
1653726502,G,Pressure,102241.0
1653726502,G,Gas,587.1060180664062
1653726502,G,Accelerometer,0.0
1653726502,G,Light,489.0
1653726502,G,MIC,3.0
1653726502,G,RSSI,73.0
1653726503,A,Temperature,22.184999465942386
1653726503,A,Humidity,36.191001892089844
1653726503,A,Pressure,102210.0
1653726503,A,Gas,546.5150146484375
1653726503,A,Accelerometer,0.0
1653726503,A,Light,115.0
1653726503,A,MIC,3.0
1653726503,A,RSSI,89.0
1653726503,H,Temperature,21.79599952697754
1653726503,H,Humidity,35.83100128173828
1653726503,H,Pressure,102237.0
1653726503,H,Gas,1137.8709716796875
1653726503,H,Accelerometer,0.0
1653726503,H,Light,176.0
1653726503,H,IR,0.0
1653726503,H,MIC,3.0
1653726506,H,Temperature,21.785999298095703
1653726506,H,Humidity,35.847999572753906
1653726506,H,Pressure,102237.0
1653726506,H,Gas,1143.7939453125
1653726506,H,Accelerometer,0.0
1653726506,H,Light,186.0
1653726506,H,IR,0.0
1653726506,H,MIC,3.0
1653726507,B,Temperature,21.475000381469727
1653726507,B,Humidity,38.88199996948242
1653726507,B,Pressure,102180.0
1653726507,B,Gas,985.1259765625
1653726507,B,Accelerometer,0.0
1653726507,B,Light,89.0
1653726507,B,MIC,3.0
1653726507,B,RSSI,68.0
1653726507,C,Temperature,22.364999771118164
1653726507,C,Humidity,35.57699966430664
1653726507,C,Pressure,102239.0
1653726507,C,Gas,567.6740112304688
1653726507,C,Accelerometer,0.0
1653726507,C,Light,4096.0
1653726507,C,MIC,1.0
1653726507,C,RSSI,66.0
1653726509,H,Temperature,21.785999298095703
1653726509,H,Humidity,35.847999572753906
1653726509,H,Pressure,102239.0
1653726509,H,Gas,1157.60498046875
1653726509,H,Accelerometer,0.0
1653726509,H,Light,192.0
1653726509,H,IR,0.0
1653726509,H,MIC,3.0
1653726510,D,Temperature,21.05500030517578
1653726510,D,Humidity,36.83399963378906
1653726510,D,Pressure,102248.0
1653726510,D,Gas,828.3829956054688
1653726510,D,Accelerometer,0.0
1653726510,D,Light,482.0
1653726510,D,MIC,3.0
1653726510,D,RSSI,66.0
1653726511,E,Temperature,20.475000381469727
1653726511,E,Humidity,37.979000091552734
1653726511,E,Pressure,102221.0
1653726511,E,Gas,845.7150268554688
1653726511,E,Accelerometer,0.0
1653726511,E,Light,966.0
1653726511,E,MIC,3.0
1653726511,E,RSSI,82.0
1653726511,F,Temperature,21.96500015258789
1653726511,F,Humidity,35.79700088500977
1653726511,F,Pressure,102258.0
1653726511,F,Gas,634.5750122070312
1653726511,F,Accelerometer,0.0
1653726511,F,Light,808.0
1653726511,F,MIC,3.0
1653726511,F,RSSI,85.0
1653726513,G,Temperature,21.95499992370605
1653726513,G,Humidity,36.96599960327149
1653726513,G,Pressure,102237.0
1653726513,G,Gas,591.1690063476562
1653726513,G,Accelerometer,0.0
1653726513,G,Light,522.0
1653726513,G,MIC,3.0
1653726513,G,RSSI,73.0
1653726513,A,Temperature,22.19499969482422
1653726513,A,Humidity,36.17399978637695
1653726513,A,Pressure,102212.0
1653726513,A,Gas,545.8729858398439
1653726513,A,Accelerometer,0.0
1653726513,A,Light,123.0
1653726513,A,MIC,3.0
1653726513,A,RSSI,89.0
1653726514,H,Temperature,21.785999298095703
1653726514,H,Humidity,35.85300064086914
1653726514,H,Pressure,102237.0
1653726514,H,Gas,1161.4959716796875
1653726514,H,Accelerometer,0.0
1653726514,H,Light,265.0
1653726514,H,IR,0.0
1653726514,H,MIC,3.0
1653726515,H,Temperature,21.785999298095703
1653726515,H,Humidity,35.8489990234375
1653726515,H,Pressure,102237.0
1653726515,H,Gas,1165.5589599609375
1653726515,H,Accelerometer,0.0
1653726515,H,Light,260.0
1653726515,H,IR,0.0
1653726515,H,MIC,3.0
1653726517,B,Temperature,21.48500061035156
1653726517,B,Humidity,38.87200164794922
1653726517,B,Pressure,102182.0
1653726517,B,Gas,1003.989990234375
1653726517,B,Accelerometer,0.0
1653726517,B,Light,115.0
1653726517,B,MIC,3.0
1653726517,B,RSSI,68.0
1653726517,C,Temperature,22.375
1653726517,C,Humidity,35.56800079345703
1653726517,C,Pressure,102239.0
1653726517,C,Gas,568.3510131835938
1653726517,C,Accelerometer,0.0
1653726517,C,Light,4040.0
1653726517,C,MIC,1.0
1653726517,C,RSSI,66.0
1653726518,H,Temperature,21.785999298095703
1653726518,H,Humidity,35.8390007019043
1653726518,H,Pressure,102239.0
1653726518,H,Gas,1176.72998046875
1653726518,H,Accelerometer,0.0
1653726518,H,Light,232.0
1653726518,H,IR,0.0
1653726518,H,MIC,3.0
1653726520,D,Temperature,21.045000076293945
1653726520,D,Humidity,36.849998474121094
1653726520,D,Pressure,102244.0
1653726520,D,Gas,833.6199951171875
1653726520,D,Accelerometer,0.0
1653726520,D,Light,519.0
1653726520,D,MIC,3.0
1653726520,D,RSSI,66.0
1653726521,E,Temperature,20.475000381469727
1653726521,E,Humidity,37.97000122070313
1653726521,E,Pressure,102221.0
1653726521,E,Gas,860.1790161132812
1653726521,E,Accelerometer,0.0
1653726521,E,Light,1037.0
1653726521,E,MIC,3.0
1653726521,E,RSSI,82.0
1653726521,F,Temperature,21.975000381469727
1653726521,F,Humidity,35.8129997253418
1653726521,F,Pressure,102256.0
1653726521,F,Gas,636.3510131835938
1653726521,F,Accelerometer,0.0
1653726521,F,Light,858.0
1653726521,F,MIC,3.0
1653726521,F,RSSI,85.0
1653726522,H,Temperature,21.79599952697754
1653726522,H,Humidity,35.81999969482422
1653726522,H,Pressure,102239.0
1653726522,H,Gas,1173.1600341796875
1653726522,H,Accelerometer,0.0
1653726522,H,Light,248.0
1653726522,H,IR,0.0
1653726522,H,MIC,3.0
1653726523,G,Temperature,21.96500015258789
1653726523,G,Humidity,36.96799850463867
1653726523,G,Pressure,102243.0
1653726523,G,Gas,586.0780029296875
1653726523,G,Accelerometer,0.0
1653726523,G,Light,614.0
1653726523,G,MIC,3.0
1653726523,G,RSSI,73.0
1653726523,A,Temperature,22.184999465942386
1653726523,A,Humidity,36.152000427246094
1653726523,A,Pressure,102208.0
1653726523,A,Gas,545.7490234375
1653726523,A,Accelerometer,0.0
1653726523,A,Light,136.0
1653726523,A,MIC,3.0
1653726523,A,RSSI,89.0
1653726525,H,Temperature,21.775999069213867
1653726525,H,Humidity,35.84299850463867
1653726525,H,Pressure,102237.0
1653726525,H,Gas,1184.862060546875
1653726525,H,Accelerometer,0.0
1653726525,H,Light,275.0
1653726525,H,IR,0.0
1653726525,H,MIC,3.0
1653726527,B,Temperature,21.475000381469727
1653726527,B,Humidity,38.87799835205078
1653726527,B,Pressure,102180.0
1653726527,B,Gas,1001.8369750976562
1653726527,B,Accelerometer,0.0
1653726527,B,Light,127.0
1653726527,B,MIC,3.0
1653726527,B,RSSI,68.0
1653726527,C,Temperature,22.375
1653726527,C,Humidity,35.582000732421875
1653726527,C,Pressure,102239.0
1653726527,C,Gas,570.1270141601562
1653726527,C,Accelerometer,0.0
1653726527,C,Light,3945.0
1653726527,C,MIC,1.0
1653726527,C,RSSI,66.0
1653726528,H,Temperature,21.775999069213867
1653726528,H,Humidity,35.83300018310547
1653726528,H,Pressure,102239.0
1653726528,H,Gas,1176.27099609375
1653726528,H,Accelerometer,0.0
1653726528,H,Light,243.0
1653726528,H,IR,0.0
1653726528,H,MIC,3.0
1653726530,D,Temperature,21.05500030517578
1653726530,D,Humidity,36.83599853515625
1653726530,D,Pressure,102246.0
1653726530,D,Gas,852.2470092773438
1653726530,D,Accelerometer,0.0
1653726530,D,Light,533.0
1653726530,D,MIC,3.0
1653726530,D,RSSI,66.0
1653726531,H,Temperature,21.775999069213867
1653726531,H,Humidity,35.80599975585937
1653726531,H,Pressure,102239.0
1653726531,H,Gas,1189.9930419921875
1653726531,H,Accelerometer,0.0
1653726531,H,Light,242.0
1653726531,H,IR,0.0
1653726531,H,MIC,3.0
1653726531,F,Temperature,21.96500015258789
1653726531,F,Humidity,35.80500030517578
1653726531,F,Pressure,102258.0
1653726531,F,Gas,638.8179931640625
1653726531,F,Accelerometer,0.0
1653726531,F,Light,881.0
1653726531,F,MIC,3.0
1653726531,F,RSSI,85.0
1653726531,E,Temperature,20.475000381469727
1653726531,E,Humidity,37.95899963378906
1653726531,E,Pressure,102221.0
1653726531,E,Gas,868.1610107421875
1653726531,E,Accelerometer,0.0
1653726531,E,Light,1060.0
1653726531,E,MIC,3.0
1653726531,E,RSSI,82.0
1653726532,G,Temperature,21.975000381469727
1653726532,G,Humidity,36.96099853515625
1653726532,G,Pressure,102243.0
1653726532,G,Gas,588.6530151367188
1653726532,G,Accelerometer,0.0
1653726532,G,Light,621.0
1653726532,G,MIC,3.0
1653726532,G,RSSI,73.0
1653726533,A,Temperature,22.184999465942386
1653726533,A,Humidity,36.14799880981445
1653726533,A,Pressure,102208.0
1653726533,A,Gas,553.8880004882811
1653726533,A,Accelerometer,0.0
1653726533,A,Light,139.0
1653726533,A,MIC,3.0
1653726533,A,RSSI,89.0
1653726534,H,Temperature,21.775999069213867
1653726534,H,Humidity,35.808998107910156
1653726534,H,Pressure,102237.0
1653726534,H,Gas,1185.5870361328125
1653726534,H,Accelerometer,0.0
1653726534,H,Light,289.0
1653726534,H,IR,0.0
1653726534,H,MIC,3.0
1653726537,B,Temperature,21.475000381469727
1653726537,B,Humidity,38.85900115966797
1653726537,B,Pressure,102182.0
1653726537,B,Gas,1022.6669921875
1653726537,B,Accelerometer,0.0
1653726537,B,Light,137.0
1653726537,B,MIC,3.0
1653726537,B,RSSI,68.0
1653726537,H,Temperature,21.766000747680664
1653726537,H,Humidity,35.834999084472656
1653726537,H,Pressure,102239.0
1653726537,H,Gas,1179.8690185546875
1653726537,H,Accelerometer,0.0
1653726537,H,Light,288.0
1653726537,H,IR,0.0
1653726537,H,MIC,3.0
1653726537,C,Temperature,22.375
1653726537,C,Humidity,35.57699966430664
1653726537,C,Pressure,102239.0
1653726537,C,Gas,573.02099609375
1653726537,C,Accelerometer,0.0
1653726537,C,Light,3797.0
1653726537,C,MIC,1.0
1653726537,C,RSSI,78.0
1653726540,H,Temperature,21.775999069213867
1653726540,H,Humidity,35.819000244140625
1653726540,H,Pressure,102239.0
1653726540,H,Gas,1174.4610595703125
1653726540,H,Accelerometer,0.0
1653726540,H,Light,287.0
1653726540,H,IR,0.0
1653726540,H,MIC,3.0
1653726540,D,Temperature,21.05500030517578
1653726540,D,Humidity,36.81800079345703
1653726540,D,Pressure,102244.0
1653726540,D,Gas,858.6729736328125
1653726540,D,Accelerometer,0.0
1653726540,D,Light,538.0
1653726540,D,MIC,3.0
1653726540,D,RSSI,66.0
1653726541,F,Temperature,21.975000381469727
1653726541,F,Humidity,35.80699920654297
1653726541,F,Pressure,102260.0
1653726541,F,Gas,643.5980224609375
1653726541,F,Accelerometer,0.0
1653726541,F,Light,899.0
1653726541,F,MIC,3.0
1653726541,F,RSSI,79.0
1653726542,E,Temperature,20.475000381469727
1653726542,E,Humidity,37.98699951171875
1653726542,E,Pressure,102223.0
1653726542,E,Gas,880.3839721679688
1653726542,E,Accelerometer,0.0
1653726542,E,Light,1070.0
1653726542,E,MIC,3.0
1653726542,E,RSSI,82.0
1653726542,A,Temperature,22.184999465942386
1653726542,A,Humidity,36.111000061035156
1653726542,A,Pressure,102208.0
1653726542,A,Gas,550.7659912109375
1653726542,A,Accelerometer,0.0
1653726542,A,Light,139.0
1653726542,A,MIC,3.0
1653726542,A,RSSI,89.0
1653726543,G,Temperature,21.96500015258789
1653726543,G,Humidity,36.95899963378906
1653726543,G,Pressure,102241.0
1653726543,G,Gas,589.8380126953125
1653726543,G,Accelerometer,0.0
1653726543,G,Light,622.0
1653726543,G,MIC,3.0
1653726543,G,RSSI,73.0
1653726543,H,Temperature,21.775999069213867
1653726543,H,Humidity,35.82400131225586
1653726543,H,Pressure,102239.0
1653726543,H,Gas,1180.5
1653726543,H,Accelerometer,0.0
1653726543,H,Light,279.0
1653726543,H,IR,0.0
1653726543,H,MIC,3.0
1653726546,H,Temperature,21.766000747680664
1653726546,H,Humidity,35.85200119018555
1653726546,H,Pressure,102239.0
1653726546,H,Gas,1193.0379638671875
1653726546,H,Accelerometer,0.0
1653726546,H,Light,290.0
1653726546,H,IR,0.0
1653726546,H,MIC,3.0
1653726547,B,Temperature,21.475000381469727
1653726547,B,Humidity,38.85200119018555
1653726547,B,Pressure,102178.0
1653726547,B,Gas,1026.56396484375
1653726547,B,Accelerometer,0.0
1653726547,B,Light,137.0
1653726547,B,MIC,3.0
1653726547,B,RSSI,68.0
1653726547,C,Temperature,22.38500022888184
1653726547,C,Humidity,35.57500076293945
1653726547,C,Pressure,102237.0
1653726547,C,Gas,580.2020263671875
1653726547,C,Accelerometer,0.0
1653726547,C,Light,3750.0
1653726547,C,MIC,1.0
1653726547,C,RSSI,78.0
1653726549,H,Temperature,21.766000747680664
1653726549,H,Humidity,35.86999893188477
1653726549,H,Pressure,102239.0
1653726549,H,Gas,1194.676025390625
1653726549,H,Accelerometer,0.0
1653726549,H,Light,293.0
1653726549,H,IR,0.0
1653726549,H,MIC,3.0
1653726550,D,Temperature,21.05500030517578
1653726550,D,Humidity,36.82400131225586
1653726550,D,Pressure,102246.0
1653726550,D,Gas,873.9849853515625
1653726550,D,Accelerometer,0.0
1653726550,D,Light,553.0
1653726550,D,MIC,3.0
1653726550,D,RSSI,66.0
1653726551,F,Temperature,21.98500061035156
1653726551,F,Humidity,35.79800033569336
1653726551,F,Pressure,102260.0
1653726551,F,Gas,648.343017578125
1653726551,F,Accelerometer,0.0
1653726551,F,Light,910.0
1653726551,F,MIC,3.0
1653726551,F,RSSI,79.0
1653726551,E,Temperature,20.46500015258789
1653726551,E,Humidity,37.96900177001953
1653726551,E,Pressure,102223.0
1653726551,E,Gas,909.7880249023438
1653726551,E,Accelerometer,0.0
1653726551,E,Light,1075.0
1653726551,E,MIC,3.0
1653726551,E,RSSI,82.0
1653726553,A,Temperature,22.19499969482422
1653726553,A,Humidity,36.09500122070313
1653726553,A,Pressure,102210.0
1653726553,A,Gas,549.7230224609375
1653726553,A,Accelerometer,0.0
1653726553,A,Light,139.0
1653726553,A,MIC,3.0
1653726553,A,RSSI,83.0
1653726553,G,Temperature,21.96500015258789
1653726553,G,Humidity,36.959999084472656
1653726553,G,Pressure,102239.0
1653726553,G,Gas,591.3900146484375
1653726553,G,Accelerometer,0.0
1653726553,G,Light,605.0
1653726553,G,MIC,3.0
1653726553,G,RSSI,72.0
1653726553,H,Temperature,21.766000747680664
1653726553,H,Humidity,35.88399887084961
1653726553,H,Pressure,102239.0
1653726553,H,Gas,1198.4840087890625
1653726553,H,Accelerometer,0.0
1653726553,H,Light,294.0
1653726553,H,IR,0.0
1653726553,H,MIC,3.0
1653726555,H,Temperature,21.766000747680664
1653726555,H,Humidity,35.891998291015625
1653726555,H,Pressure,102239.0
1653726555,H,Gas,1194.0889892578125
1653726555,H,Accelerometer,0.0
1653726555,H,Light,283.0
1653726555,H,IR,0.0
1653726555,H,MIC,3.0
1653726557,B,Temperature,21.475000381469727
1653726557,B,Humidity,38.82500076293945
1653726557,B,Pressure,102182.0
1653726557,B,Gas,1049.85205078125
1653726557,B,Accelerometer,0.0
1653726557,B,Light,126.0
1653726557,B,MIC,3.0
1653726557,B,RSSI,68.0
1653726557,C,Temperature,22.38500022888184
1653726557,C,Humidity,35.55500030517578
1653726557,C,Pressure,102239.0
1653726557,C,Gas,580.1820068359375
1653726557,C,Accelerometer,0.0
1653726557,C,Light,3702.0
1653726557,C,MIC,1.0
1653726557,C,RSSI,78.0
1653726558,H,Temperature,21.766000747680664
1653726558,H,Humidity,35.89699935913086
1653726558,H,Pressure,102239.0
1653726558,H,Gas,1206.2449951171875
1653726558,H,Accelerometer,0.0
1653726558,H,Light,279.0
1653726559,H,IR,0.0
1653726559,H,MIC,3.0
1653726560,D,Temperature,21.045000076293945
1653726560,D,Humidity,36.85699844360352
1653726560,D,Pressure,102246.0
1653726560,D,Gas,893.281005859375
1653726560,D,Accelerometer,0.0
1653726560,D,Light,505.0
1653726560,D,MIC,3.0
1653726560,D,RSSI,60.0
1653726561,H,Temperature,21.766000747680664
1653726561,H,Humidity,35.900001525878906
1653726561,H,Pressure,102239.0
1653726561,H,Gas,1207.6400146484375
1653726561,H,Accelerometer,0.0
1653726561,H,Light,240.0
1653726561,H,IR,0.0
1653726561,H,MIC,3.0
1653726561,E,Temperature,20.46500015258789
1653726561,E,Humidity,37.979000091552734
1653726561,E,Pressure,102221.0
1653726561,E,Gas,910.5020141601562
1653726561,E,Accelerometer,0.0
1653726561,E,Light,1002.0
1653726561,E,MIC,3.0
1653726561,E,RSSI,77.0
1653726561,F,Temperature,21.975000381469727
1653726561,F,Humidity,35.78200149536133
1653726561,F,Pressure,102258.0
1653726561,F,Gas,652.0499877929688
1653726561,F,Accelerometer,0.0
1653726561,F,Light,902.0
1653726561,F,MIC,3.0
1653726561,F,RSSI,79.0
1653726563,G,Temperature,21.96500015258789
1653726563,G,Humidity,37.007999420166016
1653726563,G,Pressure,102241.0
1653726563,G,Gas,590.5859985351562
1653726563,G,Accelerometer,0.0
1653726563,G,Light,421.0
1653726563,G,MIC,3.0
1653726563,G,RSSI,72.0
1653726563,A,Temperature,22.19499969482422
1653726563,A,Humidity,36.10100173950195
1653726563,A,Pressure,102212.0
1653726563,A,Gas,550.2260131835939
1653726563,A,Accelerometer,0.0
1653726563,A,Light,117.0
1653726563,A,MIC,3.0
1653726563,A,RSSI,83.0
1653726565,H,Temperature,21.766000747680664
1653726565,H,Humidity,35.86600112915039
1653726565,H,Pressure,102241.0
1653726565,H,Gas,1201.760986328125
1653726565,H,Accelerometer,0.0
1653726565,H,Light,163.0
1653726565,H,IR,0.0
1653726565,H,MIC,3.0
1653726567,B,Temperature,21.48500061035156
1653726567,B,Humidity,38.84299850463867
1653726567,B,Pressure,102182.0
1653726567,B,Gas,1059.095947265625
1653726567,B,Accelerometer,0.0
1653726567,B,Light,75.0
1653726567,B,MIC,3.0
1653726567,B,RSSI,68.0
1653726567,H,Temperature,21.766000747680664
1653726567,H,Humidity,35.8650016784668
1653726567,H,Pressure,102239.0
1653726567,H,Gas,1201.883056640625
1653726567,H,Accelerometer,0.0
1653726567,H,Light,177.0
1653726567,H,IR,0.0
1653726567,H,MIC,3.0
1653726568,C,Temperature,22.38500022888184
1653726568,C,Humidity,35.571998596191406
1653726568,C,Pressure,102239.0
1653726568,C,Gas,581.8800048828125
1653726568,C,Accelerometer,0.0
1653726568,C,Light,3583.0
1653726568,C,MIC,1.0
1653726568,C,RSSI,78.0
1653726570,H,Temperature,21.766000747680664
1653726570,H,Humidity,35.85200119018555
1653726570,H,Pressure,102239.0
1653726570,H,Gas,1200.6319580078125
1653726570,H,Accelerometer,0.0
1653726570,H,Light,211.0
1653726570,H,IR,0.0
1653726570,H,MIC,3.0
1653726570,D,Temperature,21.05500030517578
1653726570,D,Humidity,36.84299850463867
1653726570,D,Pressure,102248.0
1653726570,D,Gas,899.2260131835938
1653726570,D,Accelerometer,0.0
1653726570,D,Light,470.0
1653726570,D,MIC,3.0
1653726570,D,RSSI,60.0
1653726571,E,Temperature,20.46500015258789
1653726571,E,Humidity,37.99700164794922
1653726571,E,Pressure,102221.0
1653726571,E,Gas,917.7919921875
1653726571,E,Accelerometer,0.0
1653726571,E,Light,957.0
1653726571,E,MIC,3.0
1653726571,E,RSSI,77.0
1653726571,F,Temperature,21.98500061035156
1653726571,F,Humidity,35.74700164794922
1653726571,F,Pressure,102260.0
1653726571,F,Gas,655.1589965820312
1653726571,F,Accelerometer,0.0
1653726571,F,Light,847.0
1653726571,F,MIC,3.0
1653726571,F,RSSI,79.0
1653726573,G,Temperature,21.96500015258789
1653726573,G,Humidity,36.99499893188477
1653726573,G,Pressure,102241.0
1653726573,G,Gas,588.85498046875
1653726573,G,Accelerometer,0.0
1653726573,G,Light,431.0
1653726573,G,MIC,3.0
1653726573,G,RSSI,72.0
1653726574,A,Temperature,22.19499969482422
1653726574,A,Humidity,36.12900161743164
1653726574,A,Pressure,102214.0
1653726574,A,Gas,551.8049926757811
1653726574,A,Accelerometer,0.0
1653726574,A,Light,110.0
1653726574,A,MIC,3.0
1653726574,A,RSSI,83.0
1653726575,H,Temperature,21.775999069213867
1653726575,H,Humidity,35.85100173950195
1653726575,H,Pressure,102239.0
1653726575,H,Gas,1207.906005859375
1653726575,H,Accelerometer,0.0
1653726575,H,Light,221.0
1653726575,H,IR,0.0
1653726575,H,MIC,3.0
1653726576,H,Temperature,21.766000747680664
1653726576,H,Humidity,35.84299850463867
1653726576,H,Pressure,102239.0
1653726576,H,Gas,1217.260986328125
1653726576,H,Accelerometer,0.0
1653726576,H,Light,254.0
1653726576,H,IR,0.0
1653726576,H,MIC,3.0
1653726577,B,Temperature,21.475000381469727
1653726577,B,Humidity,38.84600067138672
1653726577,B,Pressure,102180.0
1653726577,B,Gas,1068.7330322265623
1653726577,B,Accelerometer,0.0
1653726577,B,Light,126.0
1653726577,B,MIC,3.0
1653726577,B,RSSI,68.0
1653726577,C,Temperature,22.395000457763672
1653726577,C,Humidity,35.56800079345703
1653726577,C,Pressure,102239.0
1653726577,C,Gas,581.7050170898438
1653726577,C,Accelerometer,0.0
1653726577,C,Light,3706.0
1653726577,C,MIC,1.0
1653726577,C,RSSI,78.0
1653726580,H,Temperature,21.766000747680664
1653726580,H,Humidity,35.8650016784668
1653726580,H,Pressure,102237.0
1653726580,H,Gas,1218.0970458984375
1653726580,H,Accelerometer,0.0
1653726580,H,Light,260.0
1653726580,H,IR,0.0
1653726580,H,MIC,3.0
1653726580,D,Temperature,21.05500030517578
1653726580,D,Humidity,36.85499954223633
1653726580,D,Pressure,102246.0
1653726580,D,Gas,932.3060302734376
1653726580,D,Accelerometer,0.0
1653726580,D,Light,463.0
1653726580,D,MIC,3.0
1653726580,D,RSSI,60.0
1653726581,F,Temperature,21.98500061035156
1653726581,F,Humidity,35.775001525878906
1653726581,F,Pressure,102262.0
1653726581,F,Gas,655.9140014648438
1653726581,F,Accelerometer,0.0
1653726581,F,Light,878.0
1653726581,F,MIC,3.0
1653726581,F,RSSI,79.0
1653726581,E,Temperature,20.46500015258789
1653726581,E,Humidity,37.992000579833984
1653726581,E,Pressure,102221.0
1653726581,E,Gas,911.7420043945312
1653726581,E,Accelerometer,0.0
1653726581,E,Light,939.0
1653726581,E,MIC,3.0
1653726581,E,RSSI,77.0
1653726583,A,Temperature,22.184999465942386
1653726583,A,Humidity,36.17100143432617
1653726583,A,Pressure,102210.0
1653726583,A,Gas,552.4929809570311
1653726583,A,Accelerometer,0.0
1653726583,A,Light,109.0
1653726583,A,MIC,3.0
1653726583,A,RSSI,83.0
1653726584,G,Temperature,21.95499992370605
1653726584,G,Humidity,37.01399993896485
1653726584,G,Pressure,102239.0
1653726584,G,Gas,583.1599731445312
1653726584,G,Accelerometer,0.0
1653726584,G,Light,368.0
1653726584,G,MIC,3.0
1653726584,G,RSSI,72.0
1653726584,H,Temperature,21.766000747680664
1653726584,H,Humidity,35.86999893188477
1653726584,H,Pressure,102237.0
1653726584,H,Gas,1229.6600341796875
1653726584,H,Accelerometer,0.0
1653726584,H,Light,187.0
1653726584,H,IR,0.0
1653726584,H,MIC,3.0
1653726585,H,Temperature,21.766000747680664
1653726585,H,Humidity,35.85800170898437
1653726585,H,Pressure,102239.0
1653726585,H,Gas,1237.675048828125
1653726585,H,Accelerometer,0.0
1653726585,H,Light,113.0
1653726585,H,IR,0.0
1653726585,H,MIC,3.0
1653726587,B,Temperature,21.475000381469727
1653726587,B,Humidity,38.854000091552734
1653726587,B,Pressure,102184.0
1653726587,B,Gas,1076.760009765625
1653726587,B,Accelerometer,0.0
1653726587,B,Light,49.0
1653726587,B,MIC,3.0
1653726587,B,RSSI,68.0
1653726587,C,Temperature,22.395000457763672
1653726587,C,Humidity,35.59600067138672
1653726587,C,Pressure,102239.0
1653726587,C,Gas,584.302001953125
1653726587,C,Accelerometer,0.0
1653726587,C,Light,3774.0
1653726587,C,MIC,1.0
1653726587,C,RSSI,63.0
1653726589,H,Temperature,21.766000747680664
1653726589,H,Humidity,35.85800170898437
1653726589,H,Pressure,102239.0
1653726589,H,Gas,1233.552001953125
1653726589,H,Accelerometer,0.0
1653726589,H,Light,95.0
1653726589,H,IR,0.0
1653726589,H,MIC,3.0
1653726590,D,Temperature,21.065000534057614
1653726590,D,Humidity,36.83300018310547
1653726590,D,Pressure,102246.0
1653726590,D,Gas,949.083984375
1653726590,D,Accelerometer,0.0
1653726590,D,Light,433.0
1653726590,D,MIC,3.0
1653726590,D,RSSI,60.0
1653726591,F,Temperature,21.98500061035156
1653726591,F,Humidity,35.81800079345703
1653726591,F,Pressure,102258.0
1653726591,F,Gas,660.4349975585938
1653726591,F,Accelerometer,0.0
1653726591,F,Light,819.0
1653726591,F,MIC,3.0
1653726591,F,RSSI,85.0
1653726591,E,Temperature,20.46500015258789
1653726591,E,Humidity,37.97800064086914
1653726591,E,Pressure,102221.0
1653726591,E,Gas,936.0869750976562
1653726591,E,Accelerometer,0.0
1653726591,E,Light,895.0
1653726591,E,MIC,3.0
1653726591,E,RSSI,77.0
1653726592,H,Temperature,21.775999069213867
1653726592,H,Humidity,35.85699844360352
1653726592,H,Pressure,102239.0
1653726592,H,Gas,1233.291015625
1653726592,H,Accelerometer,0.0
1653726592,H,Light,93.0
1653726592,H,IR,0.0
1653726592,H,MIC,3.0
1653726592,A,Temperature,22.184999465942386
1653726592,A,Humidity,36.14500045776367
1653726592,A,Pressure,102210.0
1653726592,A,Gas,552.822998046875
1653726592,A,Accelerometer,0.0
1653726592,A,Light,95.0
1653726592,A,MIC,3.0
1653726592,A,RSSI,83.0
1653726593,G,Temperature,21.96500015258789
1653726593,G,Humidity,36.98500061035156
1653726593,G,Pressure,102243.0
1653726593,G,Gas,588.6929931640625
1653726593,G,Accelerometer,0.0
1653726593,G,Light,334.0
1653726593,G,MIC,3.0
1653726593,G,RSSI,72.0
1653726597,H,Temperature,21.766000747680664
1653726597,H,Humidity,35.87099838256836
1653726597,H,Pressure,102239.0
1653726597,H,Gas,1233.1920166015625
1653726597,H,Accelerometer,0.0
1653726597,H,Light,94.0
1653726597,H,IR,0.0
1653726597,H,MIC,3.0
1653726597,B,Temperature,21.475000381469727
1653726597,B,Humidity,38.87099838256836
1653726597,B,Pressure,102184.0
1653726597,B,Gas,1077.41796875
1653726597,B,Accelerometer,0.0
1653726597,B,Light,44.0
1653726597,B,MIC,3.0
1653726597,B,RSSI,68.0
1653726597,H,Temperature,21.775999069213867
1653726597,H,Humidity,35.85900115966797
1653726597,H,Pressure,102241.0
1653726597,H,Gas,1235.7440185546875
1653726597,H,Accelerometer,0.0
1653726597,H,Light,118.0
1653726597,H,IR,0.0
1653726597,H,MIC,3.0
1653726599,C,Temperature,22.395000457763672
1653726599,C,Humidity,35.577999114990234
1653726599,C,Pressure,102241.0
1653726599,C,Gas,591.2059936523438
1653726599,C,Accelerometer,0.0
1653726599,C,Light,3800.0
1653726599,C,MIC,1.0
1653726599,C,RSSI,63.0
1653726600,D,Temperature,21.05500030517578
1653726600,D,Humidity,36.84099960327149
1653726600,D,Pressure,102246.0
1653726600,D,Gas,962.0430297851562
1653726600,D,Accelerometer,0.0
1653726600,D,Light,424.0
1653726600,D,MIC,3.0
1653726600,D,RSSI,60.0
1653726600,H,Temperature,21.775999069213867
1653726600,H,Humidity,35.85100173950195
1653726600,H,Pressure,102239.0
1653726600,H,Gas,1231.9849853515625
1653726600,H,Accelerometer,0.0
1653726600,H,Light,130.0
1653726600,H,IR,0.0
1653726600,H,MIC,3.0
1653726601,E,Temperature,20.46500015258789
1653726601,E,Humidity,37.974998474121094
1653726601,E,Pressure,102223.0
1653726601,E,Gas,940.3930053710938
1653726601,E,Accelerometer,0.0
1653726601,E,Light,889.0
1653726601,E,MIC,3.0
1653726601,E,RSSI,77.0
1653726601,F,Temperature,21.98500061035156
1653726601,F,Humidity,35.79399871826172
1653726601,F,Pressure,102258.0
1653726601,F,Gas,659.010986328125
1653726601,F,Accelerometer,0.0
1653726601,F,Light,813.0
1653726601,F,MIC,3.0
1653726601,F,RSSI,85.0
1653726603,G,Temperature,21.96500015258789
1653726603,G,Humidity,36.98799896240234
1653726603,G,Pressure,102243.0
1653726603,G,Gas,589.8489990234375
1653726603,G,Accelerometer,0.0
1653726603,G,Light,397.0
1653726603,G,MIC,3.0
1653726603,G,RSSI,71.0
1653726603,A,Temperature,22.184999465942386
1653726603,A,Humidity,36.14400100708008
1653726603,A,Pressure,102212.0
1653726603,A,Gas,555.905029296875
1653726603,A,Accelerometer,0.0
1653726603,A,Light,101.0
1653726603,A,MIC,3.0
1653726603,A,RSSI,82.0
1653726604,H,Temperature,21.766000747680664
1653726604,H,Humidity,35.86999893188477
1653726604,H,Pressure,102239.0
1653726604,H,Gas,1237.741943359375
1653726604,H,Accelerometer,0.0
1653726604,H,Light,125.0
1653726604,H,IR,0.0
1653726604,H,MIC,3.0
1653726607,H,Temperature,21.766000747680664
1653726607,H,Humidity,35.85699844360352
1653726607,H,Pressure,102241.0
1653726607,H,Gas,1244.5059814453125
1653726607,H,Accelerometer,0.0
1653726607,H,Light,160.0
1653726607,H,IR,0.0
1653726607,H,MIC,3.0
1653726607,B,Temperature,21.475000381469727
1653726607,B,Humidity,38.861000061035156
1653726607,B,Pressure,102184.0
1653726607,B,Gas,1091.7220458984377
1653726607,B,Accelerometer,0.0
1653726607,B,Light,76.0
1653726607,B,MIC,3.0
1653726607,B,RSSI,68.0
1653726607,C,Temperature,22.405000686645508
1653726607,C,Humidity,35.571998596191406
1653726607,C,Pressure,102243.0
1653726607,C,Gas,587.0770263671875
1653726607,C,Accelerometer,0.0
1653726608,C,Light,3930.0
1653726608,C,MIC,1.0
1653726608,C,RSSI,63.0
1653726610,H,Temperature,21.756000518798828
1653726610,H,Humidity,35.84700012207031
1653726610,H,Pressure,102239.0
1653726610,H,Gas,1242.5250244140625
1653726610,H,Accelerometer,0.0
1653726610,H,Light,220.0
1653726610,H,IR,0.0
1653726610,H,MIC,3.0
1653726610,D,Temperature,21.05500030517578
1653726610,D,Humidity,36.81700134277344
1653726610,D,Pressure,102250.0
1653726610,D,Gas,965.10400390625
1653726610,D,Accelerometer,0.0
1653726610,D,Light,468.0
1653726610,D,MIC,3.0
1653726610,D,RSSI,60.0
1653726611,F,Temperature,21.98500061035156
1653726611,F,Humidity,35.762001037597656
1653726611,F,Pressure,102260.0
1653726611,F,Gas,666.4639892578125
1653726611,F,Accelerometer,0.0
1653726611,F,Light,840.0
1653726611,F,MIC,3.0
1653726611,F,RSSI,85.0
1653726611,E,Temperature,20.475000381469727
1653726611,E,Humidity,37.96900177001953
1653726611,E,Pressure,102223.0
1653726611,E,Gas,956.9439697265624
1653726611,E,Accelerometer,0.0
1653726611,E,Light,971.0
1653726611,E,MIC,3.0
1653726611,E,RSSI,77.0
1653726613,A,Temperature,22.184999465942386
1653726613,A,Humidity,36.18199920654297
1653726613,A,Pressure,102214.0
1653726613,A,Gas,559.9970092773439
1653726613,A,Accelerometer,0.0
1653726613,A,Light,116.0
1653726613,A,MIC,3.0
1653726613,A,RSSI,82.0
1653726613,G,Temperature,21.96500015258789
1653726613,G,Humidity,36.99100112915039
1653726613,G,Pressure,102245.0
1653726613,G,Gas,590.8499755859375
1653726613,G,Accelerometer,0.0
1653726613,G,Light,475.0
1653726613,G,MIC,3.0
1653726613,G,RSSI,71.0
1653726613,H,Temperature,21.756000518798828
1653726613,H,Humidity,35.83700180053711
1653726613,H,Pressure,102239.0
1653726613,H,Gas,1244.008056640625
1653726613,H,Accelerometer,0.0
1653726613,H,Light,197.0
1653726613,H,IR,0.0
1653726613,H,MIC,3.0
1653726616,H,Temperature,21.756000518798828
1653726616,H,Humidity,35.81700134277344
1653726616,H,Pressure,102241.0
1653726616,H,Gas,1247.9329833984375
1653726616,H,Accelerometer,0.0
1653726616,H,Light,206.0
1653726616,H,IR,0.0
1653726616,H,MIC,3.0
1653726617,B,Temperature,21.48500061035156
1653726617,B,Humidity,38.84299850463867
1653726617,B,Pressure,102186.0
1653726617,B,Gas,1098.5419921875
1653726617,B,Accelerometer,0.0
1653726617,B,Light,99.0
1653726617,B,MIC,3.0
1653726617,B,RSSI,68.0
1653726617,C,Temperature,22.405000686645508
1653726617,C,Humidity,35.57500076293945
1653726617,C,Pressure,102241.0
1653726617,C,Gas,592.6539916992188
1653726617,C,Accelerometer,0.0
1653726617,C,Light,4058.0
1653726617,C,MIC,1.0
1653726617,C,RSSI,63.0
1653726619,H,Temperature,21.756000518798828
1653726619,H,Humidity,35.82400131225586
1653726619,H,Pressure,102239.0
1653726619,H,Gas,1249.300048828125
1653726619,H,Accelerometer,0.0
1653726619,H,Light,190.0
1653726619,H,IR,0.0
1653726619,H,MIC,3.0
1653726620,D,Temperature,21.045000076293945
1653726620,D,Humidity,36.82899856567383
1653726620,D,Pressure,102248.0
1653726620,D,Gas,970.6950073242188
1653726620,D,Accelerometer,0.0
1653726620,D,Light,467.0
1653726620,D,MIC,3.0
1653726620,D,RSSI,60.0
1653726621,F,Temperature,21.98500061035156
1653726621,F,Humidity,35.7859992980957
1653726621,F,Pressure,102260.0
1653726621,F,Gas,681.6939697265625
1653726621,F,Accelerometer,0.0
1653726621,F,Light,870.0
1653726621,F,MIC,3.0
1653726621,F,RSSI,85.0
1653726621,E,Temperature,20.46500015258789
1653726621,E,Humidity,37.983001708984375
1653726621,E,Pressure,102223.0
1653726621,E,Gas,970.2570190429688
1653726621,E,Accelerometer,0.0
1653726621,E,Light,963.0
1653726621,E,MIC,3.0
1653726621,E,RSSI,77.0
1653726622,H,Temperature,21.766000747680664
1653726622,H,Humidity,35.808998107910156
1653726622,H,Pressure,102243.0
1653726622,H,Gas,1251.574951171875
1653726622,H,Accelerometer,0.0
1653726622,H,Light,138.0
1653726622,H,IR,0.0
1653726622,H,MIC,3.0
1653726623,G,Temperature,21.975000381469727
1653726623,G,Humidity,36.96799850463867
1653726623,G,Pressure,102243.0
1653726623,G,Gas,589.364013671875
1653726623,G,Accelerometer,0.0
1653726623,G,Light,505.0
1653726623,G,MIC,3.0
1653726623,G,RSSI,71.0
1653726624,A,Temperature,22.184999465942386
1653726624,A,Humidity,36.16400146484375
1653726624,A,Pressure,102214.0
1653726624,A,Gas,558.7550048828125
1653726624,A,Accelerometer,0.0
1653726624,A,Light,119.0
1653726624,A,MIC,3.0
1653726624,A,RSSI,82.0
1653726625,H,Temperature,21.756000518798828
1653726625,H,Humidity,35.82500076293945
1653726625,H,Pressure,102239.0
1653726625,H,Gas,1256.0369873046875
1653726625,H,Accelerometer,0.0
1653726625,H,Light,108.0
1653726625,H,IR,0.0
1653726625,H,MIC,3.0
1653726627,B,Temperature,21.475000381469727
1653726627,B,Humidity,38.86000061035156
1653726627,B,Pressure,102184.0
1653726627,B,Gas,1117.4620361328123
1653726627,B,Accelerometer,0.0
1653726627,B,Light,50.0
1653726627,B,MIC,3.0
1653726627,B,RSSI,66.0
1653726627,C,Temperature,22.424999237060547
1653726627,C,Humidity,35.542999267578125
1653726627,C,Pressure,102239.0
1653726627,C,Gas,590.844970703125
1653726627,C,Accelerometer,0.0
1653726627,C,Light,4146.0
1653726627,C,MIC,1.0
1653726627,C,RSSI,63.0
1653726628,H,Temperature,21.746000289916992
1653726628,H,Humidity,35.84000015258789
1653726628,H,Pressure,102239.0
1653726628,H,Gas,1255.1619873046875
1653726628,H,Accelerometer,0.0
1653726628,H,Light,133.0
1653726628,H,IR,0.0
1653726628,H,MIC,3.0
1653726630,D,Temperature,21.045000076293945
1653726630,D,Humidity,36.81499862670898
1653726630,D,Pressure,102246.0
1653726630,D,Gas,977.3809814453124
1653726630,D,Accelerometer,0.0
1653726630,D,Light,489.0
1653726630,D,MIC,3.0
1653726630,D,RSSI,60.0
1653726631,H,Temperature,21.756000518798828
1653726631,H,Humidity,35.792999267578125
1653726631,H,Pressure,102239.0
1653726631,H,Gas,1256.0369873046875
1653726631,H,Accelerometer,0.0
1653726631,H,Light,145.0
1653726631,H,IR,0.0
1653726631,H,MIC,3.0
1653726631,E,Temperature,20.46500015258789
1653726631,E,Humidity,37.9900016784668
1653726631,E,Pressure,102223.0
1653726631,E,Gas,972.8150024414062
1653726631,E,Accelerometer,0.0
1653726631,E,Light,1016.0
1653726631,E,MIC,3.0
1653726631,E,RSSI,77.0
1653726631,F,Temperature,21.98500061035156
1653726631,F,Humidity,35.777000427246094
1653726631,F,Pressure,102258.0
1653726631,F,Gas,686.7589721679688
1653726631,F,Accelerometer,0.0
1653726631,F,Light,905.0
1653726631,F,MIC,3.0
1653726631,F,RSSI,85.0
1653726632,A,Temperature,22.184999465942386
1653726632,A,Humidity,36.16699981689453
1653726632,A,Pressure,102212.0
1653726632,A,Gas,560.8480224609375
1653726632,A,Accelerometer,0.0
1653726632,A,Light,110.0
1653726632,A,MIC,3.0
1653726632,A,RSSI,82.0
1653726633,G,Temperature,21.96500015258789
1653726633,G,Humidity,36.983001708984375
1653726633,G,Pressure,102241.0
1653726633,G,Gas,587.5349731445312
1653726633,G,Accelerometer,0.0
1653726633,G,Light,364.0
1653726633,G,MIC,3.0
1653726633,G,RSSI,71.0
1653726634,H,Temperature,21.756000518798828
1653726634,H,Humidity,35.82600021362305
1653726634,H,Pressure,102239.0
1653726634,H,Gas,1256.56298828125
1653726634,H,Accelerometer,0.0
1653726634,H,Light,63.0
1653726634,H,IR,0.0
1653726634,H,MIC,3.0
1653726637,B,Temperature,21.48500061035156
1653726637,B,Humidity,38.79800033569336
1653726637,B,Pressure,102184.0
1653726637,B,Gas,1130.458984375
1653726637,B,Accelerometer,0.0
1653726637,B,Light,27.0
1653726637,B,MIC,3.0
1653726637,B,RSSI,66.0
1653726637,C,Temperature,22.424999237060547
1653726637,C,Humidity,35.55099868774414
1653726637,C,Pressure,102239.0
1653726637,C,Gas,592.0609741210938
1653726637,C,Accelerometer,0.0
1653726637,C,Light,3983.0
1653726637,C,MIC,1.0
1653726637,C,RSSI,66.0
1653726638,H,Temperature,21.756000518798828
1653726638,H,Humidity,35.82600021362305
1653726638,H,Pressure,102239.0
1653726638,H,Gas,1252.83203125
1653726638,H,Accelerometer,0.0
1653726638,H,Light,58.0
1653726638,H,IR,0.0
1653726638,H,MIC,3.0
1653726640,H,Temperature,21.746000289916992
1653726640,H,Humidity,35.84199905395508
1653726640,H,Pressure,102241.0
1653726640,H,Gas,1257.27099609375
1653726640,H,Accelerometer,0.0
1653726640,H,Light,57.0
1653726640,H,IR,0.0
1653726640,H,MIC,3.0
1653726640,D,Temperature,21.045000076293945
1653726640,D,Humidity,36.82699966430664
1653726640,D,Pressure,102246.0
1653726640,D,Gas,999.843994140625
1653726640,D,Accelerometer,0.0
1653726640,D,Light,412.0
1653726640,D,MIC,3.0
1653726640,D,RSSI,60.0
1653726641,F,Temperature,21.98500061035156
1653726641,F,Humidity,35.749000549316406
1653726641,F,Pressure,102260.0
1653726641,F,Gas,691.2750244140625
1653726641,F,Accelerometer,0.0
1653726641,F,Light,811.0
1653726641,F,MIC,3.0
1653726641,F,RSSI,82.0
1653726641,E,Temperature,20.475000381469727
1653726641,E,Humidity,37.946998596191406
1653726641,E,Pressure,102221.0
1653726641,E,Gas,971.968017578125
1653726641,E,Accelerometer,0.0
1653726641,E,Light,875.0
1653726641,E,MIC,3.0
1653726641,E,RSSI,77.0
1653726642,A,Temperature,22.184999465942386
1653726642,A,Humidity,36.18199920654297
1653726642,A,Pressure,102212.0
1653726642,A,Gas,558.333984375
1653726642,A,Accelerometer,0.0
1653726642,A,Light,88.0
1653726642,A,MIC,3.0
1653726642,A,RSSI,82.0
1653726644,H,Temperature,21.746000289916992
1653726644,H,Humidity,35.827999114990234
1653726644,H,Pressure,102241.0
1653726644,H,Gas,1260.4429931640625
1653726644,H,Accelerometer,0.0
1653726644,H,Light,55.0
1653726644,H,IR,0.0
1653726644,H,MIC,3.0
1653726645,G,Temperature,21.96500015258789
1653726645,G,Humidity,36.98199844360352
1653726645,G,Pressure,102243.0
1653726645,G,Gas,587.030029296875
1653726645,G,Accelerometer,0.0
1653726645,G,Light,298.0
1653726645,G,MIC,3.0
1653726645,G,RSSI,71.0
1653726646,H,Temperature,21.746000289916992
1653726646,H,Humidity,35.82500076293945
1653726646,H,Pressure,102241.0
1653726646,H,Gas,1268.176025390625
1653726646,H,Accelerometer,0.0
1653726646,H,Light,54.0
1653726646,H,IR,0.0
1653726646,H,MIC,3.0
1653726647,B,Temperature,21.48500061035156
1653726647,B,Humidity,38.84199905395508
1653726647,B,Pressure,102182.0
1653726647,B,Gas,1132.2030029296875
1653726647,B,Accelerometer,0.0
1653726647,B,Light,25.0
1653726647,B,MIC,3.0
1653726647,B,RSSI,66.0
1653726647,C,Temperature,22.424999237060547
1653726647,C,Humidity,35.54399871826172
1653726647,C,Pressure,102239.0
1653726647,C,Gas,592.3330078125
1653726647,C,Accelerometer,0.0
1653726647,C,Light,3878.0
1653726647,C,MIC,1.0
1653726647,C,RSSI,66.0
1653726649,H,Temperature,21.756000518798828
1653726649,H,Humidity,35.79999923706055
1653726649,H,Pressure,102241.0
1653726649,H,Gas,1276.2359619140625
1653726649,H,Accelerometer,0.0
1653726649,H,Light,54.0
1653726649,H,IR,0.0
1653726649,H,MIC,3.0
1653726650,D,Temperature,21.045000076293945
1653726650,D,Humidity,36.83200073242188
1653726650,D,Pressure,102248.0
1653726650,D,Gas,986.7529907226562
1653726650,D,Accelerometer,0.0
1653726650,D,Light,402.0
1653726650,D,MIC,3.0
1653726650,D,RSSI,60.0
1653726651,F,Temperature,21.98500061035156
1653726651,F,Humidity,35.77000045776367
1653726651,F,Pressure,102260.0
1653726651,F,Gas,701.510986328125
1653726651,F,Accelerometer,0.0
1653726651,F,Light,809.0
1653726651,F,MIC,3.0
1653726651,F,RSSI,82.0
1653726651,E,Temperature,20.475000381469727
1653726651,E,Humidity,37.96599960327149
1653726651,E,Pressure,102219.0
1653726651,E,Gas,992.8469848632812
1653726651,E,Accelerometer,0.0
1653726651,E,Light,858.0
1653726651,E,MIC,3.0
1653726651,E,RSSI,77.0
1653726652,H,Temperature,21.756000518798828
1653726652,H,Humidity,35.823001861572266
1653726652,H,Pressure,102239.0
1653726652,H,Gas,1287.1629638671875
1653726652,H,Accelerometer,0.0
1653726652,H,Light,53.0
1653726652,H,IR,0.0
1653726652,H,MIC,3.0
1653726653,G,Temperature,21.95499992370605
1653726653,G,Humidity,37.02099990844727
1653726653,G,Pressure,102241.0
1653726653,G,Gas,588.6749877929688
1653726653,G,Accelerometer,0.0
1653726653,G,Light,293.0
1653726653,G,MIC,3.0
1653726653,G,RSSI,72.0
1653726655,H,Temperature,21.766000747680664
1653726655,H,Humidity,35.80500030517578
1653726655,H,Pressure,102239.0
1653726655,H,Gas,1295.968994140625
1653726655,H,Accelerometer,0.0
1653726655,H,Light,53.0
1653726655,H,IR,0.0
1653726655,H,MIC,3.0
1653726656,A,Temperature,22.184999465942386
1653726656,A,Humidity,36.20100021362305
1653726656,A,Pressure,102210.0
1653726656,A,Gas,561.823974609375
1653726656,A,Accelerometer,0.0
1653726656,A,Light,86.0
1653726656,A,MIC,3.0
1653726656,A,RSSI,91.0
1653726657,B,Temperature,21.475000381469727
1653726657,B,Humidity,38.85200119018555
1653726657,B,Pressure,102182.0
1653726657,B,Gas,1134.7049560546875
1653726657,B,Accelerometer,0.0
1653726657,B,Light,24.0
1653726657,B,MIC,3.0
1653726657,B,RSSI,66.0
1653726657,C,Temperature,22.415000915527344
1653726657,C,Humidity,35.520999908447266
1653726657,C,Pressure,102237.0
1653726657,C,Gas,583.6690063476562
1653726657,C,Accelerometer,0.0
1653726657,C,Light,3749.0
1653726657,C,MIC,1.0
1653726657,C,RSSI,66.0
1653726658,H,Temperature,21.766000747680664
1653726658,H,Humidity,35.79899978637695
1653726658,H,Pressure,102241.0
1653726658,H,Gas,1298.0059814453125
1653726658,H,Accelerometer,0.0
1653726658,H,Light,53.0
1653726658,H,IR,0.0
1653726658,H,MIC,3.0
1653726660,D,Temperature,21.05500030517578
1653726660,D,Humidity,36.82899856567383
1653726660,D,Pressure,102248.0
1653726660,D,Gas,1007.666015625
1653726660,D,Accelerometer,0.0
1653726660,D,Light,398.0
1653726660,D,MIC,3.0
1653726660,D,RSSI,61.0
1653726661,E,Temperature,20.475000381469727
1653726661,E,Humidity,37.979000091552734
1653726661,E,Pressure,102223.0
1653726661,E,Gas,1006.885009765625
1653726661,E,Accelerometer,0.0
1653726661,E,Light,860.0
1653726661,E,MIC,3.0
1653726661,E,RSSI,68.0
1653726661,H,Temperature,21.766000747680664
1653726661,H,Humidity,35.79100036621094
1653726661,H,Pressure,102241.0
1653726661,H,Gas,1303.5369873046875
1653726661,H,Accelerometer,0.0
1653726661,H,Light,52.0
1653726661,H,IR,0.0
1653726661,H,MIC,3.0
1653726662,F,Temperature,21.9950008392334
1653726662,F,Humidity,35.75299835205078
1653726662,F,Pressure,102258.0
1653726662,F,Gas,701.3720092773438
1653726662,F,Accelerometer,0.0
1653726662,F,Light,812.0
1653726662,F,MIC,3.0
1653726662,F,RSSI,82.0
1653726662,A,Temperature,22.174999237060547
1653726662,A,Humidity,36.24700164794922
1653726662,A,Pressure,102210.0
1653726662,A,Gas,567.0490112304688
1653726662,A,Accelerometer,0.0
1653726662,A,Light,86.0
1653726662,A,MIC,3.0
1653726662,A,RSSI,91.0
1653726663,G,Temperature,21.96500015258789
1653726663,G,Humidity,37.00500106811523
1653726663,G,Pressure,102243.0
1653726663,G,Gas,590.3709716796875
1653726663,G,Accelerometer,0.0
1653726663,G,Light,291.0
1653726663,G,MIC,3.0
1653726663,G,RSSI,72.0
1653726665,H,Temperature,21.766000747680664
1653726665,H,Humidity,35.81100082397461
1653726665,H,Pressure,102239.0
1653726665,H,Gas,1299.1190185546875
1653726665,H,Accelerometer,0.0
1653726665,H,Light,52.0
1653726665,H,IR,0.0
1653726665,H,MIC,3.0
1653726667,B,Temperature,21.48500061035156
1653726667,B,Humidity,38.803001403808594
1653726667,B,Pressure,102182.0
1653726667,B,Gas,1145.8590087890625
1653726667,B,Accelerometer,0.0
1653726667,B,Light,23.0
1653726667,B,MIC,3.0
1653726667,B,RSSI,66.0
1653726668,C,Temperature,22.415000915527344
1653726668,C,Humidity,35.49599838256836
1653726668,C,Pressure,102239.0
1653726668,C,Gas,585.7589721679688
1653726668,C,Accelerometer,0.0
1653726668,C,Light,3702.0
1653726668,C,MIC,1.0
1653726668,C,RSSI,66.0
1653726668,H,Temperature,21.766000747680664
1653726668,H,Humidity,35.808998107910156
1653726668,H,Pressure,102241.0
1653726668,H,Gas,1304.261962890625
1653726668,H,Accelerometer,0.0
1653726668,H,Light,52.0
1653726668,H,IR,0.0
1653726668,H,MIC,3.0
1653726670,H,Temperature,21.766000747680664
1653726670,H,Humidity,35.80400085449219
1653726670,H,Pressure,102241.0
1653726670,H,Gas,1302.3909912109375
1653726670,H,Accelerometer,0.0
1653726670,H,Light,52.0
1653726670,H,IR,0.0
1653726670,H,MIC,3.0
1653726670,D,Temperature,21.045000076293945
1653726670,D,Humidity,36.84299850463867
1653726671,D,Pressure,102248.0
1653726671,D,Gas,1020.885009765625
1653726671,D,Accelerometer,0.0
1653726671,D,Light,393.0
1653726671,D,MIC,3.0
1653726671,D,RSSI,61.0
1653726671,F,Temperature,21.9950008392334
1653726671,F,Humidity,35.73899841308594
1653726671,F,Pressure,102262.0
1653726671,F,Gas,703.780029296875
1653726671,F,Accelerometer,0.0
1653726671,F,Light,812.0
1653726671,F,MIC,3.0
1653726671,F,RSSI,82.0
1653726671,E,Temperature,20.475000381469727
1653726671,E,Humidity,37.96200180053711
1653726671,E,Pressure,102221.0
1653726671,E,Gas,1013.0020141601562
1653726671,E,Accelerometer,0.0
1653726671,E,Light,858.0
1653726671,E,MIC,3.0
1653726671,E,RSSI,68.0
1653726673,G,Temperature,21.96500015258789
1653726673,G,Humidity,37.01100158691406
1653726673,G,Pressure,102243.0
1653726673,G,Gas,588.6599731445312
1653726673,G,Accelerometer,0.0
1653726673,G,Light,289.0
1653726673,G,MIC,3.0
1653726673,G,RSSI,72.0
1653726673,A,Temperature,22.184999465942386
1653726673,A,Humidity,36.21099853515625
1653726673,A,Pressure,102212.0
1653726673,A,Gas,566.31201171875
1653726673,A,Accelerometer,0.0
1653726673,A,Light,86.0
1653726673,A,MIC,3.0
1653726673,A,RSSI,91.0
1653726674,H,Temperature,21.766000747680664
1653726674,H,Humidity,35.81100082397461
1653726674,H,Pressure,102243.0
1653726674,H,Gas,1288.77294921875
1653726674,H,Accelerometer,0.0
1653726674,H,Light,52.0
1653726674,H,IR,0.0
1653726674,H,MIC,3.0
1653726676,H,Temperature,21.756000518798828
1653726676,H,Humidity,35.82099914550781
1653726676,H,Pressure,102237.0
1653726676,H,Gas,1298.6429443359375
1653726676,H,Accelerometer,0.0
1653726676,H,Light,52.0
1653726676,H,IR,0.0
1653726676,H,MIC,3.0
1653726677,B,Temperature,21.48500061035156
1653726677,B,Humidity,38.82400131225586
1653726677,B,Pressure,102182.0
1653726677,B,Gas,1142.741943359375
1653726677,B,Accelerometer,0.0
1653726677,B,Light,23.0
1653726677,B,MIC,3.0
1653726677,B,RSSI,65.0
1653726677,C,Temperature,22.415000915527344
1653726677,C,Humidity,35.48899841308594
1653726677,C,Pressure,102241.0
1653726677,C,Gas,579.9849853515625
1653726677,C,Accelerometer,0.0
1653726677,C,Light,3674.0
1653726677,C,MIC,1.0
1653726677,C,RSSI,66.0
1653726680,H,Temperature,21.766000747680664
1653726680,H,Humidity,35.81999969482422
1653726680,H,Pressure,102241.0
1653726680,H,Gas,1287.5439453125
1653726680,H,Accelerometer,0.0
1653726680,H,Light,52.0
1653726680,H,IR,0.0
1653726680,H,MIC,3.0
1653726680,D,Temperature,21.045000076293945
1653726680,D,Humidity,36.81999969482422
1653726680,D,Pressure,102248.0
1653726680,D,Gas,1017.9949951171876
1653726680,D,Accelerometer,0.0
1653726680,D,Light,392.0
1653726680,D,MIC,3.0
1653726680,D,RSSI,61.0
1653726681,F,Temperature,21.98500061035156
1653726681,F,Humidity,35.763999938964844
1653726681,F,Pressure,102262.0
1653726681,F,Gas,707.5
1653726681,F,Accelerometer,0.0
1653726681,F,Light,808.0
1653726681,F,MIC,3.0
1653726681,F,RSSI,82.0
1653726681,E,Temperature,20.475000381469727
1653726681,E,Humidity,37.97100067138672
1653726681,E,Pressure,102221.0
1653726681,E,Gas,1010.0239868164062
1653726681,E,Accelerometer,0.0
1653726681,E,Light,860.0
1653726681,E,MIC,3.0
1653726681,E,RSSI,68.0
1653726683,H,Temperature,21.756000518798828
1653726683,H,Humidity,35.83599853515625
1653726683,H,Pressure,102237.0
1653726683,H,Gas,1288.2030029296875
1653726683,H,Accelerometer,0.0
1653726683,H,Light,51.0
1653726683,H,IR,0.0
1653726683,H,MIC,3.0
1653726683,A,Temperature,22.184999465942386
1653726683,A,Humidity,36.22100067138672
1653726683,A,Pressure,102212.0
1653726683,A,Gas,570.6500244140625
1653726683,A,Accelerometer,0.0
1653726683,A,Light,85.0
1653726683,A,MIC,3.0
1653726683,A,RSSI,91.0
1653726683,G,Temperature,21.96500015258789
1653726683,G,Humidity,37.00199890136719
1653726683,G,Pressure,102243.0
1653726683,G,Gas,586.3309936523438
1653726683,G,Accelerometer,0.0
1653726683,G,Light,287.0
1653726683,G,MIC,3.0
1653726683,G,RSSI,72.0
1653726686,H,Temperature,21.766000747680664
1653726686,H,Humidity,35.80199813842773
1653726686,H,Pressure,102241.0
1653726686,H,Gas,1292.73095703125
1653726686,H,Accelerometer,0.0
1653726686,H,Light,51.0
1653726686,H,IR,0.0
1653726686,H,MIC,3.0
1653726687,B,Temperature,21.48500061035156
1653726687,B,Humidity,38.8129997253418
1653726687,B,Pressure,102182.0
1653726687,B,Gas,1156.741943359375
1653726687,B,Accelerometer,0.0
1653726687,B,Light,23.0
1653726687,B,MIC,3.0
1653726687,B,RSSI,65.0
1653726688,C,Temperature,22.405000686645508
1653726688,C,Humidity,35.48400115966797
1653726688,C,Pressure,102239.0
1653726688,C,Gas,577.2639770507812
1653726688,C,Accelerometer,0.0
1653726688,C,Light,3619.0
1653726688,C,MIC,1.0
1653726688,C,RSSI,66.0
1653726689,H,Temperature,21.756000518798828
1653726689,H,Humidity,35.840999603271484
1653726689,H,Pressure,102239.0
1653726689,H,Gas,1299.93798828125
1653726689,H,Accelerometer,0.0
1653726689,H,Light,51.0
1653726689,H,IR,0.0
1653726689,H,MIC,3.0
1653726690,D,Temperature,21.045000076293945
1653726690,D,Humidity,36.82600021362305
1653726690,D,Pressure,102246.0
1653726690,D,Gas,1031.9169921875
1653726690,D,Accelerometer,0.0
1653726690,D,Light,389.0
1653726690,D,MIC,3.0
1653726690,D,RSSI,61.0
1653726691,F,Temperature,21.98500061035156
1653726691,F,Humidity,35.74399948120117
1653726691,F,Pressure,102258.0
1653726691,F,Gas,694.1099853515625
1653726691,F,Accelerometer,0.0
1653726691,F,Light,805.0
1653726691,F,MIC,3.0
1653726691,F,RSSI,78.0
1653726691,E,Temperature,20.46500015258789
1653726691,E,Humidity,37.99499893188477
1653726691,E,Pressure,102223.0
1653726691,E,Gas,1005.573974609375
1653726691,E,Accelerometer,0.0
1653726691,E,Light,857.0
1653726691,E,MIC,3.0
1653726691,E,RSSI,68.0
1653726692,H,Temperature,21.766000747680664
1653726692,H,Humidity,35.82899856567383
1653726692,H,Pressure,102241.0
1653726692,H,Gas,1314.237060546875
1653726692,H,Accelerometer,0.0
1653726692,H,Light,51.0
1653726692,H,IR,0.0
1653726692,H,MIC,3.0
1653726693,G,Temperature,21.975000381469727
1653726693,G,Humidity,36.98799896240234
1653726693,G,Pressure,102243.0
1653726693,G,Gas,584.8159790039062
1653726693,G,Accelerometer,0.0
1653726693,G,Light,286.0
1653726693,G,MIC,3.0
1653726693,G,RSSI,72.0
1653726695,H,Temperature,21.775999069213867
1653726695,H,Humidity,35.810001373291016
1653726695,H,Pressure,102237.0
1653726695,H,Gas,1321.2779541015625
1653726695,H,Accelerometer,0.0
1653726695,H,Light,51.0
1653726695,H,IR,0.0
1653726695,H,MIC,3.0
1653726695,A,Temperature,22.174999237060547
1653726695,A,Humidity,36.277000427246094
1653726695,A,Pressure,102212.0
1653726695,A,Gas,574.4959716796875
1653726695,A,Accelerometer,0.0
1653726695,A,Light,85.0
1653726695,A,MIC,3.0
1653726695,A,RSSI,91.0
1653726697,B,Temperature,21.48500061035156
1653726697,B,Humidity,38.8120002746582
1653726697,B,Pressure,102180.0
1653726697,B,Gas,1169.916015625
1653726697,B,Accelerometer,0.0
1653726697,B,Light,22.0
1653726697,B,MIC,3.0
1653726697,B,RSSI,65.0
1653726698,C,Temperature,22.395000457763672
1653726698,C,Humidity,35.52899932861328
1653726698,C,Pressure,102237.0
1653726698,C,Gas,581.4730224609375
1653726698,C,Accelerometer,0.0
1653726698,C,Light,3608.0
1653726698,C,MIC,1.0
1653726698,C,RSSI,66.0
1653726698,H,Temperature,21.775999069213867
1653726698,H,Humidity,35.81399917602539
1653726698,H,Pressure,102239.0
1653726698,H,Gas,1319.301025390625
1653726698,H,Accelerometer,0.0
1653726698,H,Light,51.0
1653726698,H,IR,0.0
1653726698,H,MIC,3.0
1653726701,H,Temperature,21.775999069213867
1653726701,H,Humidity,35.82899856567383
1653726701,H,Pressure,102239.0
1653726701,H,Gas,1319.18505859375
1653726701,H,Accelerometer,0.0
1653726701,H,Light,51.0
1653726701,H,IR,0.0
1653726701,H,MIC,3.0
1653726701,D,Temperature,21.05500030517578
1653726701,D,Humidity,36.81499862670898
1653726701,D,Pressure,102250.0
1653726701,D,Gas,1036.2569580078123
1653726701,D,Accelerometer,0.0
1653726701,D,Light,386.0
1653726701,D,MIC,3.0
1653726701,D,RSSI,61.0
1653726701,F,Temperature,21.975000381469727
1653726701,F,Humidity,35.73899841308594
1653726701,F,Pressure,102260.0
1653726701,F,Gas,710.3400268554688
1653726701,F,Accelerometer,0.0
1653726701,F,Light,800.0
1653726701,F,MIC,3.0
1653726701,F,RSSI,78.0
1653726701,E,Temperature,20.46500015258789
1653726701,E,Humidity,37.99499893188477
1653726701,E,Pressure,102223.0
1653726701,E,Gas,1024.0679931640623
1653726701,E,Accelerometer,0.0
1653726701,E,Light,854.0
1653726701,E,MIC,3.0
1653726701,E,RSSI,68.0
1653726703,A,Temperature,22.174999237060547
1653726703,A,Humidity,36.25600051879883
1653726703,A,Pressure,102210.0
1653726703,A,Gas,577.1329956054688
1653726703,A,Accelerometer,0.0
1653726703,A,Light,84.0
1653726703,A,MIC,3.0
1653726703,A,RSSI,85.0
1653726703,G,Temperature,21.975000381469727
1653726703,G,Humidity,36.99100112915039
1653726703,G,Pressure,102241.0
1653726703,G,Gas,591.1270141601562
1653726703,G,Accelerometer,0.0
1653726703,G,Light,286.0
1653726703,G,MIC,3.0
1653726703,G,RSSI,70.0
1653726704,H,Temperature,21.775999069213867
1653726704,H,Humidity,35.83700180053711
1653726704,H,Pressure,102243.0
1653726704,H,Gas,1312.2159423828125
1653726704,H,Accelerometer,0.0
1653726704,H,Light,51.0
1653726704,H,IR,0.0
1653726704,H,MIC,3.0
1653726707,H,Temperature,21.775999069213867
1653726707,H,Humidity,35.82899856567383
1653726707,H,Pressure,102239.0
1653726707,H,Gas,1315.56494140625
1653726707,H,Accelerometer,0.0
1653726707,H,Light,51.0
1653726707,H,IR,0.0
1653726707,H,MIC,3.0
1653726707,B,Temperature,21.4950008392334
1653726707,B,Humidity,38.81700134277344
1653726707,B,Pressure,102184.0
1653726707,B,Gas,1175.7669677734375
1653726707,B,Accelerometer,0.0
1653726707,B,Light,22.0
1653726707,B,MIC,3.0
1653726707,B,RSSI,65.0
1653726708,C,Temperature,22.415000915527344
1653726708,C,Humidity,35.54100036621094
1653726708,C,Pressure,102239.0
1653726708,C,Gas,580.0889892578125
1653726708,C,Accelerometer,0.0
1653726708,C,Light,3587.0
1653726708,C,MIC,1.0
1653726708,C,RSSI,66.0
1653726710,H,Temperature,21.775999069213867
1653726710,H,Humidity,35.82699966430664
1653726710,H,Pressure,102237.0
1653726710,H,Gas,1327.2950439453125
1653726710,H,Accelerometer,0.0
1653726710,H,Light,51.0
1653726710,H,IR,0.0
1653726710,H,MIC,3.0
1653726711,D,Temperature,21.045000076293945
1653726711,D,Humidity,36.8489990234375
1653726711,D,Pressure,102246.0
1653726711,D,Gas,1030.4720458984377
1653726711,D,Accelerometer,0.0
1653726711,D,Light,384.0
1653726711,D,MIC,3.0
1653726711,D,RSSI,67.0
1653726711,F,Temperature,21.98500061035156
1653726711,F,Humidity,35.736000061035156
1653726711,F,Pressure,102260.0
1653726711,F,Gas,702.1859741210938
1653726711,F,Accelerometer,0.0
1653726711,F,Light,792.0
1653726711,F,MIC,3.0
1653726711,F,RSSI,78.0
1653726711,E,Temperature,20.46500015258789
1653726711,E,Humidity,38.012001037597656
1653726711,E,Pressure,102221.0
1653726711,E,Gas,1047.112060546875
1653726711,E,Accelerometer,0.0
1653726711,E,Light,853.0
1653726711,E,MIC,3.0
1653726711,E,RSSI,82.0
1653726713,G,Temperature,21.975000381469727
1653726713,G,Humidity,36.99399948120117
1653726713,G,Pressure,102243.0
1653726713,G,Gas,591.68701171875
1653726713,G,Accelerometer,0.0
1653726713,G,Light,286.0
1653726713,G,MIC,3.0
1653726713,G,RSSI,70.0
1653726713,H,Temperature,21.775999069213867
1653726713,H,Humidity,35.816001892089844
1653726713,H,Pressure,102239.0
1653726713,H,Gas,1328.64501953125
1653726713,H,Accelerometer,0.0
1653726713,H,Light,51.0
1653726713,H,IR,0.0
1653726713,H,MIC,3.0
1653726713,A,Temperature,22.184999465942386
1653726713,A,Humidity,36.19900131225586
1653726713,A,Pressure,102210.0
1653726713,A,Gas,576.8489990234375
1653726713,A,Accelerometer,0.0
1653726713,A,Light,84.0
1653726713,A,MIC,3.0
1653726713,A,RSSI,85.0
1653726716,H,Temperature,21.775999069213867
1653726716,H,Humidity,35.85100173950195
1653726716,H,Pressure,102241.0
1653726716,H,Gas,1332.0880126953125
1653726716,H,Accelerometer,0.0
1653726716,H,Light,51.0
1653726716,H,IR,0.0
1653726716,H,MIC,3.0
1653726717,B,Temperature,21.475000381469727
1653726717,B,Humidity,38.83000183105469
1653726717,B,Pressure,102184.0
1653726717,B,Gas,1183.7320556640625
1653726717,B,Accelerometer,0.0
1653726717,B,Light,22.0
1653726717,B,MIC,3.0
1653726717,B,RSSI,65.0
1653726718,C,Temperature,22.415000915527344
1653726718,C,Humidity,35.516998291015625
1653726718,C,Pressure,102239.0
1653726718,C,Gas,578.9439697265625
1653726718,C,Accelerometer,0.0
1653726718,C,Light,3582.0
1653726718,C,MIC,1.0
1653726718,C,RSSI,66.0
1653726720,H,Temperature,21.775999069213867
1653726720,H,Humidity,35.862998962402344
1653726720,H,Pressure,102241.0
1653726720,H,Gas,1328.9219970703125
1653726720,H,Accelerometer,0.0
1653726720,H,Light,51.0
1653726720,H,IR,0.0
1653726720,H,MIC,3.0
1653726721,D,Temperature,21.03499984741211
1653726721,D,Humidity,36.85900115966797
1653726721,D,Pressure,102248.0
1653726721,D,Gas,1053.1839599609377
1653726721,D,Accelerometer,0.0
1653726721,D,Light,382.0
1653726721,D,MIC,3.0
1653726721,D,RSSI,67.0
1653726721,E,Temperature,20.475000381469727
1653726721,E,Humidity,37.98899841308594
1653726721,E,Pressure,102223.0
1653726721,E,Gas,1034.4300537109377
1653726721,E,Accelerometer,0.0
1653726721,E,Light,852.0
1653726721,E,MIC,3.0
1653726721,E,RSSI,82.0
1653726722,F,Temperature,21.98500061035156
1653726722,F,Humidity,35.74100112915039
1653726722,F,Pressure,102258.0
1653726722,F,Gas,698.5159912109375
1653726722,F,Accelerometer,0.0
1653726722,F,Light,786.0
1653726722,F,MIC,3.0
1653726722,F,RSSI,78.0
1653726722,H,Temperature,21.775999069213867
1653726722,H,Humidity,35.875
1653726722,H,Pressure,102241.0
1653726722,H,Gas,1329.31494140625
1653726722,H,Accelerometer,0.0
1653726722,H,Light,51.0
1653726722,H,IR,0.0
1653726722,H,MIC,3.0
1653726723,A,Temperature,22.184999465942386
1653726723,A,Humidity,36.196998596191406
1653726723,A,Pressure,102210.0
1653726723,A,Gas,576.2979736328125
1653726723,A,Accelerometer,0.0
1653726723,A,Light,84.0
1653726723,A,MIC,3.0
1653726723,A,RSSI,85.0
1653726723,G,Temperature,21.975000381469727
1653726723,G,Humidity,37.012001037597656
1653726723,G,Pressure,102243.0
1653726723,G,Gas,585.4829711914062
1653726723,G,Accelerometer,0.0
1653726723,G,Light,286.0
1653726723,G,MIC,3.0
1653726723,G,RSSI,70.0
1653726725,H,Temperature,21.775999069213867
1653726725,H,Humidity,35.88100051879883
1653726725,H,Pressure,102239.0
1653726725,H,Gas,1328.1080322265625
1653726725,H,Accelerometer,0.0
1653726725,H,Light,52.0
1653726725,H,IR,0.0
1653726725,H,MIC,3.0
1653726727,B,Temperature,21.475000381469727
1653726727,B,Humidity,38.854000091552734
1653726727,B,Pressure,102184.0
1653726727,B,Gas,1181.4959716796875
1653726727,B,Accelerometer,0.0
1653726727,B,Light,23.0
1653726727,B,MIC,3.0
1653726727,B,RSSI,65.0
1653726728,C,Temperature,22.415000915527344
1653726728,C,Humidity,35.5099983215332
1653726728,C,Pressure,102241.0
1653726728,C,Gas,573.1959838867188
1653726728,C,Accelerometer,0.0
1653726728,C,Light,3561.0
1653726728,C,MIC,1.0
1653726728,C,RSSI,66.0
1653726728,H,Temperature,21.775999069213867
1653726728,H,Humidity,35.88800048828125
1653726728,H,Pressure,102241.0
1653726728,H,Gas,1328.512939453125
1653726728,H,Accelerometer,0.0
1653726728,H,Light,52.0
1653726728,H,IR,0.0
1653726728,H,MIC,3.0
1653726731,D,Temperature,21.03499984741211
1653726731,D,Humidity,36.858001708984375
1653726731,D,Pressure,102244.0
1653726731,D,Gas,1035.2550048828123
1653726731,D,Accelerometer,0.0
1653726731,D,Light,380.0
1653726731,D,MIC,3.0
1653726731,D,RSSI,67.0
1653726731,H,Temperature,21.775999069213867
1653726731,H,Humidity,35.893001556396484
1653726731,H,Pressure,102239.0
1653726731,H,Gas,1339.4560546875
1653726731,H,Accelerometer,0.0
1653726731,H,Light,52.0
1653726731,H,IR,0.0
1653726731,H,MIC,3.0
1653726731,F,Temperature,21.98500061035156
1653726731,F,Humidity,35.737998962402344
1653726731,F,Pressure,102260.0
1653726731,F,Gas,720.5189819335938
1653726731,F,Accelerometer,0.0
1653726731,F,Light,782.0
1653726731,F,MIC,3.0
1653726731,F,RSSI,78.0
1653726731,E,Temperature,20.46500015258789
1653726731,E,Humidity,38.02199935913086
1653726731,E,Pressure,102223.0
1653726731,E,Gas,1054.1689453125
1653726731,E,Accelerometer,0.0
1653726731,E,Light,847.0
1653726731,E,MIC,3.0
1653726731,E,RSSI,82.0
1653726733,A,Temperature,22.184999465942386
1653726733,A,Humidity,36.17200088500977
1653726733,A,Pressure,102210.0
1653726733,A,Gas,585.2830200195312
1653726733,A,Accelerometer,0.0
1653726733,A,Light,84.0
1653726733,A,MIC,3.0
1653726733,A,RSSI,85.0
1653726734,G,Temperature,21.975000381469727
1653726734,G,Humidity,37.01900100708008
1653726734,G,Pressure,102241.0
1653726734,G,Gas,592.4039916992188
1653726734,G,Accelerometer,0.0
1653726734,G,Light,287.0
1653726734,G,MIC,3.0
1653726734,G,RSSI,70.0
1653726735,H,Temperature,21.785999298095703
1653726735,H,Humidity,35.86399841308594
1653726735,H,Pressure,102239.0
1653726735,H,Gas,1352.2149658203125
1653726735,H,Accelerometer,0.0
1653726735,H,Light,52.0
1653726735,H,IR,0.0
1653726735,H,MIC,3.0
1653726737,B,Temperature,21.475000381469727
1653726737,B,Humidity,38.85499954223633
1653726737,B,Pressure,102184.0
1653726737,B,Gas,1181.2640380859375
1653726737,B,Accelerometer,0.0
1653726737,B,Light,23.0
1653726737,B,MIC,3.0
1653726737,B,RSSI,65.0
1653726738,H,Temperature,21.775999069213867
1653726738,H,Humidity,35.880001068115234
1653726738,H,Pressure,102237.0
1653726738,H,Gas,1343.508056640625
1653726738,H,Accelerometer,0.0
1653726738,H,Light,53.0
1653726738,H,IR,0.0
1653726738,H,MIC,3.0
1653726738,C,Temperature,22.415000915527344
1653726738,C,Humidity,35.5099983215332
1653726738,C,Pressure,102239.0
1653726738,C,Gas,575.8330078125
1653726738,C,Accelerometer,0.0
1653726738,C,Light,3482.0
1653726738,C,MIC,1.0
1653726738,C,RSSI,62.0
1653726740,H,Temperature,21.775999069213867
1653726740,H,Humidity,35.88999938964844
1653726740,H,Pressure,102237.0
1653726740,H,Gas,1349.5250244140625
1653726740,H,Accelerometer,0.0
1653726740,H,Light,53.0
1653726740,H,IR,0.0
1653726740,H,MIC,3.0
1653726741,D,Temperature,21.03499984741211
1653726741,D,Humidity,36.86800003051758
1653726741,D,Pressure,102246.0
1653726741,D,Gas,1047.051025390625
1653726741,D,Accelerometer,0.0
1653726741,D,Light,380.0
1653726741,D,MIC,3.0
1653726741,D,RSSI,67.0
1653726741,F,Temperature,21.98500061035156
1653726741,F,Humidity,35.74100112915039
1653726741,F,Pressure,102260.0
1653726741,F,Gas,717.0430297851562
1653726741,F,Accelerometer,0.0
1653726741,F,Light,777.0
1653726741,F,MIC,3.0
1653726741,F,RSSI,78.0
1653726741,E,Temperature,20.475000381469727
1653726741,E,Humidity,37.98899841308594
1653726741,E,Pressure,102223.0
1653726741,E,Gas,1060.490966796875
1653726741,E,Accelerometer,0.0
1653726741,E,Light,850.0
1653726741,E,MIC,3.0
1653726741,E,RSSI,82.0
1653726743,G,Temperature,21.96500015258789
1653726743,G,Humidity,37.04800033569336
1653726743,G,Pressure,102241.0
1653726743,G,Gas,592.4550170898438
1653726743,G,Accelerometer,0.0
1653726743,G,Light,288.0
1653726743,G,MIC,3.0
1653726743,G,RSSI,70.0
1653726743,H,Temperature,21.775999069213867
1653726743,H,Humidity,35.874000549316406
1653726743,H,Pressure,102241.0
1653726743,H,Gas,1359.029052734375
1653726743,H,Accelerometer,0.0
1653726743,H,Light,54.0
1653726743,H,IR,0.0
1653726743,H,MIC,3.0
1653726744,A,Temperature,22.184999465942386
1653726744,A,Humidity,36.19900131225586
1653726744,A,Pressure,102210.0
1653726744,A,Gas,586.5479736328125
1653726744,A,Accelerometer,0.0
1653726744,A,Light,84.0
1653726744,A,MIC,3.0
1653726744,A,RSSI,85.0
1653726746,H,Temperature,21.785999298095703
1653726746,H,Humidity,35.85100173950195
1653726746,H,Pressure,102241.0
1653726746,H,Gas,1353.35595703125
1653726746,H,Accelerometer,0.0
1653726746,H,Light,54.0
1653726746,H,IR,0.0
1653726746,H,MIC,3.0
1653726747,B,Temperature,21.475000381469727
1653726747,B,Humidity,38.84299850463867
1653726747,B,Pressure,102182.0
1653726747,B,Gas,1187.595947265625
1653726747,B,Accelerometer,0.0
1653726747,B,Light,23.0
1653726747,B,MIC,3.0
1653726747,B,RSSI,65.0
1653726748,C,Temperature,22.415000915527344
1653726748,C,Humidity,35.49700164794922
1653726748,C,Pressure,102239.0
1653726748,C,Gas,577.5269775390625
1653726748,C,Accelerometer,0.0
1653726748,C,Light,3426.0
1653726748,C,MIC,1.0
1653726748,C,RSSI,62.0
1653726749,H,Temperature,21.775999069213867
1653726749,H,Humidity,35.86600112915039
1653726749,H,Pressure,102239.0
1653726749,H,Gas,1353.532958984375
1653726749,H,Accelerometer,0.0
1653726749,H,Light,55.0
1653726749,H,IR,0.0
1653726749,H,MIC,3.0
1653726751,D,Temperature,21.045000076293945
1653726751,D,Humidity,36.85699844360352
1653726751,D,Pressure,102246.0
1653726751,D,Gas,1054.1199951171877
1653726751,D,Accelerometer,0.0
1653726751,D,Light,379.0
1653726751,D,MIC,3.0
1653726751,D,RSSI,67.0
1653726751,E,Temperature,20.46500015258789
1653726751,E,Humidity,38.012001037597656
1653726751,E,Pressure,102223.0
1653726751,E,Gas,1064.343994140625
1653726751,E,Accelerometer,0.0
1653726751,E,Light,850.0
1653726751,E,MIC,3.0
1653726751,E,RSSI,82.0
1653726752,F,Temperature,21.9950008392334
1653726752,F,Humidity,35.736000061035156
1653726752,F,Pressure,102260.0
1653726752,F,Gas,708.8560180664062
1653726752,F,Accelerometer,0.0
1653726752,F,Light,775.0
1653726752,F,MIC,3.0
1653726752,F,RSSI,78.0
1653726752,H,Temperature,21.766000747680664
1653726752,H,Humidity,35.8650016784668
1653726752,H,Pressure,102239.0
1653726752,H,Gas,1348.406982421875
1653726752,H,Accelerometer,0.0
1653726752,H,Light,56.0
1653726752,H,IR,0.0
1653726752,H,MIC,3.0
1653726753,G,Temperature,21.975000381469727
1653726753,G,Humidity,37.01399993896485
1653726753,G,Pressure,102241.0
1653726753,G,Gas,593.6859741210938
1653726753,G,Accelerometer,0.0
1653726753,G,Light,291.0
1653726753,G,MIC,3.0
1653726753,G,RSSI,72.0
1653726753,A,Temperature,22.184999465942386
1653726753,A,Humidity,36.17499923706055
1653726753,A,Pressure,102208.0
1653726753,A,Gas,589.9420166015625
1653726753,A,Accelerometer,0.0
1653726753,A,Light,84.0
1653726753,A,MIC,3.0
1653726753,A,RSSI,81.0
1653726755,H,Temperature,21.775999069213867
1653726755,H,Humidity,35.84299850463867
1653726755,H,Pressure,102237.0
1653726755,H,Gas,1360.9110107421875
1653726755,H,Accelerometer,0.0
1653726755,H,Light,57.0
1653726755,H,IR,0.0
1653726755,H,MIC,3.0
1653726757,B,Temperature,21.48500061035156
1653726757,B,Humidity,38.8390007019043
1653726757,B,Pressure,102182.0
1653726757,B,Gas,1196.27001953125
1653726757,B,Accelerometer,0.0
1653726757,B,Light,24.0
1653726757,B,MIC,3.0
1653726757,B,RSSI,65.0
1653726758,C,Temperature,22.415000915527344
1653726758,C,Humidity,35.513999938964844
1653726758,C,Pressure,102237.0
1653726758,C,Gas,577.4719848632812
1653726758,C,Accelerometer,0.0
1653726758,C,Light,3381.0
1653726758,C,MIC,1.0
1653726758,C,RSSI,62.0
1653726759,H,Temperature,21.775999069213867
1653726759,H,Humidity,35.8489990234375
1653726759,H,Pressure,102243.0
1653726759,H,Gas,1364.1280517578125
1653726759,H,Accelerometer,0.0
1653726759,H,Light,58.0
1653726759,H,IR,0.0
1653726759,H,MIC,3.0
1653726761,D,Temperature,21.045000076293945
1653726761,D,Humidity,36.87799835205078
1653726761,D,Pressure,102246.0
1653726761,D,Gas,1071.6280517578123
1653726761,D,Accelerometer,0.0
1653726761,D,Light,380.0
1653726761,D,MIC,3.0
1653726761,D,RSSI,60.0
1653726761,H,Temperature,21.775999069213867
1653726761,H,Humidity,35.85499954223633
1653726761,H,Pressure,102237.0
1653726761,H,Gas,1368.970947265625
1653726761,H,Accelerometer,0.0
1653726761,H,Light,58.0
1653726761,H,IR,0.0
1653726761,H,MIC,3.0
1653726761,F,Temperature,21.98500061035156
1653726761,F,Humidity,35.73699951171875
1653726761,F,Pressure,102258.0
1653726761,F,Gas,716.6939697265625
1653726761,F,Accelerometer,0.0
1653726761,F,Light,772.0
1653726761,F,MIC,3.0
1653726761,F,RSSI,78.0
1653726762,E,Temperature,20.475000381469727
1653726762,E,Humidity,37.97800064086914
1653726762,E,Pressure,102221.0
1653726762,E,Gas,1064.238037109375
1653726762,E,Accelerometer,0.0
1653726762,E,Light,851.0
1653726762,E,MIC,3.0
1653726762,E,RSSI,77.0
1653726763,A,Temperature,22.184999465942386
1653726763,A,Humidity,36.198001861572266
1653726763,A,Pressure,102210.0
1653726763,A,Gas,593.2119750976562
1653726763,A,Accelerometer,0.0
1653726763,A,Light,85.0
1653726763,A,MIC,3.0
1653726763,A,RSSI,81.0
1653726763,G,Temperature,21.96500015258789
1653726763,G,Humidity,37.01300048828125
1653726763,G,Pressure,102239.0
1653726763,G,Gas,588.1240234375
1653726763,G,Accelerometer,0.0
1653726763,G,Light,295.0
1653726763,G,MIC,3.0
1653726763,G,RSSI,72.0
1653726766,H,Temperature,21.775999069213867
1653726766,H,Humidity,35.882999420166016
1653726766,H,Pressure,102237.0
1653726766,H,Gas,1376.1510009765625
1653726766,H,Accelerometer,0.0
1653726766,H,Light,59.0
1653726766,H,IR,0.0
1653726766,H,MIC,3.0
1653726767,B,Temperature,21.475000381469727
1653726767,B,Humidity,38.849998474121094
1653726767,B,Pressure,102182.0
1653726767,B,Gas,1198.7220458984375
1653726767,B,Accelerometer,0.0
1653726767,B,Light,26.0
1653726767,B,MIC,3.0
1653726767,B,RSSI,65.0
1653726768,C,Temperature,22.405000686645508
1653726768,C,Humidity,35.52000045776367
1653726768,C,Pressure,102239.0
1653726768,C,Gas,571.8189697265625
1653726768,C,Accelerometer,0.0
1653726768,C,Light,3341.0
1653726768,C,MIC,1.0
1653726768,C,RSSI,62.0
1653726771,H,Temperature,21.775999069213867
1653726771,H,Humidity,35.87300109863281
1653726771,H,Pressure,102239.0
1653726771,H,Gas,1373.0450439453125
1653726771,H,Accelerometer,0.0
1653726771,H,Light,60.0
1653726771,H,IR,0.0
1653726771,H,MIC,3.0
1653726771,D,Temperature,21.045000076293945
1653726771,D,Humidity,36.84700012207031
1653726771,D,Pressure,102246.0
1653726771,D,Gas,1068.279052734375
1653726771,D,Accelerometer,0.0
1653726771,D,Light,381.0
1653726771,D,MIC,3.0
1653726771,D,RSSI,60.0
1653726771,H,Temperature,21.775999069213867
1653726771,H,Humidity,35.86600112915039
1653726771,H,Pressure,102237.0
1653726771,H,Gas,1377.5899658203125
1653726771,H,Accelerometer,0.0
1653726771,H,Light,61.0
1653726771,H,IR,0.0
1653726771,H,MIC,3.0
1653726772,F,Temperature,21.98500061035156
1653726772,F,Humidity,35.71699905395508
1653726772,F,Pressure,102258.0
1653726772,F,Gas,712.6370239257812
1653726772,F,Accelerometer,0.0
1653726772,F,Light,770.0
1653726772,F,MIC,3.0
1653726772,F,RSSI,78.0
1653726772,E,Temperature,20.46500015258789
1653726772,E,Humidity,37.99800109863281
1653726772,E,Pressure,102221.0
1653726772,E,Gas,1060.9610595703123
1653726772,E,Accelerometer,0.0
1653726772,E,Light,854.0
1653726772,E,MIC,3.0
1653726772,E,RSSI,77.0
1653726773,A,Temperature,22.184999465942386
1653726773,A,Humidity,36.18199920654297
1653726773,A,Pressure,102208.0
1653726773,A,Gas,592.6610107421875
1653726773,A,Accelerometer,0.0
1653726773,A,Light,86.0
1653726773,A,MIC,3.0
1653726773,A,RSSI,81.0
1653726774,G,Temperature,21.975000381469727
1653726774,G,Humidity,37.0009994506836
1653726774,G,Pressure,102241.0
1653726774,G,Gas,590.2470092773438
1653726774,G,Accelerometer,0.0
1653726774,G,Light,299.0
1653726774,G,MIC,3.0
1653726774,G,RSSI,72.0
1653726774,H,Temperature,21.775999069213867
1653726774,H,Humidity,35.86600112915039
1653726774,H,Pressure,102241.0
1653726774,H,Gas,1371.2900390625
1653726774,H,Accelerometer,0.0
1653726774,H,Light,62.0
1653726774,H,IR,0.0
1653726774,H,MIC,3.0
1653726776,H,Temperature,21.775999069213867
1653726776,H,Humidity,35.87200164794922
1653726776,H,Pressure,102239.0
1653726776,H,Gas,1372.2540283203125
1653726776,H,Accelerometer,0.0
1653726776,H,Light,63.0
1653726776,H,IR,0.0
1653726776,H,MIC,3.0
1653726777,B,Temperature,21.475000381469727
1653726777,B,Humidity,38.87300109863281
1653726777,B,Pressure,102182.0
1653726777,B,Gas,1213.5460205078125
1653726777,B,Accelerometer,0.0
1653726777,B,Light,27.0
1653726777,B,MIC,3.0
1653726777,B,RSSI,68.0
1653726778,C,Temperature,22.395000457763672
1653726778,C,Humidity,35.505001068115234
1653726778,C,Pressure,102237.0
1653726778,C,Gas,575.60498046875
1653726778,C,Accelerometer,0.0
1653726778,C,Light,3361.0
1653726778,C,MIC,1.0
1653726778,C,RSSI,62.0
1653726779,H,Temperature,21.775999069213867
1653726779,H,Humidity,35.8489990234375
1653726779,H,Pressure,102239.0
1653726779,H,Gas,1364.925048828125
1653726779,H,Accelerometer,0.0
1653726779,H,Light,64.0
1653726779,H,IR,0.0
1653726779,H,MIC,3.0
1653726781,D,Temperature,21.045000076293945
1653726781,D,Humidity,36.854000091552734
1653726781,D,Pressure,102246.0
1653726781,D,Gas,1071.970947265625
1653726781,D,Accelerometer,0.0
1653726781,D,Light,383.0
1653726781,D,MIC,3.0
1653726781,D,RSSI,60.0
1653726781,F,Temperature,21.98500061035156
1653726781,F,Humidity,35.72900009155273
1653726781,F,Pressure,102258.0
1653726781,F,Gas,717.9509887695312
1653726781,F,Accelerometer,0.0
1653726781,F,Light,770.0
1653726781,F,MIC,3.0
1653726781,F,RSSI,78.0
1653726782,E,Temperature,20.475000381469727
1653726782,E,Humidity,37.97100067138672
1653726782,E,Pressure,102221.0
1653726782,E,Gas,1053.14501953125
1653726782,E,Accelerometer,0.0
1653726782,E,Light,856.0
1653726782,E,MIC,3.0
1653726782,E,RSSI,77.0
1653726783,H,Temperature,21.785999298095703
1653726783,H,Humidity,35.82099914550781
1653726783,H,Pressure,102241.0
1653726783,H,Gas,1361.1610107421875
1653726783,H,Accelerometer,0.0
1653726783,H,Light,65.0
1653726783,H,IR,0.0
1653726783,H,MIC,3.0
1653726783,G,Temperature,21.96500015258789
1653726783,G,Humidity,37.00199890136719
1653726783,G,Pressure,102241.0
1653726783,G,Gas,588.4810180664062
1653726783,G,Accelerometer,0.0
1653726783,G,Light,304.0
1653726783,G,MIC,3.0
1653726783,G,RSSI,72.0
1653726783,A,Temperature,22.184999465942386
1653726783,A,Humidity,36.1609992980957
1653726783,A,Pressure,102208.0
1653726783,A,Gas,595.3800048828125
1653726783,A,Accelerometer,0.0
1653726783,A,Light,86.0
1653726783,A,MIC,3.0
1653726783,A,RSSI,81.0
1653726786,H,Temperature,21.775999069213867
1653726786,H,Humidity,35.84199905395508
1653726786,H,Pressure,102241.0
1653726786,H,Gas,1362.6719970703125
1653726786,H,Accelerometer,0.0
1653726786,H,Light,66.0
1653726786,H,IR,0.0
1653726786,H,MIC,3.0
1653726787,B,Temperature,21.475000381469727
1653726787,B,Humidity,38.87699890136719
1653726787,B,Pressure,102182.0
1653726787,B,Gas,1218.8160400390625
1653726787,B,Accelerometer,0.0
1653726787,B,Light,29.0
1653726787,B,MIC,3.0
1653726787,B,RSSI,68.0
1653726788,C,Temperature,22.38500022888184
1653726788,C,Humidity,35.49800109863281
1653726788,C,Pressure,102239.0
1653726788,C,Gas,572.2150268554688
1653726788,C,Accelerometer,0.0
1653726788,C,Light,3378.0
1653726788,C,MIC,1.0
1653726788,C,RSSI,66.0
1653726789,H,Temperature,21.775999069213867
1653726789,H,Humidity,35.83000183105469
1653726789,H,Pressure,102239.0
1653726789,H,Gas,1358.386962890625
1653726789,H,Accelerometer,0.0
1653726789,H,Light,68.0
1653726789,H,IR,0.0
1653726789,H,MIC,3.0
1653726791,D,Temperature,21.045000076293945
1653726791,D,Humidity,36.86399841308594
1653726791,D,Pressure,102246.0
1653726791,D,Gas,1083.595947265625
1653726791,D,Accelerometer,0.0
1653726791,D,Light,387.0
1653726791,D,MIC,3.0
1653726791,D,RSSI,60.0
1653726791,F,Temperature,21.9950008392334
1653726791,F,Humidity,35.72600173950195
1653726791,F,Pressure,102258.0
1653726791,F,Gas,716.3070068359375
1653726791,F,Accelerometer,0.0
1653726791,F,Light,769.0
1653726791,F,MIC,3.0
1653726791,F,RSSI,84.0
1653726792,H,Temperature,21.785999298095703
1653726792,H,Humidity,35.80699920654297
1653726792,H,Pressure,102239.0
1653726792,H,Gas,1363.4410400390625
1653726792,H,Accelerometer,0.0
1653726792,H,Light,70.0
1653726792,H,IR,0.0
1653726792,H,MIC,3.0
1653726792,E,Temperature,20.48500061035156
1653726792,E,Humidity,37.95299911499024
1653726792,E,Pressure,102223.0
1653726792,E,Gas,1070.593017578125
1653726792,E,Accelerometer,0.0
1653726792,E,Light,863.0
1653726792,E,MIC,3.0
1653726792,E,RSSI,77.0
1653726793,A,Temperature,22.184999465942386
1653726793,A,Humidity,36.185001373291016
1653726793,A,Pressure,102208.0
1653726793,A,Gas,593.7410278320312
1653726793,A,Accelerometer,0.0
1653726793,A,Light,87.0
1653726793,A,MIC,3.0
1653726793,A,RSSI,81.0
1653726793,G,Temperature,21.975000381469727
1653726793,G,Humidity,37.012001037597656
1653726793,G,Pressure,102241.0
1653726793,G,Gas,582.5180053710938
1653726793,G,Accelerometer,0.0
1653726793,G,Light,314.0
1653726793,G,MIC,3.0
1653726793,G,RSSI,72.0
1653726796,H,Temperature,21.775999069213867
1653726796,H,Humidity,35.83300018310547
1653726796,H,Pressure,102239.0
1653726796,H,Gas,1377.6729736328125
1653726796,H,Accelerometer,0.0
1653726796,H,Light,72.0
1653726796,H,IR,0.0
1653726796,H,MIC,3.0
1653726797,B,Temperature,21.475000381469727
1653726797,B,Humidity,38.86199951171875
1653726797,B,Pressure,102182.0
1653726797,B,Gas,1231.791015625
1653726797,B,Accelerometer,0.0
1653726797,B,Light,32.0
1653726797,B,MIC,3.0
1653726797,B,RSSI,68.0
1653726798,H,Temperature,21.775999069213867
1653726798,H,Humidity,35.81399917602539
1653726798,H,Pressure,102237.0
1653726798,H,Gas,1384.907958984375
1653726798,H,Accelerometer,0.0
1653726798,H,Light,74.0
1653726798,H,IR,0.0
1653726798,H,MIC,3.0
1653726798,C,Temperature,22.38500022888184
1653726798,C,Humidity,35.52000045776367
1653726798,C,Pressure,102235.0
1653726798,C,Gas,562.8250122070311
1653726798,C,Accelerometer,0.0
1653726798,C,Light,3417.0
1653726798,C,MIC,1.0
1653726798,C,RSSI,66.0
1653726801,D,Temperature,21.05500030517578
1653726801,D,Humidity,36.83599853515625
1653726801,D,Pressure,102250.0
1653726801,D,Gas,1066.4300537109377
1653726801,D,Accelerometer,0.0
1653726801,D,Light,392.0
1653726801,D,MIC,3.0
1653726801,D,RSSI,60.0
1653726801,H,Temperature,21.775999069213867
1653726801,H,Humidity,35.80199813842773
1653726801,H,Pressure,102239.0
1653726801,H,Gas,1387.3160400390625
1653726801,H,Accelerometer,0.0
1653726801,H,Light,77.0
1653726801,H,IR,0.0
1653726801,H,MIC,3.0
1653726802,F,Temperature,21.98500061035156
1653726802,F,Humidity,35.74399948120117
1653726802,F,Pressure,102256.0
1653726802,F,Gas,713.7659912109375
1653726802,F,Accelerometer,0.0
1653726802,F,Light,768.0
1653726802,F,MIC,3.0
1653726802,F,RSSI,84.0
1653726802,E,Temperature,20.48500061035156
1653726802,E,Humidity,37.97999954223633
1653726802,E,Pressure,102223.0
1653726802,E,Gas,1077.009033203125
1653726802,E,Accelerometer,0.0
1653726802,E,Light,866.0
1653726802,E,MIC,3.0
1653726802,E,RSSI,77.0
1653726803,A,Temperature,22.184999465942386
1653726803,A,Humidity,36.1879997253418
1653726803,A,Pressure,102210.0
1653726803,A,Gas,593.4290161132812
1653726803,A,Accelerometer,0.0
1653726803,A,Light,90.0
1653726803,A,MIC,3.0
1653726803,A,RSSI,83.0
1653726803,G,Temperature,21.975000381469727
1653726803,G,Humidity,37.00699996948242
1653726803,G,Pressure,102241.0
1653726803,G,Gas,585.677001953125
1653726803,G,Accelerometer,0.0
1653726803,G,Light,330.0
1653726803,G,MIC,3.0
1653726803,G,RSSI,72.0
1653726804,H,Temperature,21.785999298095703
1653726804,H,Humidity,35.79899978637695
1653726804,H,Pressure,102241.0
1653726804,H,Gas,1392.845947265625
1653726804,H,Accelerometer,0.0
1653726804,H,Light,82.0
1653726804,H,IR,0.0
1653726804,H,MIC,3.0
1653726807,H,Temperature,21.775999069213867
1653726807,H,Humidity,35.83300018310547
1653726807,H,Pressure,102237.0
1653726807,H,Gas,1390.011962890625
1653726807,H,Accelerometer,0.0
1653726807,H,Light,88.0
1653726807,H,IR,0.0
1653726807,H,MIC,3.0
1653726807,B,Temperature,21.48500061035156
1653726807,B,Humidity,38.85900115966797
1653726807,B,Pressure,102184.0
1653726807,B,Gas,1220.8089599609375
1653726807,B,Accelerometer,0.0
1653726807,B,Light,39.0
1653726807,B,MIC,3.0
1653726807,B,RSSI,68.0
1653726808,C,Temperature,22.38500022888184
1653726808,C,Humidity,35.507999420166016
1653726808,C,Pressure,102239.0
1653726808,C,Gas,562.3820190429689
1653726808,C,Accelerometer,0.0
1653726808,C,Light,3482.0
1653726808,C,MIC,1.0
1653726808,C,RSSI,66.0
1653726810,H,Temperature,21.775999069213867
1653726810,H,Humidity,35.832000732421875
1653726810,H,Pressure,102241.0
1653726810,H,Gas,1380.02001953125
1653726810,H,Accelerometer,0.0
1653726810,H,Light,105.0
1653726810,H,IR,0.0
1653726810,H,MIC,3.0
1653726811,D,Temperature,21.045000076293945
1653726811,D,Humidity,36.87799835205078
1653726811,D,Pressure,102246.0
1653726811,D,Gas,1070.7869873046877
1653726811,D,Accelerometer,0.0
1653726811,D,Light,396.0
1653726811,D,MIC,3.0
1653726811,D,RSSI,67.0
1653726812,E,Temperature,20.475000381469727
1653726812,E,Humidity,37.99800109863281
1653726812,E,Pressure,102221.0
1653726812,E,Gas,1086.1639404296877
1653726812,E,Accelerometer,0.0
1653726812,E,Light,876.0
1653726812,E,MIC,3.0
1653726812,E,RSSI,82.0
1653726812,F,Temperature,21.98500061035156
1653726812,F,Humidity,35.7400016784668
1653726812,F,Pressure,102258.0
1653726812,F,Gas,717.7349853515625
1653726812,F,Accelerometer,0.0
1653726812,F,Light,768.0
1653726812,F,MIC,3.0
1653726812,F,RSSI,84.0
1653726813,A,Temperature,22.184999465942386
1653726813,A,Humidity,36.15399932861328
1653726813,A,Pressure,102208.0
1653726813,A,Gas,591.3189697265625
1653726813,A,Accelerometer,0.0
1653726813,A,Light,96.0
1653726813,A,MIC,3.0
1653726813,A,RSSI,83.0
1653726814,H,Temperature,21.766000747680664
1653726814,H,Humidity,35.847999572753906
1653726814,H,Pressure,102239.0
1653726814,H,Gas,1379.9530029296875
1653726814,H,Accelerometer,0.0
1653726814,H,Light,131.0
1653726814,H,IR,0.0
1653726814,H,MIC,3.0
1653726814,G,Temperature,21.975000381469727
1653726814,G,Humidity,37.02399826049805
1653726814,G,Pressure,102241.0
1653726814,G,Gas,585.02001953125
1653726814,G,Accelerometer,0.0
1653726814,G,Light,388.0
1653726814,G,MIC,3.0
1653726814,G,RSSI,72.0
1653726816,H,Temperature,21.766000747680664
1653726816,H,Humidity,35.80799865722656
1653726816,H,Pressure,102239.0
1653726816,H,Gas,1380.1080322265625
1653726816,H,Accelerometer,0.0
1653726816,H,Light,182.0
1653726816,H,IR,0.0
1653726816,H,MIC,3.0
1653726817,B,Temperature,21.475000381469727
1653726817,B,Humidity,38.867000579833984
1653726817,B,Pressure,102184.0
1653726817,B,Gas,1219.81298828125
1653726817,B,Accelerometer,0.0
1653726817,B,Light,105.0
1653726817,B,MIC,3.0
1653726817,B,RSSI,68.0
1653726818,C,Temperature,22.38500022888184
1653726818,C,Humidity,35.50400161743164
1653726818,C,Pressure,102237.0
1653726818,C,Gas,557.9089965820311
1653726818,C,Accelerometer,0.0
1653726818,C,Light,3538.0
1653726818,C,MIC,1.0
1653726818,C,RSSI,66.0
1653726819,H,Temperature,21.756000518798828
1653726819,H,Humidity,35.85900115966797
1653726819,H,Pressure,102239.0
1653726819,H,Gas,1370.802978515625
1653726819,H,Accelerometer,0.0
1653726819,H,Light,227.0
1653726819,H,IR,0.0
1653726819,H,MIC,3.0
1653726821,D,Temperature,21.05500030517578
1653726821,D,Humidity,36.86600112915039
1653726821,D,Pressure,102246.0
1653726821,D,Gas,1062.5670166015623
1653726821,D,Accelerometer,0.0
1653726821,D,Light,429.0
1653726821,D,MIC,3.0
1653726821,D,RSSI,67.0
1653726821,F,Temperature,21.9950008392334
1653726821,F,Humidity,35.72800064086914
1653726821,F,Pressure,102256.0
1653726821,F,Gas,713.9600219726562
1653726821,F,Accelerometer,0.0
1653726821,F,Light,789.0
1653726821,F,MIC,3.0
1653726821,F,RSSI,84.0
1653726822,E,Temperature,20.475000381469727
1653726822,E,Humidity,38.01100158691406
1653726822,E,Pressure,102221.0
1653726822,E,Gas,1080.4019775390623
1653726822,E,Accelerometer,0.0
1653726822,E,Light,930.0
1653726822,E,MIC,3.0
1653726822,E,RSSI,82.0
1653726822,H,Temperature,21.766000747680664
1653726822,H,Humidity,35.84000015258789
1653726822,H,Pressure,102239.0
1653726822,H,Gas,1365.6719970703125
1653726822,H,Accelerometer,0.0
1653726822,H,Light,232.0
1653726822,H,IR,0.0
1653726822,H,MIC,3.0
1653726824,A,Temperature,22.184999465942386
1653726824,A,Humidity,36.084999084472656
1653726824,A,Pressure,102210.0
1653726824,A,Gas,587.0079956054688
1653726824,A,Accelerometer,0.0
1653726824,A,Light,125.0
1653726824,A,MIC,3.0
1653726824,A,RSSI,83.0
1653726825,G,Temperature,21.975000381469727
1653726825,G,Humidity,37.02299880981445
1653726825,G,Pressure,102239.0
1653726825,G,Gas,590.8829956054688
1653726825,G,Accelerometer,0.0
1653726825,G,Light,596.0
1653726825,G,MIC,3.0
1653726825,G,RSSI,72.0
1653726826,H,Temperature,21.756000518798828
1653726826,H,Humidity,35.862998962402344
1653726826,H,Pressure,102239.0
1653726826,H,Gas,1367.5870361328125
1653726826,H,Accelerometer,0.0
1653726826,H,Light,228.0
1653726826,H,IR,0.0
1653726826,H,MIC,3.0
1653726827,B,Temperature,21.48500061035156
1653726827,B,Humidity,38.86399841308594
1653726827,B,Pressure,102182.0
1653726827,B,Gas,1213.3360595703125
1653726827,B,Accelerometer,0.0
1653726827,B,Light,117.0
1653726827,B,MIC,3.0
1653726827,B,RSSI,70.0
1653726828,C,Temperature,22.38500022888184
1653726828,C,Humidity,35.54499816894531
1653726828,C,Pressure,102239.0
1653726828,C,Gas,560.2319946289061
1653726828,C,Accelerometer,0.0
1653726828,C,Light,3628.0
1653726828,C,MIC,1.0
1653726828,C,RSSI,66.0
1653726829,H,Temperature,21.756000518798828
1653726829,H,Humidity,35.832000732421875
1653726829,H,Pressure,102237.0
1653726829,H,Gas,1367.73095703125
1653726829,H,Accelerometer,0.0
1653726829,H,Light,222.0
1653726829,H,IR,0.0
1653726829,H,MIC,3.0
1653726831,D,Temperature,21.045000076293945
1653726831,D,Humidity,36.88600158691406
1653726831,D,Pressure,102244.0
1653726831,D,Gas,1066.375
1653726831,D,Accelerometer,0.0
1653726831,D,Light,494.0
1653726831,D,MIC,3.0
1653726831,D,RSSI,67.0
1653726831,H,Temperature,21.756000518798828
1653726831,H,Humidity,35.832000732421875
1653726831,H,Pressure,102235.0
1653726831,H,Gas,1367.8699951171875
1653726831,H,Accelerometer,0.0
1653726831,H,Light,211.0
1653726831,H,IR,0.0
1653726831,H,MIC,3.0
1653726832,E,Temperature,20.475000381469727
1653726832,E,Humidity,37.9900016784668
1653726832,E,Pressure,102219.0
1653726832,E,Gas,1081.780029296875
1653726832,E,Accelerometer,0.0
1653726832,E,Light,1043.0
1653726832,E,MIC,3.0
1653726832,E,RSSI,82.0
1653726832,F,Temperature,21.975000381469727
1653726832,F,Humidity,35.749000549316406
1653726832,F,Pressure,102256.0
1653726832,F,Gas,713.22900390625
1653726832,F,Accelerometer,0.0
1653726832,F,Light,846.0
1653726832,F,MIC,3.0
1653726832,F,RSSI,84.0
1653726833,G,Temperature,21.975000381469727
1653726833,G,Humidity,37.01599884033203
1653726833,G,Pressure,102239.0
1653726833,G,Gas,589.844970703125
1653726833,G,Accelerometer,0.0
1653726833,G,Light,574.0
1653726833,G,MIC,3.0
1653726833,G,RSSI,72.0
1653726834,H,Temperature,21.746000289916992
1653726834,H,Humidity,35.86899948120117
1653726834,H,Pressure,102237.0
1653726834,H,Gas,1369.35302734375
1653726834,H,Accelerometer,0.0
1653726834,H,Light,214.0
1653726834,H,IR,0.0
1653726834,H,MIC,3.0
1653726836,A,Temperature,22.184999465942386
1653726836,A,Humidity,36.060001373291016
1653726836,A,Pressure,102208.0
1653726836,A,Gas,586.9149780273438
1653726836,A,Accelerometer,0.0
1653726836,A,Light,129.0
1653726836,A,MIC,3.0
1653726836,A,RSSI,83.0
1653726837,B,Temperature,21.4950008392334
1653726837,B,Humidity,38.83100128173828
1653726837,B,Pressure,102180.0
1653726837,B,Gas,1213.31396484375
1653726837,B,Accelerometer,0.0
1653726837,B,Light,113.0
1653726837,B,MIC,3.0
1653726837,B,RSSI,70.0
1653726838,H,Temperature,21.756000518798828
1653726838,H,Humidity,35.85300064086914
1653726838,H,Pressure,102237.0
1653726838,H,Gas,1376.98095703125
1653726838,H,Accelerometer,0.0
1653726838,H,Light,223.0
1653726838,H,IR,0.0
1653726838,H,MIC,3.0
1653726838,C,Temperature,22.405000686645508
1653726838,C,Humidity,35.50600051879883
1653726838,C,Pressure,102235.0
1653726838,C,Gas,566.2100219726562
1653726838,C,Accelerometer,0.0
1653726838,C,Light,3430.0
1653726838,C,MIC,1.0
1653726838,C,RSSI,80.0
1653726841,H,Temperature,21.746000289916992
1653726841,H,Humidity,35.89099884033203
1653726841,H,Pressure,102237.0
1653726841,H,Gas,1371.511962890625
1653726841,H,Accelerometer,0.0
1653726841,H,Light,225.0
1653726841,H,IR,0.0
1653726841,H,MIC,3.0
1653726841,D,Temperature,21.05500030517578
1653726841,D,Humidity,36.85599899291992
1653726841,D,Pressure,102242.0
1653726841,D,Gas,1078.8580322265623
1653726841,D,Accelerometer,0.0
1653726841,D,Light,492.0
1653726841,D,MIC,3.0
1653726841,D,RSSI,67.0
1653726842,F,Temperature,21.98500061035156
1653726842,F,Humidity,35.73099899291992
1653726842,F,Pressure,102256.0
1653726842,F,Gas,719.2459716796875
1653726842,F,Accelerometer,0.0
1653726842,F,Light,832.0
1653726842,F,MIC,3.0
1653726842,F,RSSI,81.0
1653726842,E,Temperature,20.475000381469727
1653726842,E,Humidity,37.98699951171875
1653726842,E,Pressure,102219.0
1653726842,E,Gas,1087.81396484375
1653726842,E,Accelerometer,0.0
1653726842,E,Light,1032.0
1653726842,E,MIC,3.0
1653726842,E,RSSI,82.0
1653726843,G,Temperature,21.975000381469727
1653726843,G,Humidity,36.98500061035156
1653726843,G,Pressure,102239.0
1653726843,G,Gas,588.1259765625
1653726843,G,Accelerometer,0.0
1653726843,G,Light,599.0
1653726843,G,MIC,3.0
1653726843,G,RSSI,72.0
1653726843,A,Temperature,22.184999465942386
1653726843,A,Humidity,36.066001892089844
1653726843,A,Pressure,102206.0
1653726843,A,Gas,586.5989990234375
1653726843,A,Accelerometer,0.0
1653726843,A,Light,130.0
1653726843,A,MIC,3.0
1653726843,A,RSSI,83.0
1653726844,H,Temperature,21.746000289916992
1653726844,H,Humidity,35.86600112915039
1653726844,H,Pressure,102239.0
1653726844,H,Gas,1373.2330322265625
1653726844,H,Accelerometer,0.0
1653726844,H,Light,223.0
1653726844,H,IR,0.0
1653726844,H,MIC,3.0
1653726846,H,Temperature,21.73600006103516
1653726846,H,Humidity,35.87799835205078
1653726846,H,Pressure,102239.0
1653726846,H,Gas,1365.1409912109375
1653726846,H,Accelerometer,0.0
1653726846,H,Light,222.0
1653726846,H,IR,0.0
1653726846,H,MIC,3.0
1653726847,B,Temperature,21.4950008392334
1653726847,B,Humidity,38.80099868774414
1653726847,B,Pressure,102178.0
1653726847,B,Gas,1230.18603515625
1653726847,B,Accelerometer,0.0
1653726847,B,Light,114.0
1653726847,B,MIC,3.0
1653726847,B,RSSI,70.0
1653726848,C,Temperature,22.405000686645508
1653726848,C,Humidity,35.5369987487793
1653726848,C,Pressure,102237.0
1653726848,C,Gas,566.5980224609375
1653726848,C,Accelerometer,0.0
1653726848,C,Light,3278.0
1653726848,C,MIC,1.0
1653726848,C,RSSI,80.0
1653726850,H,Temperature,21.746000289916992
1653726850,H,Humidity,35.847999572753906
1653726850,H,Pressure,102239.0
1653726850,H,Gas,1358.2099609375
1653726850,H,Accelerometer,0.0
1653726850,H,Light,223.0
1653726850,H,IR,0.0
1653726850,H,MIC,3.0
1653726851,D,Temperature,21.045000076293945
1653726851,D,Humidity,36.86299896240234
1653726851,D,Pressure,102244.0
1653726851,D,Gas,1070.886962890625
1653726851,D,Accelerometer,0.0
1653726851,D,Light,492.0
1653726851,D,MIC,3.0
1653726851,D,RSSI,67.0
1653726852,F,Temperature,21.98500061035156
1653726852,F,Humidity,35.73099899291992
1653726852,F,Pressure,102256.0
1653726852,F,Gas,712.0609741210938
1653726852,F,Accelerometer,0.0
1653726852,F,Light,826.0
1653726852,F,MIC,3.0
1653726852,F,RSSI,81.0
1653726852,E,Temperature,20.46500015258789
1653726852,E,Humidity,38.0009994506836
1653726852,E,Pressure,102219.0
1653726852,E,Gas,1080.7449951171877
1653726852,E,Accelerometer,0.0
1653726852,E,Light,1032.0
1653726852,E,MIC,3.0
1653726852,E,RSSI,82.0
1653726853,H,Temperature,21.73600006103516
1653726853,H,Humidity,35.85800170898437
1653726853,H,Pressure,102237.0
1653726853,H,Gas,1363.02099609375
1653726853,H,Accelerometer,0.0
1653726853,H,Light,224.0
1653726853,H,IR,0.0
1653726853,H,MIC,3.0
1653726853,A,Temperature,22.184999465942386
1653726853,A,Humidity,36.07400131225586
1653726853,A,Pressure,102208.0
1653726853,A,Gas,587.8720092773438
1653726853,A,Accelerometer,0.0
1653726853,A,Light,132.0
1653726853,A,MIC,3.0
1653726853,A,RSSI,92.0
1653726853,G,Temperature,21.975000381469727
1653726853,G,Humidity,36.99499893188477
1653726853,G,Pressure,102237.0
1653726853,G,Gas,583.9130249023438
1653726853,G,Accelerometer,0.0
1653726853,G,Light,616.0
1653726853,G,MIC,3.0
1653726853,G,RSSI,70.0
1653726856,H,Temperature,21.746000289916992
1653726856,H,Humidity,35.85400009155273
1653726856,H,Pressure,102239.0
1653726856,H,Gas,1370.2330322265625
1653726856,H,Accelerometer,0.0
1653726856,H,Light,224.0
1653726856,H,IR,0.0
1653726856,H,MIC,3.0
1653726858,B,Temperature,21.4950008392334
1653726858,B,Humidity,38.82099914550781
1653726858,B,Pressure,102178.0
1653726858,B,Gas,1246.072998046875
1653726858,B,Accelerometer,0.0
1653726858,B,Light,116.0
1653726858,B,MIC,3.0
1653726858,B,RSSI,70.0
1653726858,C,Temperature,22.405000686645508
1653726858,C,Humidity,35.53300094604492
1653726858,C,Pressure,102239.0
1653726858,C,Gas,564.7979736328125
1653726858,C,Accelerometer,0.0
1653726858,C,Light,3105.0
1653726858,C,MIC,1.0
1653726858,C,RSSI,80.0
1653726859,H,Temperature,21.746000289916992
1653726859,H,Humidity,35.85400009155273
1653726859,H,Pressure,102237.0
1653726859,H,Gas,1384.56494140625
1653726859,H,Accelerometer,0.0
1653726859,H,Light,224.0
1653726859,H,IR,0.0
1653726859,H,MIC,3.0
1653726861,D,Temperature,21.045000076293945
1653726861,D,Humidity,36.84400177001953
1653726861,D,Pressure,102244.0
1653726861,D,Gas,1057.7669677734377
1653726861,D,Accelerometer,0.0
1653726861,D,Light,499.0
1653726861,D,MIC,3.0
1653726861,D,RSSI,60.0
1653726862,H,Temperature,21.746000289916992
1653726862,H,Humidity,35.86999893188477
1653726862,H,Pressure,102237.0
1653726862,H,Gas,1375.6300048828125
1653726862,H,Accelerometer,0.0
1653726862,H,Light,224.0
1653726862,H,IR,0.0
1653726862,H,MIC,3.0
1653726862,E,Temperature,20.475000381469727
1653726862,E,Humidity,37.9739990234375
1653726862,E,Pressure,102221.0
1653726862,E,Gas,1084.1829833984377
1653726862,E,Accelerometer,0.0
1653726862,E,Light,1048.0
1653726862,E,MIC,3.0
1653726862,E,RSSI,68.0
1653726862,F,Temperature,21.9950008392334
1653726862,F,Humidity,35.724998474121094
1653726862,F,Pressure,102256.0
1653726862,F,Gas,706.9019775390625
1653726862,F,Accelerometer,0.0
1653726862,F,Light,816.0
1653726862,F,MIC,3.0
1653726862,F,RSSI,81.0
1653726863,A,Temperature,22.184999465942386
1653726863,A,Humidity,36.11299896240234
1653726863,A,Pressure,102208.0
1653726863,A,Gas,590.9180297851562
1653726863,A,Accelerometer,0.0
1653726863,A,Light,133.0
1653726863,A,MIC,3.0
1653726863,A,RSSI,92.0
1653726863,G,Temperature,21.975000381469727
1653726863,G,Humidity,36.983001708984375
1653726863,G,Pressure,102239.0
1653726863,G,Gas,581.89599609375
1653726863,G,Accelerometer,0.0
1653726863,G,Light,622.0
1653726863,G,MIC,3.0
1653726863,G,RSSI,70.0
1653726866,H,Temperature,21.756000518798828
1653726866,H,Humidity,35.85300064086914
1653726866,H,Pressure,102237.0
1653726866,H,Gas,1376.0899658203125
1653726866,H,Accelerometer,0.0
1653726866,H,Light,224.0
1653726866,H,IR,0.0
1653726866,H,MIC,3.0
1653726868,B,Temperature,21.4950008392334
1653726868,B,Humidity,38.821998596191406
1653726868,B,Pressure,102178.0
1653726868,B,Gas,1242.8570556640625
1653726868,B,Accelerometer,0.0
1653726868,B,Light,115.0
1653726868,B,MIC,3.0
1653726868,B,RSSI,70.0
1653726868,H,Temperature,21.746000289916992
1653726868,H,Humidity,35.88100051879883
1653726868,H,Pressure,102239.0
1653726868,H,Gas,1373.7540283203125
1653726868,H,Accelerometer,0.0
1653726868,H,Light,223.0
1653726868,H,IR,0.0
1653726868,H,MIC,3.0
1653726868,C,Temperature,22.405000686645508
1653726868,C,Humidity,35.50600051879883
1653726868,C,Pressure,102237.0
1653726868,C,Gas,565.2139892578125
1653726868,C,Accelerometer,0.0
1653726868,C,Light,2992.0
1653726868,C,MIC,1.0
1653726868,C,RSSI,80.0
1653726871,H,Temperature,21.746000289916992
1653726871,H,Humidity,35.862998962402344
1653726871,H,Pressure,102239.0
1653726871,H,Gas,1378.9129638671875
1653726871,H,Accelerometer,0.0
1653726871,H,Light,223.0
1653726871,H,IR,0.0
1653726871,H,MIC,3.0
1653726871,D,Temperature,21.05500030517578
1653726871,D,Humidity,36.81700134277344
1653726871,D,Pressure,102244.0
1653726871,D,Gas,1051.9940185546877
1653726871,D,Accelerometer,0.0
1653726871,D,Light,502.0
1653726871,D,MIC,3.0
1653726871,D,RSSI,60.0
1653726872,F,Temperature,21.98500061035156
1653726872,F,Humidity,35.7130012512207
1653726872,F,Pressure,102256.0
1653726872,F,Gas,707.926025390625
1653726872,F,Accelerometer,0.0
1653726872,F,Light,807.0
1653726872,F,MIC,3.0
1653726872,F,RSSI,81.0
1653726872,E,Temperature,20.475000381469727
1653726872,E,Humidity,37.99499893188477
1653726872,E,Pressure,102219.0
1653726872,E,Gas,1083.324951171875
1653726872,E,Accelerometer,0.0
1653726872,E,Light,1048.0
1653726872,E,MIC,3.0
1653726872,E,RSSI,68.0
1653726873,A,Temperature,22.184999465942386
1653726873,A,Humidity,36.13899993896485
1653726873,A,Pressure,102208.0
1653726873,A,Gas,590.1119995117188
1653726873,A,Accelerometer,0.0
1653726873,A,Light,133.0
1653726873,A,MIC,3.0
1653726873,A,RSSI,92.0
1653726873,G,Temperature,21.98500061035156
1653726873,G,Humidity,36.96699905395508
1653726873,G,Pressure,102241.0
1653726873,G,Gas,585.8629760742188
1653726873,G,Accelerometer,0.0
1653726873,G,Light,624.0
1653726873,G,MIC,3.0
1653726873,G,RSSI,70.0
1653726874,H,Temperature,21.746000289916992
1653726874,H,Humidity,35.85599899291992
1653726874,H,Pressure,102239.0
1653726874,H,Gas,1385.178955078125
1653726874,H,Accelerometer,0.0
1653726874,H,Light,223.0
1653726874,H,IR,0.0
1653726874,H,MIC,3.0
1653726877,H,Temperature,21.746000289916992
1653726877,H,Humidity,35.84299850463867
1653726877,H,Pressure,102237.0
1653726877,H,Gas,1386.8890380859375
1653726877,H,Accelerometer,0.0
1653726877,H,Light,223.0
1653726877,H,IR,0.0
1653726877,H,MIC,3.0
1653726878,B,Temperature,21.4950008392334
1653726878,B,Humidity,38.82799911499024
1653726878,B,Pressure,102182.0
1653726878,B,Gas,1243.14501953125
1653726878,B,Accelerometer,0.0
1653726878,B,Light,115.0
1653726878,B,MIC,3.0
1653726878,B,RSSI,66.0
1653726878,C,Temperature,22.395000457763672
1653726878,C,Humidity,35.54999923706055
1653726878,C,Pressure,102237.0
1653726878,C,Gas,559.1229858398439
1653726878,C,Accelerometer,0.0
1653726878,C,Light,2952.0
1653726878,C,MIC,1.0
1653726878,C,RSSI,80.0
1653726880,H,Temperature,21.746000289916992
1653726880,H,Humidity,35.861000061035156
1653726880,H,Pressure,102237.0
1653726880,H,Gas,1392.0150146484375
1653726880,H,Accelerometer,0.0
1653726880,H,Light,223.0
1653726880,H,IR,0.0
1653726880,H,MIC,3.0
1653726881,D,Temperature,21.05500030517578
1653726881,D,Humidity,36.82699966430664
1653726881,D,Pressure,102244.0
1653726881,D,Gas,1041.4539794921877
1653726881,D,Accelerometer,0.0
1653726881,D,Light,498.0
1653726881,D,MIC,3.0
1653726881,D,RSSI,60.0
1653726882,F,Temperature,21.98500061035156
1653726882,F,Humidity,35.70800018310547
1653726882,F,Pressure,102256.0
1653726882,F,Gas,702.4409790039062
1653726882,F,Accelerometer,0.0
1653726882,F,Light,798.0
1653726882,F,MIC,3.0
1653726882,F,RSSI,81.0
1653726882,E,Temperature,20.475000381469727
1653726882,E,Humidity,37.986000061035156
1653726882,E,Pressure,102219.0
1653726882,E,Gas,1082.2889404296877
1653726882,E,Accelerometer,0.0
1653726882,E,Light,1036.0
1653726882,E,MIC,3.0
1653726882,E,RSSI,68.0
1653726883,H,Temperature,21.746000289916992
1653726883,H,Humidity,35.86000061035156
1653726883,H,Pressure,102239.0
1653726883,H,Gas,1387.5369873046875
1653726883,H,Accelerometer,0.0
1653726883,H,Light,224.0
1653726883,H,IR,0.0
1653726883,H,MIC,3.0
1653726883,G,Temperature,21.98500061035156
1653726883,G,Humidity,36.9900016784668
1653726883,G,Pressure,102239.0
1653726883,G,Gas,590.3980102539062
1653726883,G,Accelerometer,0.0
1653726883,G,Light,630.0
1653726883,G,MIC,3.0
1653726883,G,RSSI,70.0
1653726883,A,Temperature,22.19499969482422
1653726883,A,Humidity,36.10200119018555
1653726883,A,Pressure,102212.0
1653726883,A,Gas,591.0689697265625
1653726883,A,Accelerometer,0.0
1653726883,A,Light,133.0
1653726883,A,MIC,3.0
1653726883,A,RSSI,92.0
1653726887,H,Temperature,21.756000518798828
1653726887,H,Humidity,35.832000732421875
1653726887,H,Pressure,102237.0
1653726887,H,Gas,1388.4169921875
1653726887,H,Accelerometer,0.0
1653726887,H,Light,224.0
1653726887,H,IR,0.0
1653726887,H,MIC,3.0
1653726887,B,Temperature,21.4950008392334
1653726887,B,Humidity,38.81800079345703
1653726887,B,Pressure,102184.0
1653726887,B,Gas,1243.97998046875
1653726887,B,Accelerometer,0.0
1653726887,B,Light,114.0
1653726887,B,MIC,3.0
1653726887,B,RSSI,66.0
1653726888,C,Temperature,22.405000686645508
1653726888,C,Humidity,35.52000045776367
1653726888,C,Pressure,102237.0
1653726888,C,Gas,561.5999755859375
1653726888,C,Accelerometer,0.0
1653726888,C,Light,2971.0
1653726888,C,MIC,1.0
1653726888,C,RSSI,63.0
1653726891,D,Temperature,21.05500030517578
1653726891,D,Humidity,36.83000183105469
1653726891,D,Pressure,102246.0
1653726891,D,Gas,1046.8179931640623
1653726891,D,Accelerometer,0.0
1653726891,D,Light,496.0
1653726891,D,MIC,3.0
1653726891,D,RSSI,60.0
1653726892,H,Temperature,21.746000289916992
1653726892,H,Humidity,35.86899948120117
1653726892,H,Pressure,102237.0
1653726892,H,Gas,1387.6920166015625
1653726892,H,Accelerometer,0.0
1653726892,H,Light,224.0
1653726892,H,IR,0.0
1653726892,H,MIC,3.0
1653726892,E,Temperature,20.475000381469727
1653726892,E,Humidity,37.9739990234375
1653726892,E,Pressure,102219.0
1653726892,E,Gas,1069.0159912109377
1653726892,E,Accelerometer,0.0
1653726892,E,Light,1027.0
1653726892,E,MIC,3.0
1653726892,E,RSSI,68.0
1653726892,F,Temperature,21.9950008392334
1653726892,F,Humidity,35.72200012207031
1653726892,F,Pressure,102258.0
1653726892,F,Gas,696.218994140625
1653726892,F,Accelerometer,0.0
1653726892,F,Light,782.0
1653726892,F,MIC,3.0
1653726892,F,RSSI,81.0
1653726893,H,Temperature,21.756000518798828
1653726893,H,Humidity,35.84000015258789
1653726893,H,Pressure,102237.0
1653726893,H,Gas,1380.446044921875
1653726893,H,Accelerometer,0.0
1653726893,H,Light,225.0
1653726893,H,IR,0.0
1653726893,H,MIC,3.0
1653726893,G,Temperature,21.9950008392334
1653726893,G,Humidity,36.97000122070313
1653726893,G,Pressure,102239.0
1653726893,G,Gas,589.676025390625
1653726893,G,Accelerometer,0.0
1653726893,G,Light,635.0
1653726893,G,MIC,3.0
1653726893,G,RSSI,70.0
1653726894,A,Temperature,22.184999465942386
1653726894,A,Humidity,36.10100173950195
1653726894,A,Pressure,102208.0
1653726894,A,Gas,591.1690063476562
1653726894,A,Accelerometer,0.0
1653726894,A,Light,134.0
1653726894,A,MIC,3.0
1653726894,A,RSSI,92.0
1653726897,H,Temperature,21.756000518798828
1653726897,H,Humidity,35.8489990234375
1653726897,H,Pressure,102235.0
1653726897,H,Gas,1388.782958984375
1653726897,H,Accelerometer,0.0
1653726897,H,Light,225.0
1653726897,H,IR,0.0
1653726897,H,MIC,3.0
1653726897,B,Temperature,21.4950008392334
1653726897,B,Humidity,38.82500076293945
1653726897,B,Pressure,102182.0
1653726897,B,Gas,1252.7490234375
1653726897,B,Accelerometer,0.0
1653726897,B,Light,115.0
1653726897,B,MIC,3.0
1653726897,B,RSSI,66.0
1653726898,C,Temperature,22.405000686645508
1653726898,C,Humidity,35.499000549316406
1653726898,C,Pressure,102235.0
1653726898,C,Gas,561.468017578125
1653726898,C,Accelerometer,0.0
1653726898,C,Light,3141.0
1653726898,C,MIC,1.0
1653726898,C,RSSI,63.0
1653726898,H,Temperature,21.756000518798828
1653726898,H,Humidity,35.85599899291992
1653726898,H,Pressure,102235.0
1653726898,H,Gas,1383.779052734375
1653726898,H,Accelerometer,0.0
1653726898,H,Light,225.0
1653726898,H,IR,0.0
1653726898,H,MIC,3.0
1653726901,D,Temperature,21.05500030517578
1653726901,D,Humidity,36.849998474121094
1653726901,D,Pressure,102244.0
1653726901,D,Gas,1039.72705078125
1653726901,D,Accelerometer,0.0
1653726901,D,Light,496.0
1653726901,D,MIC,3.0
1653726901,D,RSSI,60.0
1653726901,H,Temperature,21.756000518798828
1653726901,H,Humidity,35.85699844360352
1653726901,H,Pressure,102235.0
1653726901,H,Gas,1385.6610107421875
1653726901,H,Accelerometer,0.0
1653726901,H,Light,225.0
1653726901,H,IR,0.0
1653726901,H,MIC,3.0
1653726902,F,Temperature,21.98500061035156
1653726902,F,Humidity,35.762001037597656
1653726902,F,Pressure,102254.0
1653726902,F,Gas,707.3170166015625
1653726902,F,Accelerometer,0.0
1653726902,F,Light,775.0
1653726902,F,MIC,3.0
1653726902,F,RSSI,81.0
1653726902,E,Temperature,20.4950008392334
1653726902,E,Humidity,37.933998107910156
1653726902,E,Pressure,102219.0
1653726902,E,Gas,1054.949951171875
1653726902,E,Accelerometer,0.0
1653726902,E,Light,1027.0
1653726902,E,MIC,3.0
1653726902,E,RSSI,68.0
1653726903,A,Temperature,22.184999465942386
1653726903,A,Humidity,36.09299850463867
1653726903,A,Pressure,102206.0
1653726903,A,Gas,592.2650146484375
1653726903,A,Accelerometer,0.0
1653726903,A,Light,135.0
1653726903,A,MIC,3.0
1653726903,A,RSSI,86.0
1653726904,G,Temperature,21.98500061035156
1653726904,G,Humidity,36.96599960327149
1653726904,G,Pressure,102239.0
1653726904,G,Gas,586.0960083007812
1653726904,G,Accelerometer,0.0
1653726904,G,Light,641.0
1653726904,G,MIC,3.0
1653726904,G,RSSI,70.0
1653726904,H,Temperature,21.756000518798828
1653726904,H,Humidity,35.8650016784668
1653726904,H,Pressure,102237.0
1653726904,H,Gas,1384.220947265625
1653726904,H,Accelerometer,0.0
1653726904,H,Light,225.0
1653726904,H,IR,0.0
1653726904,H,MIC,3.0
1653726907,H,Temperature,21.756000518798828
1653726907,H,Humidity,35.86600112915039
1653726907,H,Pressure,102237.0
1653726907,H,Gas,1389.8790283203125
1653726907,H,Accelerometer,0.0
1653726907,H,Light,226.0
1653726907,H,IR,0.0
1653726907,H,MIC,3.0
1653726907,B,Temperature,21.4950008392334
1653726907,B,Humidity,38.83200073242188
1653726907,B,Pressure,102176.0
1653726907,B,Gas,1237.8690185546875
1653726907,B,Accelerometer,0.0
1653726907,B,Light,114.0
1653726907,B,MIC,3.0
1653726907,B,RSSI,66.0
1653726908,C,Temperature,22.415000915527344
1653726908,C,Humidity,35.49399948120117
1653726908,C,Pressure,102237.0
1653726908,C,Gas,555.8880004882811
1653726908,C,Accelerometer,0.0
1653726908,C,Light,3223.0
1653726908,C,MIC,1.0
1653726908,C,RSSI,63.0
1653726910,H,Temperature,21.756000518798828
1653726910,H,Humidity,35.87300109863281
1653726910,H,Pressure,102235.0
1653726910,H,Gas,1397.699951171875
1653726910,H,Accelerometer,0.0
1653726910,H,Light,226.0
1653726910,H,IR,0.0
1653726910,H,MIC,3.0
1653726911,D,Temperature,21.05500030517578
1653726911,D,Humidity,36.85599899291992
1653726911,D,Pressure,102246.0
1653726911,D,Gas,1031.0150146484377
1653726911,D,Accelerometer,0.0
1653726911,D,Light,496.0
1653726911,D,MIC,3.0
1653726911,D,RSSI,60.0
1653726912,F,Temperature,21.98500061035156
1653726912,F,Humidity,35.75199890136719
1653726912,F,Pressure,102256.0
1653726912,F,Gas,700.6409912109375
1653726912,F,Accelerometer,0.0
1653726912,F,Light,766.0
1653726912,F,MIC,3.0
1653726912,F,RSSI,81.0
1653726912,E,Temperature,20.475000381469727
1653726912,E,Humidity,37.99399948120117
1653726912,E,Pressure,102215.0
1653726912,E,Gas,1082.2559814453123
1653726912,E,Accelerometer,0.0
1653726912,E,Light,1028.0
1653726912,E,MIC,3.0
1653726912,E,RSSI,82.0
1653726913,G,Temperature,21.98500061035156
1653726913,G,Humidity,36.9630012512207
1653726913,G,Pressure,102237.0
1653726913,G,Gas,585.8920288085938
1653726913,G,Accelerometer,0.0
1653726913,G,Light,647.0
1653726913,G,MIC,3.0
1653726913,G,RSSI,70.0
1653726914,H,Temperature,21.756000518798828
1653726914,H,Humidity,35.8849983215332
1653726914,H,Pressure,102235.0
1653726914,H,Gas,1388.2950439453125
1653726914,H,Accelerometer,0.0
1653726914,H,Light,226.0
1653726914,H,IR,0.0
1653726914,H,MIC,3.0
1653726916,H,Temperature,21.756000518798828
1653726916,H,Humidity,35.85200119018555
1653726916,H,Pressure,102235.0
1653726916,H,Gas,1391.301025390625
1653726916,H,Accelerometer,0.0
1653726916,H,Light,227.0
1653726916,H,IR,0.0
1653726916,H,MIC,3.0
1653726917,B,Temperature,21.4950008392334
1653726917,B,Humidity,38.79999923706055
1653726917,B,Pressure,102178.0
1653726917,B,Gas,1235.4720458984375
1653726917,B,Accelerometer,0.0
1653726917,B,Light,114.0
1653726917,B,MIC,3.0
1653726917,B,RSSI,66.0
1653726918,C,Temperature,22.415000915527344
1653726918,C,Humidity,35.49800109863281
1653726918,C,Pressure,102235.0
1653726918,C,Gas,563.5599975585938
1653726918,C,Accelerometer,0.0
1653726918,C,Light,3245.0
1653726918,C,MIC,1.0
1653726918,C,RSSI,63.0
1653726919,H,Temperature,21.756000518798828
1653726919,H,Humidity,35.8390007019043
1653726919,H,Pressure,102239.0
1653726919,H,Gas,1389.407958984375
1653726919,H,Accelerometer,0.0
1653726919,H,Light,227.0
1653726919,H,IR,0.0
1653726919,H,MIC,3.0
1653726921,D,Temperature,21.05500030517578
1653726921,D,Humidity,36.84600067138672
1653726921,D,Pressure,102244.0
1653726921,D,Gas,1036.31201171875
1653726921,D,Accelerometer,0.0
1653726921,D,Light,493.0
1653726921,D,MIC,3.0
1653726921,D,RSSI,60.0
1653726922,F,Temperature,21.9950008392334
1653726922,F,Humidity,35.71200180053711
1653726922,F,Pressure,102258.0
1653726922,F,Gas,720.4530029296875
1653726922,F,Accelerometer,0.0
1653726922,F,Light,754.0
1653726922,F,MIC,3.0
1653726922,F,RSSI,81.0
1653726922,E,Temperature,20.48500061035156
1653726922,E,Humidity,37.96799850463867
1653726922,E,Pressure,102221.0
1653726922,E,Gas,1070.6429443359377
1653726922,E,Accelerometer,0.0
1653726922,E,Light,1021.0
1653726922,E,MIC,3.0
1653726922,E,RSSI,82.0
1653726922,H,Temperature,21.766000747680664
1653726922,H,Humidity,35.83100128173828
1653726922,H,Pressure,102239.0
1653726922,H,Gas,1395.97900390625
1653726922,H,Accelerometer,0.0
1653726922,H,Light,227.0
1653726922,H,IR,0.0
1653726922,H,MIC,3.0
1653726923,G,Temperature,21.98500061035156
1653726923,G,Humidity,36.97000122070313
1653726923,G,Pressure,102237.0
1653726923,G,Gas,580.6820068359375
1653726923,G,Accelerometer,0.0
1653726923,G,Light,651.0
1653726923,G,MIC,3.0
1653726923,G,RSSI,70.0
1653726926,H,Temperature,21.756000518798828
1653726926,H,Humidity,35.85100173950195
1653726926,H,Pressure,102235.0
1653726926,H,Gas,1403.240966796875
1653726926,H,Accelerometer,0.0
1653726926,H,Light,227.0
1653726926,H,IR,0.0
1653726926,H,MIC,3.0
1653726927,A,Temperature,22.184999465942386
1653726927,A,Humidity,36.05799865722656
1653726927,A,Pressure,102208.0
1653726927,A,Gas,589.0269775390625
1653726927,A,Accelerometer,0.0
1653726927,A,Light,135.0
1653726927,A,MIC,3.0
1653726927,A,RSSI,86.0
1653726927,B,Temperature,21.48500061035156
1653726927,B,Humidity,38.84700012207031
1653726927,B,Pressure,102178.0
1653726927,B,Gas,1249.6820068359375
1653726927,B,Accelerometer,0.0
1653726927,B,Light,114.0
1653726927,B,MIC,3.0
1653726927,B,RSSI,65.0
1653726928,C,Temperature,22.395000457763672
1653726928,C,Humidity,35.49599838256836
1653726928,C,Pressure,102237.0
1653726928,C,Gas,560.7520141601561
1653726928,C,Accelerometer,0.0
1653726928,C,Light,3221.0
1653726928,C,MIC,1.0
1653726928,C,RSSI,63.0
1653726929,H,Temperature,21.756000518798828
1653726929,H,Humidity,35.8380012512207
1653726929,H,Pressure,102235.0
1653726929,H,Gas,1394.9549560546875
1653726929,H,Accelerometer,0.0
1653726929,H,Light,227.0
1653726929,H,IR,0.0
1653726929,H,MIC,3.0
1653726931,D,Temperature,21.065000534057614
1653726931,D,Humidity,36.84500122070313
1653726931,D,Pressure,102244.0
1653726931,D,Gas,1034.47998046875
1653726931,D,Accelerometer,0.0
1653726931,D,Light,497.0
1653726931,D,MIC,3.0
1653726931,D,RSSI,60.0
1653726931,H,Temperature,21.756000518798828
1653726931,H,Humidity,35.84299850463867
1653726931,H,Pressure,102235.0
1653726931,H,Gas,1390.571044921875
1653726931,H,Accelerometer,0.0
1653726931,H,Light,227.0
1653726931,H,IR,0.0
1653726931,H,MIC,3.0
1653726932,F,Temperature,21.98500061035156
1653726932,F,Humidity,35.73400115966797
1653726932,F,Pressure,102256.0
1653726932,F,Gas,707.9039916992188
1653726932,F,Accelerometer,0.0
1653726932,F,Light,761.0
1653726932,F,MIC,3.0
1653726932,F,RSSI,81.0
1653726932,E,Temperature,20.48500061035156
1653726932,E,Humidity,37.96699905395508
1653726932,E,Pressure,102219.0
1653726932,E,Gas,1060.4410400390623
1653726932,E,Accelerometer,0.0
1653726932,E,Light,1021.0
1653726932,E,MIC,3.0
1653726932,E,RSSI,82.0
1653726933,A,Temperature,22.184999465942386
1653726933,A,Humidity,36.11600112915039
1653726933,A,Pressure,102206.0
1653726933,A,Gas,582.2479858398438
1653726933,A,Accelerometer,0.0
1653726933,A,Light,137.0
1653726933,A,MIC,3.0
1653726933,A,RSSI,86.0
1653726934,G,Temperature,21.9950008392334
1653726934,G,Humidity,36.97100067138672
1653726934,G,Pressure,102239.0
1653726934,G,Gas,582.7769775390625
1653726934,G,Accelerometer,0.0
1653726934,G,Light,656.0
1653726934,G,MIC,3.0
1653726934,G,RSSI,70.0
1653726934,H,Temperature,21.756000518798828
1653726934,H,Humidity,35.83599853515625
1653726934,H,Pressure,102237.0
1653726934,H,Gas,1399.5989990234375
1653726934,H,Accelerometer,0.0
1653726934,H,Light,228.0
1653726934,H,IR,0.0
1653726934,H,MIC,3.0
1653726937,H,Temperature,21.746000289916992
1653726937,H,Humidity,35.84700012207031
1653726937,H,Pressure,102235.0
1653726937,H,Gas,1391.261962890625
1653726937,H,Accelerometer,0.0
1653726937,H,Light,228.0
1653726937,H,IR,0.0
1653726937,H,MIC,3.0
1653726939,B,Temperature,21.4950008392334
1653726939,B,Humidity,38.82899856567383
1653726939,B,Pressure,102176.0
1653726939,B,Gas,1251.237060546875
1653726939,B,Accelerometer,0.0
1653726939,B,Light,114.0
1653726939,B,MIC,3.0
1653726939,B,RSSI,65.0
1653726939,C,Temperature,22.395000457763672
1653726939,C,Humidity,35.4739990234375
1653726939,C,Pressure,102235.0
1653726939,C,Gas,552.7150268554689
1653726939,C,Accelerometer,0.0
1653726939,C,Light,3127.0
1653726939,C,MIC,1.0
1653726939,C,RSSI,63.0
1653726941,D,Temperature,21.05500030517578
1653726941,D,Humidity,36.875
1653726941,D,Pressure,102244.0
1653726941,D,Gas,1040.0369873046877
1653726941,D,Accelerometer,0.0
1653726941,D,Light,499.0
1653726941,D,MIC,3.0
1653726941,D,RSSI,60.0
1653726941,H,Temperature,21.756000518798828
1653726941,H,Humidity,35.832000732421875
1653726941,H,Pressure,102235.0
1653726941,H,Gas,1386.779052734375
1653726941,H,Accelerometer,0.0
1653726941,H,Light,228.0
1653726941,H,IR,0.0
1653726941,H,MIC,3.0
1653726942,F,Temperature,21.9950008392334
1653726942,F,Humidity,35.722999572753906
1653726942,F,Pressure,102256.0
1653726942,F,Gas,703.9569702148438
1653726942,F,Accelerometer,0.0
1653726942,F,Light,750.0
1653726942,F,MIC,3.0
1653726942,F,RSSI,82.0
1653726942,E,Temperature,20.48500061035156
1653726942,E,Humidity,37.95000076293945
1653726942,E,Pressure,102217.0
1653726942,E,Gas,1053.3719482421877
1653726942,E,Accelerometer,0.0
1653726942,E,Light,1020.0
1653726942,E,MIC,3.0
1653726942,E,RSSI,82.0
1653726943,A,Temperature,22.174999237060547
1653726943,A,Humidity,36.150001525878906
1653726943,A,Pressure,102206.0
1653726943,A,Gas,585.1420288085938
1653726943,A,Accelerometer,0.0
1653726943,A,Light,137.0
1653726943,A,MIC,3.0
1653726943,A,RSSI,86.0
1653726943,G,Temperature,21.98500061035156
1653726943,G,Humidity,36.979000091552734
1653726943,G,Pressure,102237.0
1653726943,G,Gas,579.6859741210938
1653726943,G,Accelerometer,0.0
1653726943,G,Light,662.0
1653726943,G,MIC,3.0
1653726943,G,RSSI,70.0
1653726944,H,Temperature,21.756000518798828
1653726944,H,Humidity,35.83300018310547
1653726944,H,Pressure,102235.0
1653726944,H,Gas,1386.375
1653726944,H,Accelerometer,0.0
1653726944,H,Light,228.0
1653726944,H,IR,0.0
1653726944,H,MIC,3.0
1653726947,H,Temperature,21.756000518798828
1653726947,H,Humidity,35.83399963378906
1653726947,H,Pressure,102235.0
1653726947,H,Gas,1378.0550537109375
1653726947,H,Accelerometer,0.0
1653726947,H,Light,229.0
1653726947,H,IR,0.0
1653726947,H,MIC,3.0
1653726947,B,Temperature,21.4950008392334
1653726947,B,Humidity,38.85599899291992
1653726947,B,Pressure,102180.0
1653726947,B,Gas,1246.0340576171875
1653726947,B,Accelerometer,0.0
1653726947,B,Light,114.0
1653726947,B,MIC,3.0
1653726947,B,RSSI,65.0
1653726948,C,Temperature,22.38500022888184
1653726948,C,Humidity,35.48899841308594
1653726948,C,Pressure,102233.0
1653726948,C,Gas,552.2559814453125
1653726948,C,Accelerometer,0.0
1653726948,C,Light,3006.0
1653726948,C,MIC,1.0
1653726948,C,RSSI,63.0
1653726950,H,Temperature,21.756000518798828
1653726950,H,Humidity,35.85200119018555
1653726950,H,Pressure,102235.0
1653726950,H,Gas,1388.2950439453125
1653726950,H,Accelerometer,0.0
1653726950,H,Light,231.0
1653726950,H,IR,0.0
1653726950,H,MIC,3.0
1653726951,D,Temperature,21.065000534057614
1653726951,D,Humidity,36.8380012512207
1653726951,D,Pressure,102242.0
1653726951,D,Gas,1052.697021484375
1653726951,D,Accelerometer,0.0
1653726951,D,Light,499.0
1653726951,D,MIC,3.0
1653726951,D,RSSI,60.0
1653726952,F,Temperature,21.9950008392334
1653726952,F,Humidity,35.724998474121094
1653726952,F,Pressure,102256.0
1653726952,F,Gas,716.1849975585938
1653726952,F,Accelerometer,0.0
1653726952,F,Light,737.0
1653726952,F,MIC,3.0
1653726952,F,RSSI,82.0
1653726952,E,Temperature,20.475000381469727
1653726952,E,Humidity,37.98899841308594
1653726952,E,Pressure,102217.0
1653726952,E,Gas,1048.302001953125
1653726952,E,Accelerometer,0.0
1653726952,E,Light,1018.0
1653726952,E,MIC,3.0
1653726952,E,RSSI,82.0
1653726953,H,Temperature,21.756000518798828
1653726953,H,Humidity,35.85800170898437
1653726953,H,Pressure,102237.0
1653726953,H,Gas,1384.6199951171875
1653726953,H,Accelerometer,0.0
1653726953,H,Light,230.0
1653726953,H,IR,0.0
1653726953,H,MIC,3.0
1653726953,A,Temperature,22.184999465942386
1653726953,A,Humidity,36.141998291015625
1653726953,A,Pressure,102206.0
1653726953,A,Gas,582.5889892578125
1653726953,A,Accelerometer,0.0
1653726953,A,Light,138.0
1653726953,A,MIC,3.0
1653726953,A,RSSI,81.0
1653726954,G,Temperature,21.98500061035156
1653726954,G,Humidity,36.97600173950195
1653726954,G,Pressure,102239.0
1653726954,G,Gas,582.0659790039062
1653726954,G,Accelerometer,0.0
1653726954,G,Light,666.0
1653726954,G,MIC,3.0
1653726954,G,RSSI,72.0
1653726956,H,Temperature,21.756000518798828
1653726956,H,Humidity,35.86899948120117
1653726956,H,Pressure,102237.0
1653726956,H,Gas,1380.6619873046875
1653726956,H,Accelerometer,0.0
1653726956,H,Light,230.0
1653726956,H,IR,0.0
1653726956,H,MIC,3.0
1653726957,B,Temperature,21.4950008392334
1653726957,B,Humidity,38.823001861572266
1653726957,B,Pressure,102180.0
1653726957,B,Gas,1249.1390380859375
1653726957,B,Accelerometer,0.0
1653726957,B,Light,115.0
1653726957,B,MIC,3.0
1653726957,B,RSSI,65.0
1653726958,C,Temperature,22.38500022888184
1653726958,C,Humidity,35.52899932861328
1653726958,C,Pressure,102239.0
1653726958,C,Gas,552.2429809570311
1653726958,C,Accelerometer,0.0
1653726958,C,Light,2914.0
1653726958,C,MIC,1.0
1653726958,C,RSSI,63.0
1653726959,H,Temperature,21.756000518798828
1653726959,H,Humidity,35.88100051879883
1653726959,H,Pressure,102233.0
1653726959,H,Gas,1392.5360107421875
1653726959,H,Accelerometer,0.0
1653726959,H,Light,230.0
1653726959,H,IR,0.0
1653726959,H,MIC,3.0
1653726961,D,Temperature,21.065000534057614
1653726961,D,Humidity,36.83300018310547
1653726961,D,Pressure,102242.0
1653726961,D,Gas,1047.06201171875
1653726961,D,Accelerometer,0.0
1653726961,D,Light,501.0
1653726961,D,MIC,3.0
1653726961,D,RSSI,60.0
1653726962,H,Temperature,21.756000518798828
1653726962,H,Humidity,35.875999450683594
1653726962,H,Pressure,102235.0
1653726962,H,Gas,1383.3189697265625
1653726962,H,Accelerometer,0.0
1653726962,H,Light,230.0
1653726962,H,IR,0.0
1653726962,H,MIC,3.0
1653726962,E,Temperature,20.475000381469727
1653726962,E,Humidity,37.97800064086914
1653726962,E,Pressure,102215.0
1653726962,E,Gas,1050.4830322265623
1653726962,E,Accelerometer,0.0
1653726962,E,Light,1014.0
1653726962,E,MIC,3.0
1653726962,E,RSSI,77.0
1653726963,F,Temperature,21.9950008392334
1653726963,F,Humidity,35.737998962402344
1653726963,F,Pressure,102254.0
1653726963,F,Gas,716.5560302734375
1653726963,F,Accelerometer,0.0
1653726963,F,Light,724.0
1653726963,F,MIC,3.0
1653726963,F,RSSI,82.0
1653726963,G,Temperature,21.9950008392334
1653726963,G,Humidity,36.95299911499024
1653726963,G,Pressure,102237.0
1653726963,G,Gas,577.9760131835938
1653726963,G,Accelerometer,0.0
1653726963,G,Light,669.0
1653726963,G,MIC,3.0
1653726963,G,RSSI,72.0
1653726964,A,Temperature,22.184999465942386
1653726964,A,Humidity,36.15299987792969
1653726964,A,Pressure,102206.0
1653726964,A,Gas,590.0390014648438
1653726964,A,Accelerometer,0.0
1653726964,A,Light,138.0
1653726964,A,MIC,3.0
1653726964,A,RSSI,81.0
1653726965,H,Temperature,21.766000747680664
1653726965,H,Humidity,35.86000061035156
1653726965,H,Pressure,102237.0
1653726965,H,Gas,1384.8580322265625
1653726965,H,Accelerometer,0.0
1653726965,H,Light,230.0
1653726965,H,IR,0.0
1653726965,H,MIC,3.0
1653726968,B,Temperature,21.5049991607666
1653726968,B,Humidity,38.79700088500977
1653726968,B,Pressure,102182.0
1653726968,B,Gas,1250.092041015625
1653726968,B,Accelerometer,0.0
1653726968,B,Light,114.0
1653726968,B,MIC,3.0
1653726968,B,RSSI,65.0
1653726968,H,Temperature,21.766000747680664
1653726968,H,Humidity,35.86399841308594
1653726968,H,Pressure,102237.0
1653726968,H,Gas,1379.1510009765625
1653726968,H,Accelerometer,0.0
1653726968,H,Light,230.0
1653726968,H,IR,0.0
1653726968,H,MIC,3.0
1653726968,C,Temperature,22.395000457763672
1653726968,C,Humidity,35.51100158691406
1653726968,C,Pressure,102237.0
1653726968,C,Gas,552.1279907226561
1653726968,C,Accelerometer,0.0
1653726968,C,Light,2858.0
1653726968,C,MIC,1.0
1653726968,C,RSSI,63.0
1653726971,H,Temperature,21.766000747680664
1653726971,H,Humidity,35.867000579833984
1653726971,H,Pressure,102239.0
1653726971,H,Gas,1380.512939453125
1653726971,H,Accelerometer,0.0
1653726971,H,Light,229.0
1653726971,H,IR,0.0
1653726971,H,MIC,3.0
1653726971,D,Temperature,21.05500030517578
1653726971,D,Humidity,36.8380012512207
1653726971,D,Pressure,102244.0
1653726971,D,Gas,1034.052978515625
1653726971,D,Accelerometer,0.0
1653726971,D,Light,507.0
1653726971,D,MIC,3.0
1653726971,D,RSSI,60.0
1653726972,F,Temperature,21.98500061035156
1653726972,F,Humidity,35.74499893188477
1653726972,F,Pressure,102256.0
1653726972,F,Gas,719.656005859375
1653726972,F,Accelerometer,0.0
1653726972,F,Light,711.0
1653726972,F,MIC,3.0
1653726972,F,RSSI,82.0
1653726972,E,Temperature,20.48500061035156
1653726972,E,Humidity,37.97800064086914
1653726972,E,Pressure,102219.0
1653726972,E,Gas,1039.3399658203123
1653726972,E,Accelerometer,0.0
1653726972,E,Light,1024.0
1653726972,E,MIC,3.0
1653726972,E,RSSI,77.0
1653726973,G,Temperature,21.9950008392334
1653726973,G,Humidity,36.93199920654297
1653726973,G,Pressure,102237.0
1653726973,G,Gas,576.260986328125
1653726973,G,Accelerometer,0.0
1653726973,G,Light,674.0
1653726973,G,MIC,3.0
1653726973,G,RSSI,72.0
1653726974,A,Temperature,22.184999465942386
1653726974,A,Humidity,36.19599914550781
1653726974,A,Pressure,102206.0
1653726974,A,Gas,589.7940063476562
1653726974,A,Accelerometer,0.0
1653726974,A,Light,140.0
1653726974,A,MIC,3.0
1653726974,A,RSSI,81.0
1653726974,H,Temperature,21.766000747680664
1653726974,H,Humidity,35.84700012207031
1653726974,H,Pressure,102239.0
1653726974,H,Gas,1386.833984375
1653726974,H,Accelerometer,0.0
1653726974,H,Light,229.0
1653726974,H,IR,0.0
1653726974,H,MIC,3.0
1653726977,H,Temperature,21.775999069213867
1653726977,H,Humidity,35.84299850463867
1653726977,H,Pressure,102239.0
1653726977,H,Gas,1386.9949951171875
1653726977,H,Accelerometer,0.0
1653726977,H,Light,230.0
1653726977,H,IR,0.0
1653726977,H,MIC,3.0
1653726978,B,Temperature,21.5049991607666
1653726978,B,Humidity,38.805999755859375
1653726978,B,Pressure,102184.0
1653726978,B,Gas,1250.9000244140625
1653726978,B,Accelerometer,0.0
1653726978,B,Light,114.0
1653726978,B,MIC,3.0
1653726978,B,RSSI,65.0
1653726978,C,Temperature,22.405000686645508
1653726978,C,Humidity,35.500999450683594
1653726978,C,Pressure,102235.0
1653726978,C,Gas,555.9409790039061
1653726978,C,Accelerometer,0.0
1653726978,C,Light,2831.0
1653726978,C,MIC,1.0
1653726978,C,RSSI,63.0
1653726980,H,Temperature,21.766000747680664
1653726980,H,Humidity,35.88199996948242
1653726980,H,Pressure,102237.0
1653726980,H,Gas,1388.3890380859375
1653726980,H,Accelerometer,0.0
1653726980,H,Light,230.0
1653726980,H,IR,0.0
1653726980,H,MIC,3.0
1653726981,D,Temperature,21.05500030517578
1653726981,D,Humidity,36.847999572753906
1653726981,D,Pressure,102242.0
1653726981,D,Gas,1019.0969848632812
1653726981,D,Accelerometer,0.0
1653726981,D,Light,507.0
1653726981,D,MIC,3.0
1653726981,D,RSSI,60.0
1653726982,F,Temperature,21.98500061035156
1653726982,F,Humidity,35.73899841308594
1653726982,F,Pressure,102256.0
1653726982,F,Gas,704.14599609375
1653726982,F,Accelerometer,0.0
1653726982,F,Light,696.0
1653726982,F,MIC,3.0
1653726982,F,RSSI,82.0
1653726982,E,Temperature,20.48500061035156
1653726982,E,Humidity,37.986000061035156
1653726982,E,Pressure,102219.0
1653726982,E,Gas,1022.3460083007812
1653726982,E,Accelerometer,0.0
1653726982,E,Light,1021.0
1653726982,E,MIC,3.0
1653726982,E,RSSI,77.0
1653726983,A,Temperature,22.184999465942386
1653726983,A,Humidity,36.20000076293945
1653726983,A,Pressure,102208.0
1653726983,A,Gas,599.9299926757812
1653726983,A,Accelerometer,0.0
1653726983,A,Light,139.0
1653726983,A,MIC,3.0
1653726983,A,RSSI,81.0
1653726983,G,Temperature,22.0049991607666
1653726983,G,Humidity,36.92900085449219
1653726983,G,Pressure,102239.0
1653726983,G,Gas,569.864013671875
1653726983,G,Accelerometer,0.0
1653726983,G,Light,675.0
1653726983,G,MIC,3.0
1653726983,G,RSSI,72.0
1653726984,H,Temperature,21.766000747680664
1653726984,H,Humidity,35.87099838256836
1653726984,H,Pressure,102239.0
1653726984,H,Gas,1397.3289794921875
1653726984,H,Accelerometer,0.0
1653726984,H,Light,230.0
1653726984,H,IR,0.0
1653726984,H,MIC,3.0
1653726986,H,Temperature,21.766000747680664
1653726986,H,Humidity,35.875999450683594
1653726986,H,Pressure,102237.0
1653726986,H,Gas,1399.4219970703125
1653726986,H,Accelerometer,0.0
1653726986,H,Light,230.0
1653726986,H,IR,0.0
1653726986,H,MIC,3.0
1653726988,B,Temperature,21.4950008392334
1653726988,B,Humidity,38.81700134277344
1653726988,B,Pressure,102182.0
1653726988,B,Gas,1247.876953125
1653726988,B,Accelerometer,0.0
1653726988,B,Light,114.0
1653726988,B,MIC,3.0
1653726988,B,RSSI,65.0
1653726988,C,Temperature,22.405000686645508
1653726988,C,Humidity,35.500999450683594
1653726988,C,Pressure,102235.0
1653726988,C,Gas,550.708984375
1653726988,C,Accelerometer,0.0
1653726988,C,Light,2828.0
1653726988,C,MIC,1.0
1653726988,C,RSSI,66.0
1653726989,H,Temperature,21.775999069213867
1653726989,H,Humidity,35.86999893188477
1653726989,H,Pressure,102237.0
1653726989,H,Gas,1397.9940185546875
1653726989,H,Accelerometer,0.0
1653726989,H,Light,230.0
1653726989,H,IR,0.0
1653726989,H,MIC,3.0
1653726991,D,Temperature,21.065000534057614
1653726991,D,Humidity,36.81499862670898
1653726991,D,Pressure,102242.0
1653726991,D,Gas,1009.1270141601562
1653726991,D,Accelerometer,0.0
1653726991,D,Light,504.0
1653726991,D,MIC,3.0
1653726991,D,RSSI,60.0
1653726992,F,Temperature,21.9950008392334
1653726992,F,Humidity,35.707000732421875
1653726992,F,Pressure,102258.0
1653726992,F,Gas,707.7659912109375
1653726992,F,Accelerometer,0.0
1653726992,F,Light,682.0
1653726992,F,MIC,3.0
1653726992,F,RSSI,82.0
1653726992,E,Temperature,20.48500061035156
1653726992,E,Humidity,37.95500183105469
1653726992,E,Pressure,102219.0
1653726992,E,Gas,1036.781982421875
1653726992,E,Accelerometer,0.0
1653726992,E,Light,1014.0
1653726992,E,MIC,3.0
1653726992,E,RSSI,77.0
1653726992,H,Temperature,21.756000518798828
1653726992,H,Humidity,35.90800094604492
1653726992,H,Pressure,102237.0
1653726992,H,Gas,1394.4449462890625
1653726992,H,Accelerometer,0.0
1653726992,H,Light,230.0
1653726992,H,IR,0.0
1653726992,H,MIC,3.0
1653726993,A,Temperature,22.184999465942386
1653726993,A,Humidity,36.14899826049805
1653726993,A,Pressure,102204.0
1653726993,A,Gas,600.927001953125
1653726993,A,Accelerometer,0.0
1653726993,A,Light,139.0
1653726993,A,MIC,3.0
1653726993,A,RSSI,81.0
1653726993,G,Temperature,21.9950008392334
1653726993,G,Humidity,36.96200180053711
1653726993,G,Pressure,102233.0
1653726993,G,Gas,570.7319946289062
1653726993,G,Accelerometer,0.0
1653726993,G,Light,678.0
1653726993,G,MIC,3.0
1653726993,G,RSSI,72.0
1653726997,H,Temperature,21.756000518798828
1653726997,H,Humidity,35.90299987792969
1653726997,H,Pressure,102233.0
1653726997,H,Gas,1397.3070068359375
1653726997,H,Accelerometer,0.0
1653726997,H,Light,230.0
1653726997,H,IR,0.0
1653726997,H,MIC,3.0
1653726999,C,Temperature,22.405000686645508
1653726999,C,Humidity,35.47999954223633
1653726999,C,Pressure,102233.0
1653726999,C,Gas,549.3489990234375
1653726999,C,Accelerometer,0.0
1653726999,C,Light,2874.0
1653726999,C,MIC,1.0
1653726999,C,RSSI,66.0
1653727001,D,Temperature,21.05500030517578
1653727001,D,Humidity,36.834999084472656
1653727001,D,Pressure,102242.0
1653727001,D,Gas,1001.239013671875
1653727001,D,Accelerometer,0.0
1653727001,D,Light,505.0
1653727001,D,MIC,3.0
1653727001,D,RSSI,60.0
1653727002,B,Temperature,21.4950008392334
1653727002,B,Humidity,38.81900024414063
1653727002,B,Pressure,102176.0
1653727002,B,Gas,1237.43701171875
1653727002,B,Accelerometer,0.0
1653727002,B,Light,114.0
1653727002,B,MIC,3.0
1653727002,B,RSSI,65.0
1653727002,H,Temperature,21.756000518798828
1653727002,H,Humidity,35.91600036621094
1653727002,H,Pressure,102233.0
1653727002,H,Gas,1391.14599609375
1653727002,H,Accelerometer,0.0
1653727002,H,Light,230.0
1653727002,H,IR,0.0
1653727002,H,MIC,3.0
1653727002,E,Temperature,20.4950008392334
1653727002,E,Humidity,37.95299911499024
1653727002,E,Pressure,102217.0
1653727002,E,Gas,1042.89404296875
1653727002,E,Accelerometer,0.0
1653727002,E,Light,1013.0
1653727002,E,MIC,3.0
1653727002,E,RSSI,77.0
1653727002,F,Temperature,21.98500061035156
1653727002,F,Humidity,35.74599838256836
1653727002,F,Pressure,102254.0
1653727002,F,Gas,711.1699829101562
1653727002,F,Accelerometer,0.0
1653727002,F,Light,668.0
1653727002,F,MIC,3.0
1653727002,F,RSSI,82.0
1653727002,H,Temperature,21.756000518798828
1653727002,H,Humidity,35.92499923706055
1653727002,H,Pressure,102233.0
1653727002,H,Gas,1396.14501953125
1653727002,H,Accelerometer,0.0
1653727002,H,Light,229.0
1653727002,H,IR,0.0
1653727002,H,MIC,3.0
1653727003,G,Temperature,22.0049991607666
1653727003,G,Humidity,36.96200180053711
1653727003,G,Pressure,102235.0
1653727003,G,Gas,570.572021484375
1653727003,G,Accelerometer,0.0
1653727003,G,Light,679.0
1653727003,G,MIC,3.0
1653727003,G,RSSI,72.0
1653727004,H,Temperature,21.766000747680664
1653727004,H,Humidity,35.90900039672852
1653727004,H,Pressure,102237.0
1653727004,H,Gas,1395.4029541015625
1653727004,H,Accelerometer,0.0
1653727004,H,Light,229.0
1653727004,H,IR,0.0
1653727004,H,MIC,3.0
1653727006,A,Temperature,22.184999465942386
1653727006,A,Humidity,36.12300109863281
1653727006,A,Pressure,102208.0
1653727006,A,Gas,595.8519897460938
1653727006,A,Accelerometer,0.0
1653727006,A,Light,139.0
1653727006,A,MIC,3.0
1653727006,A,RSSI,85.0
1653727008,C,Temperature,22.38500022888184
1653727008,C,Humidity,35.50400161743164
1653727008,C,Pressure,102237.0
1653727008,C,Gas,544.1480102539061
1653727008,C,Accelerometer,0.0
1653727008,C,Light,2871.0
1653727008,C,MIC,1.0
1653727008,C,RSSI,66.0
1653727010,H,Temperature,21.766000747680664
1653727010,H,Humidity,35.944000244140625
1653727010,H,Pressure,102235.0
1653727010,H,Gas,1393.2989501953125
1653727010,H,Accelerometer,0.0
1653727010,H,Light,229.0
1653727010,H,IR,0.0
1653727010,H,MIC,3.0
1653727010,B,Temperature,21.4950008392334
1653727010,B,Humidity,38.82400131225586
1653727010,B,Pressure,102178.0
1653727010,B,Gas,1242.595947265625
1653727010,B,Accelerometer,0.0
1653727010,B,Light,113.0
1653727010,B,MIC,3.0
1653727010,B,RSSI,65.0
1653727010,H,Temperature,21.766000747680664
1653727010,H,Humidity,35.935001373291016
1653727010,H,Pressure,102235.0
1653727010,H,Gas,1405.072998046875
1653727010,H,Accelerometer,0.0
1653727010,H,Light,229.0
1653727010,H,IR,0.0
1653727010,H,MIC,3.0
1653727011,D,Temperature,21.05500030517578
1653727011,D,Humidity,36.83000183105469
1653727011,D,Pressure,102242.0
1653727011,D,Gas,999.5560302734376
1653727011,D,Accelerometer,0.0
1653727011,D,Light,511.0
1653727011,D,MIC,3.0
1653727011,D,RSSI,61.0
1653727012,F,Temperature,21.9950008392334
1653727012,F,Humidity,35.72800064086914
1653727012,F,Pressure,102256.0
1653727012,F,Gas,710.0189819335938
1653727012,F,Accelerometer,0.0
1653727012,F,Light,653.0
1653727012,F,MIC,3.0
1653727012,F,RSSI,82.0
1653727012,E,Temperature,20.4950008392334
1653727012,E,Humidity,37.94499969482422
1653727012,E,Pressure,102217.0
1653727012,E,Gas,1031.258056640625
1653727012,E,Accelerometer,0.0
1653727012,E,Light,1011.0
1653727012,E,MIC,3.0
1653727012,E,RSSI,77.0
1653727013,G,Temperature,22.0049991607666
1653727013,G,Humidity,36.96500015258789
1653727013,G,Pressure,102239.0
1653727013,G,Gas,570.7579956054688
1653727013,G,Accelerometer,0.0
1653727013,G,Light,680.0
1653727013,G,MIC,3.0
1653727013,G,RSSI,72.0
1653727013,A,Temperature,22.184999465942386
1653727013,A,Humidity,36.10900115966797
1653727013,A,Pressure,102208.0
1653727013,A,Gas,601.551025390625
1653727013,A,Accelerometer,0.0
1653727013,A,Light,140.0
1653727013,A,MIC,3.0
1653727013,A,RSSI,85.0
1653727014,H,Temperature,21.766000747680664
1653727014,H,Humidity,35.93000030517578
1653727014,H,Pressure,102235.0
1653727014,H,Gas,1413.0999755859375
1653727014,H,Accelerometer,0.0
1653727014,H,Light,230.0
1653727014,H,IR,0.0
1653727014,H,MIC,3.0
1653727016,H,Temperature,21.766000747680664
1653727016,H,Humidity,35.9370002746582
1653727016,H,Pressure,102237.0
1653727016,H,Gas,1413.1939697265625
1653727016,H,Accelerometer,0.0
1653727016,H,Light,230.0
1653727016,H,IR,0.0
1653727016,H,MIC,3.0
1653727018,B,Temperature,21.4950008392334
1653727018,B,Humidity,38.82400131225586
1653727018,B,Pressure,102178.0
1653727018,B,Gas,1245.6240234375
1653727018,B,Accelerometer,0.0
1653727018,B,Light,113.0
1653727018,B,MIC,3.0
1653727018,B,RSSI,65.0
1653727018,C,Temperature,22.395000457763672
1653727018,C,Humidity,35.49100112915039
1653727018,C,Pressure,102235.0
1653727018,C,Gas,548.2130126953125
1653727018,C,Accelerometer,0.0
1653727018,C,Light,2835.0
1653727018,C,MIC,1.0
1653727018,C,RSSI,66.0
1653727019,H,Temperature,21.766000747680664
1653727019,H,Humidity,35.92699813842773
1653727019,H,Pressure,102237.0
1653727019,H,Gas,1413.2049560546875
1653727019,H,Accelerometer,0.0
1653727019,H,Light,230.0
1653727019,H,IR,0.0
1653727019,H,MIC,3.0
1653727021,D,Temperature,21.065000534057614
1653727021,D,Humidity,36.81399917602539
1653727021,D,Pressure,102244.0
1653727021,D,Gas,997.0659790039062
1653727021,D,Accelerometer,0.0
1653727021,D,Light,505.0
1653727021,D,MIC,3.0
1653727021,D,RSSI,61.0
1653727022,F,Temperature,21.9950008392334
1653727022,F,Humidity,35.75299835205078
1653727022,F,Pressure,102254.0
1653727022,F,Gas,705.989013671875
1653727022,F,Accelerometer,0.0
1653727022,F,Light,642.0
1653727022,F,MIC,3.0
1653727022,F,RSSI,82.0
1653727022,E,Temperature,20.48500061035156
1653727022,E,Humidity,37.974998474121094
1653727022,E,Pressure,102219.0
1653727022,E,Gas,1004.8040161132812
1653727022,E,Accelerometer,0.0
1653727022,E,Light,996.0
1653727022,E,MIC,3.0
1653727022,E,RSSI,77.0
1653727022,H,Temperature,21.756000518798828
1653727022,H,Humidity,35.94599914550781
1653727022,H,Pressure,102235.0
1653727022,H,Gas,1413.2159423828125
1653727022,H,Accelerometer,0.0
1653727022,H,Light,230.0
1653727022,H,IR,0.0
1653727022,H,MIC,3.0
1653727023,G,Temperature,22.0049991607666
1653727023,G,Humidity,36.930999755859375
1653727023,G,Pressure,102241.0
1653727023,G,Gas,568.2890014648438
1653727023,G,Accelerometer,0.0
1653727023,G,Light,679.0
1653727023,G,MIC,3.0
1653727023,G,RSSI,72.0
1653727026,H,Temperature,21.775999069213867
1653727026,H,Humidity,35.895999908447266
1653727026,H,Pressure,102237.0
1653727026,H,Gas,1417.008056640625
1653727026,H,Accelerometer,0.0
1653727026,H,Light,230.0
1653727026,H,IR,0.0
1653727026,H,MIC,3.0
1653727028,B,Temperature,21.48500061035156
1653727028,B,Humidity,38.84199905395508
1653727028,B,Pressure,102178.0
1653727028,B,Gas,1237.990966796875
1653727028,B,Accelerometer,0.0
1653727028,B,Light,113.0
1653727028,B,MIC,3.0
1653727028,B,RSSI,70.0
1653727028,C,Temperature,22.405000686645508
1653727028,C,Humidity,35.50299835205078
1653727028,C,Pressure,102239.0
1653727028,C,Gas,545.3679809570311
1653727028,C,Accelerometer,0.0
1653727028,C,Light,2796.0
1653727028,C,MIC,1.0
1653727028,C,RSSI,66.0
1653727029,H,Temperature,21.766000747680664
1653727029,H,Humidity,35.92399978637695
1653727029,H,Pressure,102237.0
1653727029,H,Gas,1427.5360107421875
1653727029,H,Accelerometer,0.0
1653727029,H,Light,230.0
1653727029,H,IR,0.0
1653727029,H,MIC,3.0
1653727030,A,Temperature,22.184999465942386
1653727030,A,Humidity,36.11999893188477
1653727030,A,Pressure,102208.0
1653727030,A,Gas,595.8779907226562
1653727030,A,Accelerometer,0.0
1653727030,A,Light,139.0
1653727030,A,MIC,3.0
1653727030,A,RSSI,85.0
1653727031,D,Temperature,21.065000534057614
1653727031,D,Humidity,36.82699966430664
1653727031,D,Pressure,102242.0
1653727031,D,Gas,972.3330078125
1653727031,D,Accelerometer,0.0
1653727031,D,Light,507.0
1653727031,D,MIC,3.0
1653727031,D,RSSI,61.0
1653727032,H,Temperature,21.756000518798828
1653727032,H,Humidity,35.91999816894531
1653727032,H,Pressure,102239.0
1653727032,H,Gas,1429.634033203125
1653727032,H,Accelerometer,0.0
1653727032,H,Light,231.0
1653727032,H,IR,0.0
1653727032,H,MIC,3.0
1653727032,F,Temperature,21.98500061035156
1653727032,F,Humidity,35.73699951171875
1653727032,F,Pressure,102254.0
1653727032,F,Gas,706.9849853515625
1653727032,F,Accelerometer,0.0
1653727032,F,Light,630.0
1653727032,F,MIC,3.0
1653727032,F,RSSI,82.0
1653727032,E,Temperature,20.4950008392334
1653727032,E,Humidity,37.95500183105469
1653727032,E,Pressure,102217.0
1653727032,E,Gas,1010.6500244140624
1653727032,E,Accelerometer,0.0
1653727032,E,Light,999.0
1653727032,E,MIC,3.0
1653727032,E,RSSI,77.0
1653727033,G,Temperature,21.9950008392334
1653727033,G,Humidity,36.96500015258789
1653727033,G,Pressure,102235.0
1653727033,G,Gas,573.9439697265625
1653727033,G,Accelerometer,0.0
1653727033,G,Light,681.0
1653727033,G,MIC,3.0
1653727033,G,RSSI,72.0
1653727034,A,Temperature,22.184999465942386
1653727034,A,Humidity,36.13399887084961
1653727034,A,Pressure,102206.0
1653727034,A,Gas,596.0599975585938
1653727034,A,Accelerometer,0.0
1653727034,A,Light,139.0
1653727034,A,MIC,3.0
1653727034,A,RSSI,85.0
1653727035,H,Temperature,21.756000518798828
1653727035,H,Humidity,35.904998779296875
1653727035,H,Pressure,102235.0
1653727035,H,Gas,1419.1610107421875
1653727035,H,Accelerometer,0.0
1653727035,H,Light,231.0
1653727035,H,IR,0.0
1653727035,H,MIC,3.0
1653727038,B,Temperature,21.48500061035156
1653727038,B,Humidity,38.83100128173828
1653727038,B,Pressure,102176.0
1653727038,B,Gas,1236.8509521484375
1653727038,B,Accelerometer,0.0
1653727038,B,Light,114.0
1653727038,B,MIC,3.0
1653727038,B,RSSI,70.0
1653727038,C,Temperature,22.415000915527344
1653727038,C,Humidity,35.49700164794922
1653727038,C,Pressure,102235.0
1653727038,C,Gas,542.6270141601561
1653727038,C,Accelerometer,0.0
1653727038,C,Light,2768.0
1653727038,C,MIC,1.0
1653727038,C,RSSI,80.0
1653727039,H,Temperature,21.756000518798828
1653727039,H,Humidity,35.891998291015625
1653727039,H,Pressure,102235.0
1653727039,H,Gas,1419.97998046875
1653727039,H,Accelerometer,0.0
1653727039,H,Light,231.0
1653727039,H,IR,0.0
1653727039,H,MIC,3.0
1653727041,H,Temperature,21.746000289916992
1653727041,H,Humidity,35.888999938964844
1653727041,H,Pressure,102233.0
1653727041,H,Gas,1418.0870361328125
1653727041,H,Accelerometer,0.0
1653727041,H,Light,232.0
1653727041,H,IR,0.0
1653727041,H,MIC,3.0
1653727041,D,Temperature,21.065000534057614
1653727041,D,Humidity,36.84099960327149
1653727041,D,Pressure,102242.0
1653727041,D,Gas,967.9990234375
1653727041,D,Accelerometer,0.0
1653727041,D,Light,506.0
1653727041,D,MIC,3.0
1653727041,D,RSSI,61.0
1653727042,F,Temperature,21.975000381469727
1653727042,F,Humidity,35.74399948120117
1653727042,F,Pressure,102254.0
1653727042,F,Gas,712.593017578125
1653727042,F,Accelerometer,0.0
1653727042,F,Light,620.0
1653727042,F,MIC,3.0
1653727042,F,RSSI,84.0
1653727042,E,Temperature,20.48500061035156
1653727042,E,Humidity,37.98199844360352
1653727042,E,Pressure,102217.0
1653727042,E,Gas,1010.5670166015624
1653727042,E,Accelerometer,0.0
1653727042,E,Light,996.0
1653727042,E,MIC,3.0
1653727042,E,RSSI,77.0
1653727043,G,Temperature,22.01499938964844
1653727043,G,Humidity,36.94200134277344
1653727043,G,Pressure,102239.0
1653727043,G,Gas,570.8820190429688
1653727043,G,Accelerometer,0.0
1653727043,G,Light,682.0
1653727043,G,MIC,3.0
1653727043,G,RSSI,72.0
1653727043,A,Temperature,22.184999465942386
1653727043,A,Humidity,36.14400100708008
1653727043,A,Pressure,102206.0
1653727043,A,Gas,592.4639892578125
1653727043,A,Accelerometer,0.0
1653727043,A,Light,140.0
1653727043,A,MIC,3.0
1653727043,A,RSSI,85.0
1653727044,H,Temperature,21.756000518798828
1653727044,H,Humidity,35.88399887084961
1653727044,H,Pressure,102235.0
1653727044,H,Gas,1425.93701171875
1653727044,H,Accelerometer,0.0
1653727044,H,Light,233.0
1653727044,H,IR,0.0
1653727044,H,MIC,3.0
1653727047,H,Temperature,21.766000747680664
1653727047,H,Humidity,35.86199951171875
1653727047,H,Pressure,102237.0
1653727047,H,Gas,1431.27294921875
1653727047,H,Accelerometer,0.0
1653727047,H,Light,233.0
1653727047,H,IR,0.0
1653727047,H,MIC,3.0
1653727048,B,Temperature,21.48500061035156
1653727048,B,Humidity,38.85300064086914
1653727048,B,Pressure,102178.0
1653727048,B,Gas,1242.97802734375
1653727048,B,Accelerometer,0.0
1653727048,B,Light,114.0
1653727048,B,MIC,3.0
1653727048,B,RSSI,70.0
1653727048,C,Temperature,22.415000915527344
1653727048,C,Humidity,35.518001556396484
1653727048,C,Pressure,102237.0
1653727048,C,Gas,545.0159912109375
1653727048,C,Accelerometer,0.0
1653727048,C,Light,2748.0
1653727048,C,MIC,1.0
1653727048,C,RSSI,80.0
1653727050,H,Temperature,21.756000518798828
1653727050,H,Humidity,35.893001556396484
1653727050,H,Pressure,102237.0
1653727050,H,Gas,1428.366943359375
1653727050,H,Accelerometer,0.0
1653727050,H,Light,234.0
1653727050,H,IR,0.0
1653727050,H,MIC,3.0
1653727051,D,Temperature,21.065000534057614
1653727051,D,Humidity,36.81800079345703
1653727051,D,Pressure,102242.0
1653727051,D,Gas,961.9429931640624
1653727051,D,Accelerometer,0.0
1653727051,D,Light,518.0
1653727051,D,MIC,3.0
1653727051,D,RSSI,61.0
1653727052,F,Temperature,21.98500061035156
1653727052,F,Humidity,35.71699905395508
1653727052,F,Pressure,102256.0
1653727052,F,Gas,710.8319702148438
1653727052,F,Accelerometer,0.0
1653727052,F,Light,628.0
1653727052,F,MIC,3.0
1653727052,F,RSSI,84.0
1653727052,E,Temperature,20.4950008392334
1653727052,E,Humidity,37.95299911499024
1653727052,E,Pressure,102217.0
1653727052,E,Gas,1024.9029541015623
1653727052,E,Accelerometer,0.0
1653727052,E,Light,993.0
1653727052,E,MIC,3.0
1653727052,E,RSSI,77.0
1653727053,H,Temperature,21.766000747680664
1653727053,H,Humidity,35.893001556396484
1653727053,H,Pressure,102237.0
1653727053,H,Gas,1422.1949462890625
1653727053,H,Accelerometer,0.0
1653727053,H,Light,235.0
1653727053,H,IR,0.0
1653727053,H,MIC,3.0
1653727053,A,Temperature,22.184999465942386
1653727053,A,Humidity,36.13100051879883
1653727053,A,Pressure,102206.0
1653727053,A,Gas,594.2000122070312
1653727053,A,Accelerometer,0.0
1653727053,A,Light,140.0
1653727053,A,MIC,3.0
1653727053,A,RSSI,92.0
1653727054,G,Temperature,22.0049991607666
1653727054,G,Humidity,36.95899963378906
1653727054,G,Pressure,102239.0
1653727054,G,Gas,572.1950073242188
1653727054,G,Accelerometer,0.0
1653727054,G,Light,685.0
1653727054,G,MIC,3.0
1653727054,G,RSSI,72.0
1653727056,H,Temperature,21.766000747680664
1653727056,H,Humidity,35.89500045776367
1653727056,H,Pressure,102237.0
1653727056,H,Gas,1423.2020263671875
1653727056,H,Accelerometer,0.0
1653727056,H,Light,233.0
1653727056,H,IR,0.0
1653727056,H,MIC,3.0
1653727058,C,Temperature,22.415000915527344
1653727058,C,Humidity,35.505001068115234
1653727058,C,Pressure,102235.0
1653727058,C,Gas,546.9509887695311
1653727058,C,Accelerometer,0.0
1653727058,C,Light,2761.0
1653727058,C,MIC,1.0
1653727058,C,RSSI,80.0
1653727059,B,Temperature,21.48500061035156
1653727059,B,Humidity,38.82799911499024
1653727059,B,Pressure,102178.0
1653727059,B,Gas,1245.2979736328125
1653727059,B,Accelerometer,0.0
1653727059,B,Light,114.0
1653727059,B,MIC,3.0
1653727059,B,RSSI,70.0
1653727059,H,Temperature,21.766000747680664
1653727059,H,Humidity,35.9109992980957
1653727059,H,Pressure,102237.0
1653727059,H,Gas,1417.1409912109375
1653727059,H,Accelerometer,0.0
1653727059,H,Light,230.0
1653727059,H,IR,0.0
1653727059,H,MIC,3.0
1653727061,D,Temperature,21.065000534057614
1653727061,D,Humidity,36.80799865722656
1653727061,D,Pressure,102244.0
1653727061,D,Gas,961.85400390625
1653727061,D,Accelerometer,0.0
1653727061,D,Light,510.0
1653727061,D,MIC,3.0
1653727061,D,RSSI,60.0
1653727062,F,Temperature,21.9950008392334
1653727062,F,Humidity,35.71099853515625
1653727062,F,Pressure,102258.0
1653727062,F,Gas,711.2919921875
1653727062,F,Accelerometer,0.0
1653727062,F,Light,610.0
1653727062,F,MIC,3.0
1653727062,F,RSSI,84.0
1653727062,E,Temperature,20.4950008392334
1653727062,E,Humidity,37.979000091552734
1653727062,E,Pressure,102219.0
1653727062,E,Gas,1002.905029296875
1653727062,E,Accelerometer,0.0
1653727062,E,Light,998.0
1653727062,E,MIC,3.0
1653727062,E,RSSI,68.0
1653727062,H,Temperature,21.766000747680664
1653727062,H,Humidity,35.92399978637695
1653727062,H,Pressure,102237.0
1653727062,H,Gas,1415.501953125
1653727062,H,Accelerometer,0.0
1653727062,H,Light,184.0
1653727062,H,IR,0.0
1653727062,H,MIC,3.0
1653727063,A,Temperature,22.184999465942386
1653727063,A,Humidity,36.18600082397461
1653727063,A,Pressure,102206.0
1653727063,A,Gas,595.072021484375
1653727063,A,Accelerometer,0.0
1653727063,A,Light,132.0
1653727063,A,MIC,3.0
1653727063,A,RSSI,92.0
1653727063,G,Temperature,22.01499938964844
1653727063,G,Humidity,36.92300033569336
1653727063,G,Pressure,102237.0
1653727063,G,Gas,569.8610229492188
1653727063,G,Accelerometer,0.0
1653727063,G,Light,613.0
1653727063,G,MIC,3.0
1653727063,G,RSSI,72.0
1653727067,H,Temperature,21.766000747680664
1653727067,H,Humidity,35.92900085449219
1653727067,H,Pressure,102235.0
1653727067,H,Gas,1411.6219482421875
1653727067,H,Accelerometer,0.0
1653727067,H,Light,149.0
1653727067,H,IR,0.0
1653727067,H,MIC,3.0
1653727069,B,Temperature,21.48500061035156
1653727069,B,Humidity,38.85499954223633
1653727069,B,Pressure,102178.0
1653727069,B,Gas,1237.7919921875
1653727069,B,Accelerometer,0.0
1653727069,B,Light,61.0
1653727069,B,MIC,3.0
1653727069,B,RSSI,70.0
1653727069,C,Temperature,22.424999237060547
1653727069,C,Humidity,35.51300048828125
1653727069,C,Pressure,102237.0
1653727069,C,Gas,550.8880004882811
1653727069,C,Accelerometer,0.0
1653727069,C,Light,2684.0
1653727069,C,MIC,1.0
1653727069,C,RSSI,80.0
1653727069,H,Temperature,21.756000518798828
1653727069,H,Humidity,35.95199966430664
1653727069,H,Pressure,102237.0
1653727069,H,Gas,1410.281982421875
1653727069,H,Accelerometer,0.0
1653727069,H,Light,125.0
1653727069,H,IR,0.0
1653727069,H,MIC,3.0
1653727071,H,Temperature,21.766000747680664
1653727071,H,Humidity,35.928001403808594
1653727071,H,Pressure,102237.0
1653727071,H,Gas,1411.8819580078125
1653727071,H,Accelerometer,0.0
1653727071,H,Light,139.0
1653727071,H,IR,0.0
1653727071,H,MIC,3.0
1653727071,D,Temperature,21.05500030517578
1653727071,D,Humidity,36.84600067138672
1653727071,D,Pressure,102242.0
1653727071,D,Gas,936.4359741210938
1653727071,D,Accelerometer,0.0
1653727071,D,Light,484.0
1653727071,D,MIC,3.0
1653727071,D,RSSI,60.0
1653727072,F,Temperature,21.98500061035156
1653727072,F,Humidity,35.73400115966797
1653727072,F,Pressure,102254.0
1653727072,F,Gas,705.739990234375
1653727072,F,Accelerometer,0.0
1653727072,F,Light,552.0
1653727072,F,MIC,3.0
1653727072,F,RSSI,84.0
1653727072,E,Temperature,20.48500061035156
1653727072,E,Humidity,37.9640007019043
1653727072,E,Pressure,102219.0
1653727072,E,Gas,995.7479858398438
1653727072,E,Accelerometer,0.0
1653727072,E,Light,947.0
1653727072,E,MIC,3.0
1653727072,E,RSSI,68.0
1653727073,G,Temperature,22.0049991607666
1653727073,G,Humidity,36.95000076293945
1653727073,G,Pressure,102239.0
1653727073,G,Gas,565.905029296875
1653727073,G,Accelerometer,0.0
1653727073,G,Light,602.0
1653727073,G,MIC,3.0
1653727073,G,RSSI,72.0
1653727074,A,Temperature,22.184999465942386
1653727074,A,Humidity,36.20899963378906
1653727074,A,Pressure,102208.0
1653727074,A,Gas,600.1160278320312
1653727074,A,Accelerometer,0.0
1653727074,A,Light,125.0
1653727074,A,MIC,3.0
1653727074,A,RSSI,92.0
1653727074,H,Temperature,21.766000747680664
1653727074,H,Humidity,35.935001373291016
1653727074,H,Pressure,102235.0
1653727074,H,Gas,1426.0970458984375
1653727074,H,Accelerometer,0.0
1653727074,H,Light,165.0
1653727074,H,IR,0.0
1653727074,H,MIC,3.0
1653727077,H,Temperature,21.775999069213867
1653727077,H,Humidity,35.91400146484375
1653727077,H,Pressure,102235.0
1653727077,H,Gas,1421.1929931640625
1653727077,H,Accelerometer,0.0
1653727077,H,Light,134.0
1653727077,H,IR,0.0
1653727077,H,MIC,3.0
1653727078,B,Temperature,21.48500061035156
1653727078,B,Humidity,38.85100173950195
1653727078,B,Pressure,102178.0
1653727078,B,Gas,1251.2320556640625
1653727078,B,Accelerometer,0.0
1653727078,B,Light,70.0
1653727078,B,MIC,3.0
1653727078,B,RSSI,65.0
1653727079,C,Temperature,22.424999237060547
1653727079,C,Humidity,35.50899887084961
1653727079,C,Pressure,102237.0
1653727079,C,Gas,557.1500244140625
1653727079,C,Accelerometer,0.0
1653727079,C,Light,2694.0
1653727079,C,MIC,1.0
1653727079,C,RSSI,80.0
1653727080,H,Temperature,21.766000747680664
1653727080,H,Humidity,35.92399978637695
1653727080,H,Pressure,102235.0
1653727080,H,Gas,1417.8709716796875
1653727080,H,Accelerometer,0.0
1653727080,H,Light,161.0
1653727080,H,IR,0.0
1653727080,H,MIC,3.0
1653727081,D,Temperature,21.065000534057614
1653727081,D,Humidity,36.81800079345703
1653727081,D,Pressure,102242.0
1653727081,D,Gas,933.6179809570312
1653727081,D,Accelerometer,0.0
1653727081,D,Light,487.0
1653727081,D,MIC,3.0
1653727081,D,RSSI,60.0
1653727082,F,Temperature,21.9950008392334
1653727082,F,Humidity,35.73400115966797
1653727082,F,Pressure,102256.0
1653727082,F,Gas,702.22998046875
1653727082,F,Accelerometer,0.0
1653727082,F,Light,562.0
1653727082,F,MIC,3.0
1653727082,F,RSSI,84.0
1653727082,E,Temperature,20.48500061035156
1653727082,E,Humidity,37.98899841308594
1653727082,E,Pressure,102219.0
1653727082,E,Gas,991.9400024414062
1653727082,E,Accelerometer,0.0
1653727082,E,Light,954.0
1653727082,E,MIC,3.0
1653727082,E,RSSI,68.0
1653727083,A,Temperature,22.184999465942386
1653727083,A,Humidity,36.242000579833984
1653727083,A,Pressure,102208.0
1653727083,A,Gas,605.5670166015625
1653727083,A,Accelerometer,0.0
1653727083,A,Light,136.0
1653727083,A,MIC,3.0
1653727083,A,RSSI,92.0
1653727083,G,Temperature,22.0049991607666
1653727083,G,Humidity,36.95899963378906
1653727083,G,Pressure,102239.0
1653727083,G,Gas,567.0159912109375
1653727083,G,Accelerometer,0.0
1653727083,G,Light,678.0
1653727083,G,MIC,3.0
1653727083,G,RSSI,72.0
1653727085,H,Temperature,21.775999069213867
1653727085,H,Humidity,35.90599822998047
1653727085,H,Pressure,102235.0
1653727085,H,Gas,1420.739013671875
1653727085,H,Accelerometer,0.0
1653727085,H,Light,227.0
1653727085,H,IR,0.0
1653727085,H,MIC,3.0
1653727086,H,Temperature,21.766000747680664
1653727086,H,Humidity,35.92200088500977
1653727086,H,Pressure,102235.0
1653727086,H,Gas,1430.697021484375
1653727086,H,Accelerometer,0.0
1653727086,H,Light,192.0
1653727086,H,IR,0.0
1653727086,H,MIC,3.0
1653727089,B,Temperature,21.48500061035156
1653727089,B,Humidity,38.84000015258789
1653727089,B,Pressure,102176.0
1653727089,B,Gas,1239.6519775390625
1653727089,B,Accelerometer,0.0
1653727089,B,Light,63.0
1653727089,B,MIC,3.0
1653727089,B,RSSI,65.0
1653727089,C,Temperature,22.424999237060547
1653727089,C,Humidity,35.505001068115234
1653727089,C,Pressure,102235.0
1653727089,C,Gas,546.0859985351561
1653727089,C,Accelerometer,0.0
1653727089,C,Light,2723.0
1653727089,C,MIC,1.0
1653727089,C,RSSI,66.0
1653727091,H,Temperature,21.766000747680664
1653727091,H,Humidity,35.915000915527344
1653727091,H,Pressure,102235.0
1653727091,H,Gas,1429.6180419921875
1653727091,H,Accelerometer,0.0
1653727091,H,Light,105.0
1653727091,H,IR,0.0
1653727091,H,MIC,3.0
1653727091,D,Temperature,21.065000534057614
1653727091,D,Humidity,36.83100128173828
1653727091,D,Pressure,102242.0
1653727091,D,Gas,923.8809814453124
1653727091,D,Accelerometer,0.0
1653727091,D,Light,495.0
1653727091,D,MIC,3.0
1653727091,D,RSSI,60.0
1653727092,F,Temperature,21.9950008392334
1653727092,F,Humidity,35.72700119018555
1653727092,F,Pressure,102254.0
1653727092,F,Gas,699.2630004882812
1653727092,F,Accelerometer,0.0
1653727092,F,Light,584.0
1653727092,F,MIC,3.0
1653727092,F,RSSI,82.0
1653727092,E,Temperature,20.5049991607666
1653727092,E,Humidity,37.96099853515625
1653727092,E,Pressure,102221.0
1653727092,E,Gas,996.302001953125
1653727092,E,Accelerometer,0.0
1653727092,E,Light,948.0
1653727092,E,MIC,3.0
1653727092,E,RSSI,68.0
1653727093,H,Temperature,21.766000747680664
1653727093,H,Humidity,35.89099884033203
1653727093,H,Pressure,102235.0
1653727093,H,Gas,1428.958984375
1653727093,H,Accelerometer,0.0
1653727093,H,Light,86.0
1653727093,H,IR,0.0
1653727093,H,MIC,3.0
1653727093,A,Temperature,22.174999237060547
1653727093,A,Humidity,36.26499938964844
1653727093,A,Pressure,102208.0
1653727093,A,Gas,610.2969970703125
1653727093,A,Accelerometer,0.0
1653727093,A,Light,118.0
1653727093,A,MIC,3.0
1653727093,A,RSSI,92.0
1653727094,G,Temperature,22.0049991607666
1653727094,G,Humidity,36.96200180053711
1653727094,G,Pressure,102239.0
1653727094,G,Gas,559.6190185546875
1653727094,G,Accelerometer,0.0
1653727094,G,Light,566.0
1653727094,G,MIC,3.0
1653727094,G,RSSI,72.0
1653727096,H,Temperature,21.766000747680664
1653727096,H,Humidity,35.880001068115234
1653727096,H,Pressure,102237.0
1653727096,H,Gas,1427.237060546875
1653727096,H,Accelerometer,0.0
1653727096,H,Light,108.0
1653727096,H,IR,0.0
1653727096,H,MIC,3.0
1653727098,B,Temperature,21.4950008392334
1653727098,B,Humidity,38.8489990234375
1653727098,B,Pressure,102178.0
1653727098,B,Gas,1223.8480224609375
1653727098,B,Accelerometer,0.0
1653727098,B,Light,55.0
1653727098,B,MIC,3.0
1653727098,B,RSSI,65.0
1653727098,C,Temperature,22.424999237060547
1653727098,C,Humidity,35.49499893188477
1653727098,C,Pressure,102237.0
1653727098,C,Gas,552.9299926757811
1653727098,C,Accelerometer,0.0
1653727098,C,Light,2600.0
1653727098,C,MIC,1.0
1653727098,C,RSSI,66.0
1653727099,H,Temperature,21.766000747680664
1653727099,H,Humidity,35.87900161743164
1653727099,H,Pressure,102235.0
1653727099,H,Gas,1415.4300537109375
1653727099,H,Accelerometer,0.0
1653727099,H,Light,136.0
1653727099,H,IR,0.0
1653727099,H,MIC,3.0
1653727101,D,Temperature,21.075000762939453
1653727101,D,Humidity,36.81900024414063
1653727101,D,Pressure,102242.0
1653727101,D,Gas,931.6699829101562
1653727101,D,Accelerometer,0.0
1653727101,D,Light,490.0
1653727101,D,MIC,3.0
1653727101,D,RSSI,60.0
1653727102,E,Temperature,20.4950008392334
1653727102,E,Humidity,37.98799896240234
1653727102,E,Pressure,102215.0
1653727102,E,Gas,996.8159790039062
1653727102,E,Accelerometer,0.0
1653727102,E,Light,957.0
1653727102,E,MIC,3.0
1653727102,E,RSSI,68.0
1653727102,H,Temperature,21.775999069213867
1653727102,H,Humidity,35.849998474121094
1653727102,H,Pressure,102233.0
1653727102,H,Gas,1411.2509765625
1653727102,H,Accelerometer,0.0
1653727102,H,Light,186.0
1653727102,H,IR,0.0
1653727102,H,MIC,3.0
1653727103,F,Temperature,21.9950008392334
1653727103,F,Humidity,35.75
1653727103,F,Pressure,102256.0
1653727103,F,Gas,712.4149780273438
1653727103,F,Accelerometer,0.0
1653727103,F,Light,529.0
1653727103,F,MIC,3.0
1653727103,F,RSSI,82.0
1653727103,G,Temperature,22.0049991607666
1653727103,G,Humidity,36.983001708984375
1653727103,G,Pressure,102237.0
1653727103,G,Gas,564.8200073242188
1653727103,G,Accelerometer,0.0
1653727103,G,Light,671.0
1653727103,G,MIC,3.0
1653727103,G,RSSI,73.0
1653727104,A,Temperature,22.184999465942386
1653727104,A,Humidity,36.22000122070313
1653727104,A,Pressure,102206.0
1653727104,A,Gas,607.4010009765625
1653727104,A,Accelerometer,0.0
1653727104,A,Light,132.0
1653727104,A,MIC,3.0
1653727104,A,RSSI,85.0
1653727104,H,Temperature,21.775999069213867
1653727104,H,Humidity,35.8489990234375
1653727104,H,Pressure,102235.0
1653727104,H,Gas,1405.738037109375
1653727104,H,Accelerometer,0.0
1653727104,H,Light,212.0
1653727104,H,IR,0.0
1653727104,H,MIC,3.0
1653727107,H,Temperature,21.766000747680664
1653727107,H,Humidity,35.86199951171875
1653727107,H,Pressure,102235.0
1653727107,H,Gas,1402.072998046875
1653727107,H,Accelerometer,0.0
1653727107,H,Light,224.0
1653727107,H,IR,0.0
1653727107,H,MIC,3.0
1653727108,B,Temperature,21.48500061035156
1653727108,B,Humidity,38.847999572753906
1653727108,B,Pressure,102176.0
1653727108,B,Gas,1237.3819580078125
1653727108,B,Accelerometer,0.0
1653727108,B,Light,109.0
1653727108,B,MIC,3.0
1653727108,B,RSSI,65.0
1653727108,C,Temperature,22.424999237060547
1653727108,C,Humidity,35.46099853515625
1653727108,C,Pressure,102233.0
1653727108,C,Gas,551.9910278320311
1653727108,C,Accelerometer,0.0
1653727108,C,Light,2802.0
1653727108,C,MIC,1.0
1653727108,C,RSSI,66.0
1653727111,H,Temperature,21.775999069213867
1653727111,H,Humidity,35.85499954223633
1653727111,H,Pressure,102235.0
1653727111,H,Gas,1402.1009521484375
1653727111,H,Accelerometer,0.0
1653727111,H,Light,196.0
1653727111,H,IR,0.0
1653727111,H,MIC,3.0
1653727111,D,Temperature,21.075000762939453
1653727111,D,Humidity,36.8120002746582
1653727111,D,Pressure,102242.0
1653727111,D,Gas,919.5469970703124
1653727111,D,Accelerometer,0.0
1653727111,D,Light,505.0
1653727111,D,MIC,3.0
1653727111,D,RSSI,60.0
1653727112,F,Temperature,21.9950008392334
1653727112,F,Humidity,35.742000579833984
1653727112,F,Pressure,102254.0
1653727112,F,Gas,704.3170166015625
1653727112,F,Accelerometer,0.0
1653727112,F,Light,582.0
1653727112,F,MIC,3.0
1653727112,F,RSSI,82.0
1653727112,E,Temperature,20.5049991607666
1653727112,E,Humidity,37.97000122070313
1653727112,E,Pressure,102219.0
1653727112,E,Gas,983.6920166015624
1653727112,E,Accelerometer,0.0
1653727112,E,Light,985.0
1653727112,E,MIC,3.0
1653727112,E,RSSI,77.0
1653727113,G,Temperature,22.01499938964844
1653727113,G,Humidity,36.96900177001953
1653727113,G,Pressure,102237.0
1653727113,G,Gas,563.8880004882812
1653727113,G,Accelerometer,0.0
1653727113,G,Light,643.0
1653727113,G,MIC,3.0
1653727113,G,RSSI,73.0
1653727114,H,Temperature,21.766000747680664
1653727114,H,Humidity,35.880001068115234
1653727114,H,Pressure,102235.0
1653727114,H,Gas,1404.85205078125
1653727114,H,Accelerometer,0.0
1653727114,H,Light,180.0
1653727114,H,IR,0.0
1653727114,H,MIC,3.0
1653727115,A,Temperature,22.184999465942386
1653727115,A,Humidity,36.18999862670898
1653727115,A,Pressure,102206.0
1653727115,A,Gas,609.6950073242188
1653727115,A,Accelerometer,0.0
1653727115,A,Light,134.0
1653727115,A,MIC,3.0
1653727115,A,RSSI,85.0
1653727117,H,Temperature,21.766000747680664
1653727117,H,Humidity,35.874000549316406
1653727117,H,Pressure,102235.0
1653727117,H,Gas,1404.126953125
1653727117,H,Accelerometer,0.0
1653727117,H,Light,159.0
1653727117,H,IR,0.0
1653727117,H,MIC,3.0
1653727118,B,Temperature,21.48500061035156
1653727118,B,Humidity,38.83200073242188
1653727118,B,Pressure,102176.0
1653727118,B,Gas,1241.1409912109375
1653727118,B,Accelerometer,0.0
1653727118,B,Light,64.0
1653727118,B,MIC,3.0
1653727118,B,RSSI,65.0
1653727119,C,Temperature,22.415000915527344
1653727119,C,Humidity,35.48199844360352
1653727119,C,Pressure,102233.0
1653727119,C,Gas,548.5880126953125
1653727119,C,Accelerometer,0.0
1653727119,C,Light,2719.0
1653727119,C,MIC,1.0
1653727119,C,RSSI,66.0
1653727120,H,Temperature,21.766000747680664
1653727120,H,Humidity,35.88199996948242
1653727120,H,Pressure,102235.0
1653727120,H,Gas,1415.530029296875
1653727120,H,Accelerometer,0.0
1653727120,H,Light,118.0
1653727120,H,IR,0.0
1653727120,H,MIC,3.0
1653727121,D,Temperature,21.065000534057614
1653727121,D,Humidity,36.83300018310547
1653727121,D,Pressure,102240.0
1653727121,D,Gas,902.8079833984376
1653727121,D,Accelerometer,0.0
1653727121,D,Light,454.0
1653727121,D,MIC,3.0
1653727121,D,RSSI,60.0
1653727122,F,Temperature,21.9950008392334
1653727122,F,Humidity,35.720001220703125
1653727122,F,Pressure,102254.0
1653727122,F,Gas,696.6389770507812
1653727122,F,Accelerometer,0.0
1653727122,F,Light,539.0
1653727122,F,MIC,3.0
1653727122,F,RSSI,82.0
1653727122,E,Temperature,20.5049991607666
1653727122,E,Humidity,37.96799850463867
1653727122,E,Pressure,102217.0
1653727122,E,Gas,972.614990234375
1653727122,E,Accelerometer,0.0
1653727122,E,Light,891.0
1653727122,E,MIC,3.0
1653727122,E,RSSI,77.0
1653727123,H,Temperature,21.766000747680664
1653727123,H,Humidity,35.875999450683594
1653727123,H,Pressure,102235.0
1653727123,H,Gas,1423.41796875
1653727123,H,Accelerometer,0.0
1653727123,H,Light,97.0
1653727123,H,IR,0.0
1653727123,H,MIC,3.0
1653727123,A,Temperature,22.184999465942386
1653727123,A,Humidity,36.16299819946289
1653727123,A,Pressure,102206.0
1653727123,A,Gas,604.3720092773438
1653727123,A,Accelerometer,0.0
1653727123,A,Light,104.0
1653727123,A,MIC,3.0
1653727123,A,RSSI,85.0
1653727124,G,Temperature,22.0049991607666
1653727124,G,Humidity,36.96699905395508
1653727124,G,Pressure,102237.0
1653727124,G,Gas,561.8709716796875
1653727124,G,Accelerometer,0.0
1653727124,G,Light,421.0
1653727124,G,MIC,3.0
1653727124,G,RSSI,73.0
1653727126,H,Temperature,21.766000747680664
1653727126,H,Humidity,35.89099884033203
1653727126,H,Pressure,102237.0
1653727126,H,Gas,1418.1810302734375
1653727126,H,Accelerometer,0.0
1653727126,H,Light,89.0
1653727126,H,IR,0.0
1653727126,H,MIC,3.0
1653727128,B,Temperature,21.4950008392334
1653727128,B,Humidity,38.82600021362305
1653727128,B,Pressure,102174.0
1653727128,B,Gas,1239.0260009765625
1653727128,B,Accelerometer,0.0
1653727128,B,Light,36.0
1653727128,B,MIC,3.0
1653727128,B,RSSI,68.0
1653727128,C,Temperature,22.424999237060547
1653727128,C,Humidity,35.474998474121094
1653727128,C,Pressure,102235.0
1653727128,C,Gas,545.4349975585939
1653727128,C,Accelerometer,0.0
1653727128,C,Light,2635.0
1653727128,C,MIC,1.0
1653727128,C,RSSI,66.0
1653727130,H,Temperature,21.766000747680664
1653727130,H,Humidity,35.915000915527344
1653727130,H,Pressure,102235.0
1653727130,H,Gas,1413.116943359375
1653727130,H,Accelerometer,0.0
1653727130,H,Light,85.0
1653727130,H,IR,0.0
1653727130,H,MIC,3.0
1653727131,D,Temperature,21.065000534057614
1653727131,D,Humidity,36.83100128173828
1653727131,D,Pressure,102242.0
1653727131,D,Gas,891.6320190429688
1653727131,D,Accelerometer,0.0
1653727131,D,Light,411.0
1653727131,D,MIC,3.0
1653727131,D,RSSI,60.0
1653727132,H,Temperature,21.766000747680664
1653727132,H,Humidity,35.91400146484375
1653727132,H,Pressure,102235.0
1653727132,H,Gas,1414.9100341796875
1653727132,H,Accelerometer,0.0
1653727132,H,Light,83.0
1653727132,H,IR,0.0
1653727132,H,MIC,3.0
1653727132,F,Temperature,21.98500061035156
1653727132,F,Humidity,35.73699951171875
1653727132,F,Pressure,102254.0
1653727132,F,Gas,692.5980224609375
1653727132,F,Accelerometer,0.0
1653727132,F,Light,481.0
1653727132,F,MIC,3.0
1653727132,F,RSSI,82.0
1653727132,E,Temperature,20.5049991607666
1653727132,E,Humidity,37.98099899291992
1653727132,E,Pressure,102219.0
1653727132,E,Gas,973.7230224609376
1653727132,E,Accelerometer,0.0
1653727132,E,Light,826.0
1653727132,E,MIC,3.0
1653727132,E,RSSI,77.0
1653727133,A,Temperature,22.184999465942386
1653727133,A,Humidity,36.141998291015625
1653727133,A,Pressure,102206.0
1653727133,A,Gas,607.6840209960938
1653727133,A,Accelerometer,0.0
1653727133,A,Light,97.0
1653727133,A,MIC,3.0
1653727133,A,RSSI,85.0
1653727133,G,Temperature,21.9950008392334
1653727133,G,Humidity,36.98400115966797
1653727133,G,Pressure,102235.0
1653727133,G,Gas,560.5399780273439
1653727133,G,Accelerometer,0.0
1653727133,G,Light,407.0
1653727133,G,MIC,3.0
1653727133,G,RSSI,73.0
1653727135,H,Temperature,21.775999069213867
1653727135,H,Humidity,35.90800094604492
1653727135,H,Pressure,102235.0
1653727135,H,Gas,1423.883056640625
1653727135,H,Accelerometer,0.0
1653727135,H,Light,88.0
1653727135,H,IR,0.0
1653727135,H,MIC,3.0
1653727138,B,Temperature,21.48500061035156
1653727138,B,Humidity,38.86800003051758
1653727138,B,Pressure,102174.0
1653727138,B,Gas,1238.1070556640625
1653727138,B,Accelerometer,0.0
1653727138,B,Light,37.0
1653727138,B,MIC,3.0
1653727138,B,RSSI,68.0
1653727138,H,Temperature,21.766000747680664
1653727138,H,Humidity,35.93899917602539
1653727138,H,Pressure,102235.0
1653727138,H,Gas,1424.740966796875
1653727138,H,Accelerometer,0.0
1653727138,H,Light,88.0
1653727138,H,IR,0.0
1653727138,H,MIC,3.0
1653727138,C,Temperature,22.434999465942386
1653727138,C,Humidity,35.47700119018555
1653727138,C,Pressure,102233.0
1653727138,C,Gas,550.7440185546875
1653727138,C,Accelerometer,0.0
1653727138,C,Light,2698.0
1653727138,C,MIC,1.0
1653727138,C,RSSI,63.0
1653727141,H,Temperature,21.756000518798828
1653727141,H,Humidity,35.93600082397461
1653727141,H,Pressure,102233.0
1653727141,H,Gas,1421.4859619140625
1653727141,H,Accelerometer,0.0
1653727141,H,Light,87.0
1653727141,H,IR,0.0
1653727141,H,MIC,3.0
1653727141,D,Temperature,21.065000534057614
1653727141,D,Humidity,36.82699966430664
1653727141,D,Pressure,102242.0
1653727141,D,Gas,887.0089721679688
1653727141,D,Accelerometer,0.0
1653727141,D,Light,400.0
1653727141,D,MIC,3.0
1653727141,D,RSSI,60.0
1653727142,F,Temperature,21.98500061035156
1653727142,F,Humidity,35.74499893188477
1653727142,F,Pressure,102254.0
1653727142,F,Gas,690.3790283203125
1653727142,F,Accelerometer,0.0
1653727142,F,Light,476.0
1653727142,F,MIC,3.0
1653727142,F,RSSI,78.0
1653727142,E,Temperature,20.5049991607666
1653727142,E,Humidity,37.979000091552734
1653727142,E,Pressure,102215.0
1653727142,E,Gas,961.4500122070312
1653727142,E,Accelerometer,0.0
1653727142,E,Light,808.0
1653727142,E,MIC,3.0
1653727142,E,RSSI,77.0
1653727143,G,Temperature,21.9950008392334
1653727143,G,Humidity,36.96200180053711
1653727143,G,Pressure,102233.0
1653727143,G,Gas,556.2839965820311
1653727143,G,Accelerometer,0.0
1653727143,G,Light,404.0
1653727143,G,MIC,3.0
1653727143,G,RSSI,73.0
1653727143,A,Temperature,22.184999465942386
1653727143,A,Humidity,36.11899948120117
1653727143,A,Pressure,102204.0
1653727143,A,Gas,607.4609985351562
1653727143,A,Accelerometer,0.0
1653727143,A,Light,96.0
1653727143,A,MIC,3.0
1653727143,A,RSSI,85.0
1653727144,H,Temperature,21.766000747680664
1653727144,H,Humidity,35.92300033569336
1653727144,H,Pressure,102235.0
1653727144,H,Gas,1423.074951171875
1653727144,H,Accelerometer,0.0
1653727144,H,Light,84.0
1653727144,H,IR,0.0
1653727144,H,MIC,3.0
1653727147,H,Temperature,21.766000747680664
1653727147,H,Humidity,35.9119987487793
1653727147,H,Pressure,102235.0
1653727147,H,Gas,1433.4210205078125
1653727147,H,Accelerometer,0.0
1653727147,H,Light,82.0
1653727147,H,IR,0.0
1653727147,H,MIC,3.0
1653727148,B,Temperature,21.48500061035156
1653727148,B,Humidity,38.87200164794922
1653727148,B,Pressure,102172.0
1653727148,B,Gas,1220.7650146484375
1653727148,B,Accelerometer,0.0
1653727148,B,Light,34.0
1653727148,B,MIC,3.0
1653727148,B,RSSI,68.0
1653727148,C,Temperature,22.434999465942386
1653727148,C,Humidity,35.50299835205078
1653727148,C,Pressure,102233.0
1653727148,C,Gas,558.1950073242189
1653727148,C,Accelerometer,0.0
1653727148,C,Light,2742.0
1653727148,C,MIC,1.0
1653727148,C,RSSI,63.0
1653727150,H,Temperature,21.756000518798828
1653727150,H,Humidity,35.95899963378906
1653727150,H,Pressure,102233.0
1653727150,H,Gas,1421.9229736328125
1653727150,H,Accelerometer,0.0
1653727150,H,Light,82.0
1653727150,H,IR,0.0
1653727150,H,MIC,3.0
1653727151,D,Temperature,21.065000534057614
1653727151,D,Humidity,36.84199905395508
1653727151,D,Pressure,102240.0
1653727151,D,Gas,887.89501953125
1653727151,D,Accelerometer,0.0
1653727151,D,Light,393.0
1653727151,D,MIC,3.0
1653727151,D,RSSI,60.0
1653727152,F,Temperature,21.98500061035156
1653727152,F,Humidity,35.7599983215332
1653727152,F,Pressure,102252.0
1653727152,F,Gas,682.39697265625
1653727152,F,Accelerometer,0.0
1653727152,F,Light,469.0
1653727152,F,MIC,3.0
1653727152,F,RSSI,78.0
1653727152,E,Temperature,20.5049991607666
1653727152,E,Humidity,37.979000091552734
1653727152,E,Pressure,102215.0
1653727152,E,Gas,965.0040283203124
1653727152,E,Accelerometer,0.0
1653727152,E,Light,807.0
1653727152,E,MIC,3.0
1653727152,E,RSSI,77.0
1653727153,H,Temperature,21.746000289916992
1653727153,H,Humidity,35.97999954223633
1653727153,H,Pressure,102233.0
1653727153,H,Gas,1422.0059814453125
1653727153,H,Accelerometer,0.0
1653727153,H,Light,82.0
1653727153,H,IR,0.0
1653727153,H,MIC,3.0
1653727153,A,Temperature,22.184999465942386
1653727153,A,Humidity,36.0880012512207
1653727153,A,Pressure,102202.0
1653727153,A,Gas,602.0689697265625
1653727153,A,Accelerometer,0.0
1653727153,A,Light,96.0
1653727153,A,MIC,3.0
1653727153,A,RSSI,91.0
1653727154,G,Temperature,22.0049991607666
1653727154,G,Humidity,36.96099853515625
1653727154,G,Pressure,102235.0
1653727154,G,Gas,562.1300048828125
1653727154,G,Accelerometer,0.0
1653727154,G,Light,409.0
1653727154,G,MIC,3.0
1653727154,G,RSSI,72.0
1653727156,H,Temperature,21.756000518798828
1653727156,H,Humidity,35.9900016784668
1653727156,H,Pressure,102235.0
1653727156,H,Gas,1427.06005859375
1653727156,H,Accelerometer,0.0
1653727156,H,Light,84.0
1653727156,H,IR,0.0
1653727156,H,MIC,3.0
1653727158,B,Temperature,21.48500061035156
1653727158,B,Humidity,38.887001037597656
1653727158,B,Pressure,102174.0
1653727158,B,Gas,1220.886962890625
1653727158,B,Accelerometer,0.0
1653727158,B,Light,36.0
1653727158,B,MIC,3.0
1653727158,B,RSSI,68.0
1653727158,C,Temperature,22.415000915527344
1653727158,C,Humidity,35.5
1653727158,C,Pressure,102233.0
1653727158,C,Gas,558.3099975585939
1653727158,C,Accelerometer,0.0
1653727158,C,Light,2763.0
1653727158,C,MIC,1.0
1653727158,C,RSSI,63.0
1653727160,H,Temperature,21.766000747680664
1653727160,H,Humidity,35.97900009155273
1653727160,H,Pressure,102235.0
1653727160,H,Gas,1431.637939453125
1653727160,H,Accelerometer,0.0
1653727160,H,Light,87.0
1653727160,H,IR,0.0
1653727160,H,MIC,3.0
1653727161,D,Temperature,21.05500030517578
1653727161,D,Humidity,36.85100173950195
1653727161,D,Pressure,102240.0
1653727161,D,Gas,874.7429809570312
1653727161,D,Accelerometer,0.0
1653727161,D,Light,393.0
1653727161,D,MIC,3.0
1653727161,D,RSSI,67.0
1653727162,H,Temperature,21.756000518798828
1653727162,H,Humidity,36.00299835205078
1653727162,H,Pressure,102235.0
1653727162,H,Gas,1429.45703125
1653727162,H,Accelerometer,0.0
1653727162,H,Light,79.0
1653727162,H,IR,0.0
1653727162,H,MIC,3.0
1653727162,E,Temperature,20.5049991607666
1653727162,E,Humidity,37.959999084472656
1653727162,E,Pressure,102213.0
1653727162,E,Gas,953.3740234375
1653727162,E,Accelerometer,0.0
1653727162,E,Light,815.0
1653727162,E,MIC,3.0
1653727162,E,RSSI,77.0
1653727162,F,Temperature,21.9950008392334
1653727162,F,Humidity,35.7400016784668
1653727162,F,Pressure,102248.0
1653727162,F,Gas,704.2670288085938
1653727162,F,Accelerometer,0.0
1653727162,F,Light,466.0
1653727162,F,MIC,3.0
1653727162,F,RSSI,78.0
1653727163,A,Temperature,22.19499969482422
1653727163,A,Humidity,36.06499862670898
1653727163,A,Pressure,102206.0
1653727163,A,Gas,595.176025390625
1653727163,A,Accelerometer,0.0
1653727163,A,Light,99.0
1653727163,A,MIC,3.0
1653727163,A,RSSI,91.0
1653727164,G,Temperature,22.0049991607666
1653727164,G,Humidity,36.97000122070313
1653727164,G,Pressure,102235.0
1653727164,G,Gas,559.9509887695311
1653727164,G,Accelerometer,0.0
1653727164,G,Light,449.0
1653727164,G,MIC,3.0
1653727164,G,RSSI,72.0
1653727166,H,Temperature,21.756000518798828
1653727166,H,Humidity,36.000999450683594
1653727166,H,Pressure,102231.0
1653727166,H,Gas,1430.5030517578125
1653727166,H,Accelerometer,0.0
1653727166,H,Light,74.0
1653727166,H,IR,0.0
1653727166,H,MIC,3.0
1653727168,B,Temperature,21.48500061035156
1653727168,B,Humidity,38.887001037597656
1653727168,B,Pressure,102174.0
1653727168,B,Gas,1222.9840087890625
1653727168,B,Accelerometer,0.0
1653727168,B,Light,30.0
1653727168,B,MIC,3.0
1653727168,B,RSSI,68.0
1653727168,C,Temperature,22.405000686645508
1653727168,C,Humidity,35.50299835205078
1653727168,C,Pressure,102231.0
1653727168,C,Gas,549.3980102539061
1653727168,C,Accelerometer,0.0
1653727168,C,Light,2719.0
1653727168,C,MIC,1.0
1653727168,C,RSSI,63.0
1653727169,H,Temperature,21.756000518798828
1653727169,H,Humidity,35.98899841308594
1653727169,H,Pressure,102231.0
1653727169,H,Gas,1433.824951171875
1653727169,H,Accelerometer,0.0
1653727169,H,Light,74.0
1653727169,H,IR,0.0
1653727169,H,MIC,3.0
1653727171,H,Temperature,21.756000518798828
1653727171,H,Humidity,35.999000549316406
1653727171,H,Pressure,102233.0
1653727171,H,Gas,1432.0150146484375
1653727171,H,Accelerometer,0.0
1653727171,H,Light,74.0
1653727171,H,IR,0.0
1653727171,H,MIC,3.0
1653727171,D,Temperature,21.065000534057614
1653727171,D,Humidity,36.823001861572266
1653727171,D,Pressure,102238.0
1653727171,D,Gas,871.427001953125
1653727171,D,Accelerometer,0.0
1653727171,D,Light,393.0
1653727171,D,MIC,3.0
1653727171,D,RSSI,67.0
1653727172,F,Temperature,21.9950008392334
1653727172,F,Humidity,35.7599983215332
1653727172,F,Pressure,102254.0
1653727172,F,Gas,697.1430053710938
1653727172,F,Accelerometer,0.0
1653727172,F,Light,456.0
1653727172,F,MIC,3.0
1653727172,F,RSSI,78.0
1653727172,E,Temperature,20.5049991607666
1653727172,E,Humidity,37.96699905395508
1653727172,E,Pressure,102215.0
1653727172,E,Gas,941.2849731445312
1653727172,E,Accelerometer,0.0
1653727172,E,Light,807.0
1653727172,E,MIC,3.0
1653727172,E,RSSI,77.0
1653727174,G,Temperature,21.9950008392334
1653727174,G,Humidity,36.96500015258789
1653727174,G,Pressure,102233.0
1653727174,G,Gas,561.541015625
1653727174,G,Accelerometer,0.0
1653727174,G,Light,396.0
1653727174,G,MIC,3.0
1653727174,G,RSSI,72.0
1653727174,A,Temperature,22.184999465942386
1653727174,A,Humidity,36.12799835205078
1653727174,A,Pressure,102202.0
1653727174,A,Gas,602.3499755859375
1653727174,A,Accelerometer,0.0
1653727174,A,Light,94.0
1653727174,A,MIC,3.0
1653727174,A,RSSI,91.0
1653727175,H,Temperature,21.756000518798828
1653727175,H,Humidity,35.98699951171875
1653727175,H,Pressure,102231.0
1653727175,H,Gas,1441.2860107421875
1653727175,H,Accelerometer,0.0
1653727175,H,Light,73.0
1653727175,H,IR,0.0
1653727175,H,MIC,3.0
1653727177,H,Temperature,21.756000518798828
1653727177,H,Humidity,35.986000061035156
1653727177,H,Pressure,102233.0
1653727177,H,Gas,1450.2259521484375
1653727177,H,Accelerometer,0.0
1653727177,H,Light,72.0
1653727177,H,IR,0.0
1653727177,H,MIC,3.0
1653727178,B,Temperature,21.48500061035156
1653727178,B,Humidity,38.8650016784668
1653727178,B,Pressure,102172.0
1653727178,B,Gas,1216.219970703125
1653727178,B,Accelerometer,0.0
1653727178,B,Light,28.0
1653727178,B,MIC,3.0
1653727178,B,RSSI,65.0
1653727178,C,Temperature,22.405000686645508
1653727178,C,Humidity,35.51100158691406
1653727178,C,Pressure,102233.0
1653727178,C,Gas,546.572998046875
1653727178,C,Accelerometer,0.0
1653727178,C,Light,2695.0
1653727178,C,MIC,1.0
1653727178,C,RSSI,63.0
1653727181,D,Temperature,21.065000534057614
1653727181,D,Humidity,36.83100128173828
1653727181,D,Pressure,102238.0
1653727181,D,Gas,865.4990234375
1653727181,D,Accelerometer,0.0
1653727181,D,Light,382.0
1653727181,D,MIC,3.0
1653727181,D,RSSI,67.0
1653727182,H,Temperature,21.756000518798828
1653727182,H,Humidity,35.97999954223633
1653727182,H,Pressure,102231.0
1653727182,H,Gas,1455.0360107421875
1653727182,H,Accelerometer,0.0
1653727182,H,Light,70.0
1653727182,H,IR,0.0
1653727182,H,MIC,3.0
1653727183,E,Temperature,20.5049991607666
1653727183,E,Humidity,37.99499893188477
1653727183,E,Pressure,102215.0
1653727183,E,Gas,944.583984375
1653727183,E,Accelerometer,0.0
1653727183,E,Light,799.0
1653727183,E,MIC,3.0
1653727183,E,RSSI,77.0
1653727183,F,Temperature,21.9950008392334
1653727183,F,Humidity,35.750999450683594
1653727183,F,Pressure,102254.0
1653727183,F,Gas,700.6690063476562
1653727183,F,Accelerometer,0.0
1653727183,F,Light,453.0
1653727183,F,MIC,3.0
1653727183,F,RSSI,78.0
1653727183,G,Temperature,22.0049991607666
1653727183,G,Humidity,36.93999862670898
1653727183,G,Pressure,102235.0
1653727183,G,Gas,561.958984375
1653727183,G,Accelerometer,0.0
1653727183,G,Light,411.0
1653727183,G,MIC,3.0
1653727183,G,RSSI,72.0
1653727184,H,Temperature,21.756000518798828
1653727184,H,Humidity,35.96900177001953
1653727184,H,Pressure,102231.0
1653727184,H,Gas,1457.029052734375
1653727184,H,Accelerometer,0.0
1653727184,H,Light,69.0
1653727184,H,IR,0.0
1653727184,H,MIC,3.0
1653727186,A,Temperature,22.184999465942386
1653727186,A,Humidity,36.16400146484375
1653727186,A,Pressure,102202.0
1653727186,A,Gas,598.3200073242188
1653727186,A,Accelerometer,0.0
1653727186,A,Light,95.0
1653727186,A,MIC,3.0
1653727186,A,RSSI,91.0
1653727186,H,Temperature,21.746000289916992
1653727186,H,Humidity,35.96099853515625
1653727186,H,Pressure,102231.0
1653727186,H,Gas,1448.02294921875
1653727186,H,Accelerometer,0.0
1653727186,H,Light,68.0
1653727186,H,IR,0.0
1653727186,H,MIC,3.0
1653727188,B,Temperature,21.4950008392334
1653727188,B,Humidity,38.82099914550781
1653727188,B,Pressure,102174.0
1653727188,B,Gas,1222.491943359375
1653727188,B,Accelerometer,0.0
1653727188,B,Light,27.0
1653727188,B,MIC,3.0
1653727188,B,RSSI,65.0
1653727188,C,Temperature,22.415000915527344
1653727188,C,Humidity,35.5
1653727188,C,Pressure,102233.0
1653727188,C,Gas,545.9149780273439
1653727188,C,Accelerometer,0.0
1653727188,C,Light,2653.0
1653727188,C,MIC,1.0
1653727188,C,RSSI,66.0
1653727191,D,Temperature,21.065000534057614
1653727191,D,Humidity,36.82099914550781
1653727191,D,Pressure,102238.0
1653727191,D,Gas,858.125
1653727191,D,Accelerometer,0.0
1653727191,D,Light,385.0
1653727191,D,MIC,3.0
1653727191,D,RSSI,67.0
1653727192,E,Temperature,20.5049991607666
1653727192,E,Humidity,37.999000549316406
1653727192,E,Pressure,102215.0
1653727192,E,Gas,968.208984375
1653727192,E,Accelerometer,0.0
1653727192,E,Light,805.0
1653727192,E,MIC,3.0
1653727192,E,RSSI,77.0
1653727192,H,Temperature,21.756000518798828
1653727192,H,Humidity,35.9640007019043
1653727192,H,Pressure,102231.0
1653727192,H,Gas,1450.85205078125
1653727192,H,Accelerometer,0.0
1653727192,H,Light,67.0
1653727192,H,IR,0.0
1653727192,H,MIC,3.0
1653727193,F,Temperature,21.98500061035156
1653727193,F,Humidity,35.71900177001953
1653727193,F,Pressure,102252.0
1653727193,F,Gas,681.4500122070312
1653727193,F,Accelerometer,0.0
1653727193,F,Light,453.0
1653727193,F,MIC,3.0
1653727193,F,RSSI,78.0
1653727194,H,Temperature,21.756000518798828
1653727194,H,Humidity,35.959999084472656
1653727194,H,Pressure,102233.0
1653727194,H,Gas,1455.4129638671875
1653727194,H,Accelerometer,0.0
1653727194,H,Light,66.0
1653727194,H,IR,0.0
1653727194,H,MIC,3.0
1653727194,G,Temperature,22.0049991607666
1653727194,G,Humidity,36.94900131225586
1653727194,G,Pressure,102233.0
1653727194,G,Gas,554.9730224609375
1653727194,G,Accelerometer,0.0
1653727194,G,Light,380.0
1653727194,G,MIC,3.0
1653727194,G,RSSI,72.0
1653727195,A,Temperature,22.19499969482422
1653727195,A,Humidity,36.12300109863281
1653727195,A,Pressure,102204.0
1653727195,A,Gas,598.77197265625
1653727195,A,Accelerometer,0.0
1653727195,A,Light,93.0
1653727195,A,MIC,3.0
1653727195,A,RSSI,91.0
1653727196,H,Temperature,21.756000518798828
1653727196,H,Humidity,35.952999114990234
1653727196,H,Pressure,102233.0
1653727196,H,Gas,1451.969970703125
1653727196,H,Accelerometer,0.0
1653727196,H,Light,66.0
1653727196,H,IR,0.0
1653727196,H,MIC,3.0
1653727198,B,Temperature,21.4950008392334
1653727198,B,Humidity,38.849998474121094
1653727198,B,Pressure,102176.0
1653727198,B,Gas,1214.3380126953125
1653727198,B,Accelerometer,0.0
1653727198,B,Light,26.0
1653727198,B,MIC,3.0
1653727198,B,RSSI,65.0
1653727198,C,Temperature,22.415000915527344
1653727198,C,Humidity,35.520999908447266
1653727198,C,Pressure,102231.0
1653727198,C,Gas,551.8090209960939
1653727198,C,Accelerometer,0.0
1653727198,C,Light,2568.0
1653727198,C,MIC,1.0
1653727198,C,RSSI,66.0
1653727199,H,Temperature,21.746000289916992
1653727199,H,Humidity,35.965999603271484
1653727199,H,Pressure,102233.0
1653727199,H,Gas,1444.425048828125
1653727199,H,Accelerometer,0.0
1653727199,H,Light,65.0
1653727199,H,IR,0.0
1653727199,H,MIC,3.0
1653727201,D,Temperature,21.065000534057614
1653727201,D,Humidity,36.84000015258789
1653727201,D,Pressure,102238.0
1653727201,D,Gas,852.594970703125
1653727201,D,Accelerometer,0.0
1653727201,D,Light,375.0
1653727201,D,MIC,3.0
1653727201,D,RSSI,67.0
1653727202,H,Temperature,21.756000518798828
1653727202,H,Humidity,35.944000244140625
1653727202,H,Pressure,102233.0
1653727202,H,Gas,1432.5069580078125
1653727202,H,Accelerometer,0.0
1653727202,H,Light,64.0
1653727202,H,IR,0.0
1653727202,H,MIC,3.0
1653727202,F,Temperature,21.98500061035156
1653727202,F,Humidity,35.709999084472656
1653727202,F,Pressure,102252.0
1653727202,F,Gas,681.3779907226562
1653727202,F,Accelerometer,0.0
1653727202,F,Light,446.0
1653727202,F,MIC,3.0
1653727202,F,RSSI,78.0
1653727202,E,Temperature,20.4950008392334
1653727202,E,Humidity,38.02199935913086
1653727202,E,Pressure,102215.0
1653727202,E,Gas,975.926025390625
1653727202,E,Accelerometer,0.0
1653727202,E,Light,792.0
1653727202,E,MIC,3.0
1653727202,E,RSSI,77.0
1653727203,A,Temperature,22.19499969482422
1653727203,A,Humidity,36.10599899291992
1653727203,A,Pressure,102206.0
1653727203,A,Gas,594.0780029296875
1653727203,A,Accelerometer,0.0
1653727203,A,Light,91.0
1653727203,A,MIC,3.0
1653727203,A,RSSI,84.0
1653727204,G,Temperature,22.0049991607666
1653727204,G,Humidity,36.96799850463867
1653727204,G,Pressure,102235.0
1653727204,G,Gas,557.7139892578125
1653727204,G,Accelerometer,0.0
1653727204,G,Light,372.0
1653727204,G,MIC,3.0
1653727204,G,RSSI,73.0
1653727205,H,Temperature,21.756000518798828
1653727205,H,Humidity,35.94499969482422
1653727205,H,Pressure,102231.0
1653727205,H,Gas,1433.552978515625
1653727205,H,Accelerometer,0.0
1653727205,H,Light,63.0
1653727205,H,IR,0.0
1653727205,H,MIC,3.0
1653727208,H,Temperature,21.756000518798828
1653727208,H,Humidity,35.939998626708984
1653727208,H,Pressure,102235.0
1653727208,H,Gas,1432.9720458984375
1653727208,H,Accelerometer,0.0
1653727208,H,Light,62.0
1653727208,H,IR,0.0
1653727208,H,MIC,3.0
1653727208,B,Temperature,21.48500061035156
1653727208,B,Humidity,38.84700012207031
1653727208,B,Pressure,102176.0
1653727208,B,Gas,1213.85595703125
1653727208,B,Accelerometer,0.0
1653727208,B,Light,24.0
1653727208,B,MIC,3.0
1653727208,B,RSSI,65.0
1653727208,C,Temperature,22.424999237060547
1653727208,C,Humidity,35.50299835205078
1653727208,C,Pressure,102233.0
1653727208,C,Gas,556.2150268554689
1653727208,C,Accelerometer,0.0
1653727208,C,Light,2543.0
1653727208,C,MIC,1.0
1653727208,C,RSSI,66.0
1653727211,H,Temperature,21.746000289916992
1653727211,H,Humidity,35.95199966430664
1653727211,H,Pressure,102235.0
1653727211,H,Gas,1430.0379638671875
1653727211,H,Accelerometer,0.0
1653727211,H,Light,62.0
1653727211,H,IR,0.0
1653727211,H,MIC,3.0
1653727211,D,Temperature,21.065000534057614
1653727211,D,Humidity,36.847999572753906
1653727211,D,Pressure,102240.0
1653727211,D,Gas,840.6890258789062
1653727211,D,Accelerometer,0.0
1653727211,D,Light,365.0
1653727211,D,MIC,3.0
1653727211,D,RSSI,60.0
1653727212,F,Temperature,21.975000381469727
1653727212,F,Humidity,35.73400115966797
1653727212,F,Pressure,102252.0
1653727212,F,Gas,663.9910278320312
1653727212,F,Accelerometer,0.0
1653727212,F,Light,442.0
1653727212,F,MIC,3.0
1653727212,F,RSSI,78.0
1653727212,E,Temperature,20.5049991607666
1653727212,E,Humidity,37.97600173950195
1653727212,E,Pressure,102219.0
1653727212,E,Gas,959.6400146484376
1653727212,E,Accelerometer,0.0
1653727212,E,Light,772.0
1653727212,E,MIC,3.0
1653727212,E,RSSI,68.0
1653727213,G,Temperature,22.0049991607666
1653727213,G,Humidity,36.95199966430664
1653727213,G,Pressure,102235.0
1653727213,G,Gas,557.93798828125
1653727213,G,Accelerometer,0.0
1653727213,G,Light,363.0
1653727213,G,MIC,3.0
1653727213,G,RSSI,73.0
1653727214,H,Temperature,21.766000747680664
1653727214,H,Humidity,35.9010009765625
1653727214,H,Pressure,102235.0
1653727214,H,Gas,1417.279052734375
1653727214,H,Accelerometer,0.0
1653727214,H,Light,61.0
1653727214,H,IR,0.0
1653727214,H,MIC,3.0
1653727214,A,Temperature,22.19499969482422
1653727214,A,Humidity,36.06900024414063
1653727214,A,Pressure,102208.0
1653727214,A,Gas,596.1929931640625
1653727214,A,Accelerometer,0.0
1653727214,A,Light,90.0
1653727214,A,MIC,3.0
1653727214,A,RSSI,84.0
1653727217,H,Temperature,21.766000747680664
1653727217,H,Humidity,35.9119987487793
1653727217,H,Pressure,102237.0
1653727217,H,Gas,1429.6400146484375
1653727217,H,Accelerometer,0.0
1653727217,H,Light,60.0
1653727217,H,IR,0.0
1653727217,H,MIC,3.0
1653727218,B,Temperature,21.48500061035156
1653727218,B,Humidity,38.858001708984375
1653727218,B,Pressure,102178.0
1653727218,B,Gas,1215.782958984375
1653727218,B,Accelerometer,0.0
1653727218,B,Light,23.0
1653727218,B,MIC,3.0
1653727218,B,RSSI,65.0
1653727218,C,Temperature,22.424999237060547
1653727218,C,Humidity,35.525001525878906
1653727218,C,Pressure,102235.0
1653727218,C,Gas,556.7269897460939
1653727218,C,Accelerometer,0.0
1653727218,C,Light,2545.0
1653727218,C,MIC,1.0
1653727218,C,RSSI,66.0
1653727220,H,Temperature,21.756000518798828
1653727220,H,Humidity,35.91899871826172
1653727220,H,Pressure,102237.0
1653727220,H,Gas,1435.66796875
1653727220,H,Accelerometer,0.0
1653727220,H,Light,60.0
1653727220,H,IR,0.0
1653727220,H,MIC,3.0
1653727221,D,Temperature,21.065000534057614
1653727221,D,Humidity,36.83300018310547
1653727221,D,Pressure,102242.0
1653727221,D,Gas,837.3900146484375
1653727221,D,Accelerometer,0.0
1653727221,D,Light,362.0
1653727221,D,MIC,3.0
1653727221,D,RSSI,60.0
1653727222,F,Temperature,21.98500061035156
1653727222,F,Humidity,35.73699951171875
1653727222,F,Pressure,102254.0
1653727222,F,Gas,665.9000244140625
1653727222,F,Accelerometer,0.0
1653727222,F,Light,439.0
1653727222,F,MIC,3.0
1653727222,F,RSSI,78.0
1653727222,E,Temperature,20.4950008392334
1653727222,E,Humidity,37.98699951171875
1653727222,E,Pressure,102217.0
1653727222,E,Gas,940.9030151367188
1653727222,E,Accelerometer,0.0
1653727222,E,Light,766.0
1653727222,E,MIC,3.0
1653727222,E,RSSI,68.0
1653727223,H,Temperature,21.756000518798828
1653727223,H,Humidity,35.90599822998047
1653727223,H,Pressure,102233.0
1653727223,H,Gas,1437.2679443359375
1653727223,H,Accelerometer,0.0
1653727223,H,Light,60.0
1653727223,H,IR,0.0
1653727223,H,MIC,3.0
1653727223,A,Temperature,22.19499969482422
1653727223,A,Humidity,36.055999755859375
1653727223,A,Pressure,102208.0
1653727223,A,Gas,592.81201171875
1653727223,A,Accelerometer,0.0
1653727223,A,Light,89.0
1653727223,A,MIC,3.0
1653727223,A,RSSI,84.0
1653727224,G,Temperature,21.9950008392334
1653727224,G,Humidity,36.99100112915039
1653727224,G,Pressure,102235.0
1653727224,G,Gas,557.916015625
1653727224,G,Accelerometer,0.0
1653727224,G,Light,358.0
1653727224,G,MIC,3.0
1653727224,G,RSSI,73.0
1653727227,H,Temperature,21.756000518798828
1653727227,H,Humidity,35.904998779296875
1653727227,H,Pressure,102235.0
1653727227,H,Gas,1439.7259521484375
1653727227,H,Accelerometer,0.0
1653727227,H,Light,60.0
1653727227,H,IR,0.0
1653727227,H,MIC,3.0
1653727230,B,Temperature,21.48500061035156
1653727230,B,Humidity,38.8759994506836
1653727230,B,Pressure,102176.0
1653727230,B,Gas,1212.030029296875
1653727230,B,Accelerometer,0.0
1653727230,B,Light,23.0
1653727230,B,MIC,3.0
1653727230,B,RSSI,65.0
1653727230,C,Temperature,22.424999237060547
1653727230,C,Humidity,35.53200149536133
1653727230,C,Pressure,102235.0
1653727230,C,Gas,563.0479736328125
1653727230,C,Accelerometer,0.0
1653727230,C,Light,2612.0
1653727230,C,MIC,1.0
1653727230,C,RSSI,66.0
1653727230,H,Temperature,21.756000518798828
1653727230,H,Humidity,35.89500045776367
1653727230,H,Pressure,102233.0
1653727230,H,Gas,1430.9239501953125
1653727230,H,Accelerometer,0.0
1653727230,H,Light,60.0
1653727230,H,IR,0.0
1653727230,H,MIC,3.0
1653727231,D,Temperature,21.075000762939453
1653727231,D,Humidity,36.83100128173828
1653727231,D,Pressure,102242.0
1653727231,D,Gas,839.0999755859375
1653727231,D,Accelerometer,0.0
1653727231,D,Light,358.0
1653727231,D,MIC,3.0
1653727231,D,RSSI,60.0
1653727232,H,Temperature,21.746000289916992
1653727232,H,Humidity,35.888999938964844
1653727232,H,Pressure,102235.0
1653727232,H,Gas,1429.0970458984375
1653727232,H,Accelerometer,0.0
1653727232,H,Light,60.0
1653727232,H,IR,0.0
1653727232,H,MIC,3.0
1653727232,E,Temperature,20.4950008392334
1653727232,E,Humidity,37.983001708984375
1653727232,E,Pressure,102217.0
1653727232,E,Gas,929.7869873046876
1653727232,E,Accelerometer,0.0
1653727232,E,Light,760.0
1653727232,E,MIC,3.0
1653727232,E,RSSI,68.0
1653727233,F,Temperature,21.975000381469727
1653727233,F,Humidity,35.73699951171875
1653727233,F,Pressure,102254.0
1653727233,F,Gas,664.7420043945312
1653727233,F,Accelerometer,0.0
1653727233,F,Light,437.0
1653727233,F,MIC,3.0
1653727233,F,RSSI,78.0
1653727234,A,Temperature,22.19499969482422
1653727234,A,Humidity,36.07699966430664
1653727234,A,Pressure,102208.0
1653727234,A,Gas,592.3510131835938
1653727234,A,Accelerometer,0.0
1653727234,A,Light,89.0
1653727234,A,MIC,3.0
1653727234,A,RSSI,84.0
1653727235,G,Temperature,21.9950008392334
1653727235,G,Humidity,36.9739990234375
1653727235,G,Pressure,102235.0
1653727235,G,Gas,559.5659790039061
1653727235,G,Accelerometer,0.0
1653727235,G,Light,353.0
1653727235,G,MIC,3.0
1653727235,G,RSSI,73.0
1653727235,H,Temperature,21.746000289916992
1653727235,H,Humidity,35.90700149536133
1653727235,H,Pressure,102237.0
1653727235,H,Gas,1427.8299560546875
1653727235,H,Accelerometer,0.0
1653727235,H,Light,60.0
1653727235,H,IR,0.0
1653727235,H,MIC,3.0
1653727238,H,Temperature,21.756000518798828
1653727238,H,Humidity,35.887001037597656
1653727238,H,Pressure,102235.0
1653727238,H,Gas,1430.8909912109375
1653727238,H,Accelerometer,0.0
1653727238,H,Light,60.0
1653727238,H,IR,0.0
1653727238,H,MIC,3.0
1653727239,C,Temperature,22.434999465942386
1653727239,C,Humidity,35.48899841308594
1653727239,C,Pressure,102235.0
1653727239,C,Gas,564.2310180664062
1653727239,C,Accelerometer,0.0
1653727239,C,Light,2717.0
1653727239,C,MIC,1.0
1653727239,C,RSSI,66.0
1653727239,B,Temperature,21.4950008392334
1653727239,B,Humidity,38.8849983215332
1653727239,B,Pressure,102176.0
1653727239,B,Gas,1220.282958984375
1653727239,B,Accelerometer,0.0
1653727239,B,Light,23.0
1653727239,B,MIC,3.0
1653727239,B,RSSI,65.0
1653727241,H,Temperature,21.756000518798828
1653727241,H,Humidity,35.87699890136719
1653727241,H,Pressure,102235.0
1653727241,H,Gas,1423.8160400390625
1653727241,H,Accelerometer,0.0
1653727241,H,Light,60.0
1653727241,H,IR,0.0
1653727241,H,MIC,3.0
1653727241,D,Temperature,21.065000534057614
1653727241,D,Humidity,36.82799911499024
1653727241,D,Pressure,102242.0
1653727241,D,Gas,832.4349975585938
1653727241,D,Accelerometer,0.0
1653727241,D,Light,355.0
1653727241,D,MIC,3.0
1653727241,D,RSSI,60.0
1653727242,F,Temperature,21.975000381469727
1653727242,F,Humidity,35.75600051879883
1653727242,F,Pressure,102256.0
1653727242,F,Gas,662.7579956054688
1653727242,F,Accelerometer,0.0
1653727242,F,Light,440.0
1653727242,F,MIC,3.0
1653727242,F,RSSI,79.0
1653727242,E,Temperature,20.4950008392334
1653727242,E,Humidity,37.986000061035156
1653727242,E,Pressure,102217.0
1653727242,E,Gas,922.6859741210938
1653727242,E,Accelerometer,0.0
1653727242,E,Light,757.0
1653727242,E,MIC,3.0
1653727242,E,RSSI,68.0
1653727243,A,Temperature,22.19499969482422
1653727243,A,Humidity,36.11800003051758
1653727243,A,Pressure,102206.0
1653727243,A,Gas,593.1329956054688
1653727243,A,Accelerometer,0.0
1653727243,A,Light,88.0
1653727243,A,MIC,3.0
1653727243,A,RSSI,84.0
1653727244,G,Temperature,22.0049991607666
1653727244,G,Humidity,36.9640007019043
1653727244,G,Pressure,102237.0
1653727244,G,Gas,557.280029296875
1653727244,G,Accelerometer,0.0
1653727244,G,Light,350.0
1653727244,G,MIC,3.0
1653727244,G,RSSI,73.0
1653727246,H,Temperature,21.746000289916992
1653727246,H,Humidity,35.89500045776367
1653727246,H,Pressure,102237.0
1653727246,H,Gas,1421.7459716796875
1653727246,H,Accelerometer,0.0
1653727246,H,Light,60.0
1653727246,H,IR,0.0
1653727246,H,MIC,3.0
1653727247,H,Temperature,21.756000518798828
1653727247,H,Humidity,35.875999450683594
1653727247,H,Pressure,102237.0
1653727247,H,Gas,1410.97998046875
1653727247,H,Accelerometer,0.0
1653727247,H,Light,60.0
1653727247,H,IR,0.0
1653727247,H,MIC,3.0
1653727249,B,Temperature,21.4950008392334
1653727249,B,Humidity,38.89099884033203
1653727249,B,Pressure,102180.0
1653727249,B,Gas,1217.73095703125
1653727249,B,Accelerometer,0.0
1653727249,B,Light,23.0
1653727249,B,MIC,3.0
1653727249,B,RSSI,65.0
1653727249,C,Temperature,22.434999465942386
1653727249,C,Humidity,35.47600173950195
1653727249,C,Pressure,102233.0
1653727249,C,Gas,563.2919921875
1653727249,C,Accelerometer,0.0
1653727249,C,Light,2841.0
1653727249,C,MIC,1.0
1653727249,C,RSSI,66.0
1653727251,H,Temperature,21.746000289916992
1653727251,H,Humidity,35.888999938964844
1653727251,H,Pressure,102237.0
1653727251,H,Gas,1401.0550537109375
1653727251,H,Accelerometer,0.0
1653727251,H,Light,60.0
1653727251,H,IR,0.0
1653727251,H,MIC,3.0
1653727251,D,Temperature,21.065000534057614
1653727251,D,Humidity,36.84700012207031
1653727251,D,Pressure,102242.0
1653727251,D,Gas,819.6370239257812
1653727251,D,Accelerometer,0.0
1653727251,D,Light,354.0
1653727251,D,MIC,3.0
1653727251,D,RSSI,60.0
1653727252,F,Temperature,21.975000381469727
1653727252,F,Humidity,35.72700119018555
1653727252,F,Pressure,102254.0
1653727252,F,Gas,662.4229736328125
1653727252,F,Accelerometer,0.0
1653727252,F,Light,436.0
1653727252,F,MIC,3.0
1653727252,F,RSSI,79.0
1653727252,E,Temperature,20.5049991607666
1653727252,E,Humidity,37.9640007019043
1653727252,E,Pressure,102221.0
1653727252,E,Gas,923.06201171875
1653727252,E,Accelerometer,0.0
1653727252,E,Light,750.0
1653727252,E,MIC,3.0
1653727252,E,RSSI,68.0
1653727253,H,Temperature,21.73600006103516
1653727253,H,Humidity,35.88600158691406
1653727253,H,Pressure,102235.0
1653727253,H,Gas,1397.14697265625
1653727253,H,Accelerometer,0.0
1653727253,H,Light,60.0
1653727253,H,IR,0.0
1653727253,H,MIC,3.0
1653727253,A,Temperature,22.19499969482422
1653727253,A,Humidity,36.1259994506836
1653727253,A,Pressure,102208.0
1653727253,A,Gas,592.0650024414062
1653727253,A,Accelerometer,0.0
1653727253,A,Light,88.0
1653727253,A,MIC,3.0
1653727253,A,RSSI,90.0
1653727254,G,Temperature,22.0049991607666
1653727254,G,Humidity,36.98099899291992
1653727254,G,Pressure,102237.0
1653727254,G,Gas,562.1270141601561
1653727254,G,Accelerometer,0.0
1653727254,G,Light,347.0
1653727254,G,MIC,3.0
1653727254,G,RSSI,72.0
1653727256,H,Temperature,21.746000289916992
1653727256,H,Humidity,35.874000549316406
1653727256,H,Pressure,102235.0
1653727256,H,Gas,1387.73095703125
1653727256,H,Accelerometer,0.0
1653727256,H,Light,60.0
1653727256,H,IR,0.0
1653727256,H,MIC,3.0
1653727258,B,Temperature,21.4950008392334
1653727258,B,Humidity,38.88800048828125
1653727258,B,Pressure,102180.0
1653727258,B,Gas,1205.7750244140625
1653727258,B,Accelerometer,0.0
1653727258,B,Light,23.0
1653727258,B,MIC,3.0
1653727258,B,RSSI,65.0
1653727260,C,Temperature,22.45499992370605
1653727260,C,Humidity,35.46900177001953
1653727260,C,Pressure,102235.0
1653727260,C,Gas,563.5709838867188
1653727260,C,Accelerometer,0.0
1653727260,C,Light,2945.0
1653727260,C,MIC,1.0
1653727260,C,RSSI,66.0
1653727260,H,Temperature,21.746000289916992
1653727260,H,Humidity,35.87900161743164
1653727260,H,Pressure,102237.0
1653727260,H,Gas,1383.9610595703125
1653727260,H,Accelerometer,0.0
1653727260,H,Light,61.0
1653727260,H,IR,0.0
1653727260,H,MIC,3.0
1653727261,D,Temperature,21.065000534057614
1653727261,D,Humidity,36.85599899291992
1653727261,D,Pressure,102242.0
1653727261,D,Gas,826.4240112304688
1653727261,D,Accelerometer,0.0
1653727261,D,Light,353.0
1653727261,D,MIC,3.0
1653727261,D,RSSI,60.0
1653727262,F,Temperature,21.975000381469727
1653727262,F,Humidity,35.73099899291992
1653727262,F,Pressure,102254.0
1653727262,F,Gas,658.0280151367188
1653727262,F,Accelerometer,0.0
1653727262,F,Light,436.0
1653727262,F,MIC,3.0
1653727262,F,RSSI,79.0
1653727262,E,Temperature,20.4950008392334
1653727262,E,Humidity,37.99700164794922
1653727262,E,Pressure,102215.0
1653727262,E,Gas,917.6320190429688
1653727262,E,Accelerometer,0.0
1653727262,E,Light,749.0
1653727262,E,MIC,3.0
1653727262,E,RSSI,70.0
1653727263,H,Temperature,21.73600006103516
1653727263,H,Humidity,35.90700149536133
1653727263,H,Pressure,102237.0
1653727263,H,Gas,1386.8170166015625
1653727263,H,Accelerometer,0.0
1653727263,H,Light,61.0
1653727263,H,IR,0.0
1653727263,H,MIC,3.0
1653727263,A,Temperature,22.19499969482422
1653727263,A,Humidity,36.15700149536133
1653727263,A,Pressure,102208.0
1653727263,A,Gas,593.3629760742188
1653727263,A,Accelerometer,0.0
1653727263,A,Light,87.0
1653727263,A,MIC,3.0
1653727263,A,RSSI,90.0
1653727264,G,Temperature,21.9950008392334
1653727264,G,Humidity,36.983001708984375
1653727264,G,Pressure,102235.0
1653727264,G,Gas,561.6710205078125
1653727264,G,Accelerometer,0.0
1653727264,G,Light,345.0
1653727264,G,MIC,3.0
1653727264,G,RSSI,72.0
1653727267,H,Temperature,21.746000289916992
1653727267,H,Humidity,35.89099884033203
1653727267,H,Pressure,102237.0
1653727267,H,Gas,1383.3800048828125
1653727267,H,Accelerometer,0.0
1653727267,H,Light,61.0
1653727267,H,IR,0.0
1653727267,H,MIC,3.0
1653727269,B,Temperature,21.4950008392334
1653727269,B,Humidity,38.86399841308594
1653727269,B,Pressure,102182.0
1653727269,B,Gas,1207.9830322265625
1653727269,B,Accelerometer,0.0
1653727269,B,Light,23.0
1653727269,B,MIC,3.0
1653727269,B,RSSI,65.0
1653727270,C,Temperature,22.44499969482422
1653727270,C,Humidity,35.48300170898437
1653727270,C,Pressure,102233.0
1653727270,C,Gas,565.2249755859375
1653727270,C,Accelerometer,0.0
1653727270,C,Light,2987.0
1653727270,C,MIC,1.0
1653727270,C,RSSI,66.0
1653727270,H,Temperature,21.746000289916992
1653727270,H,Humidity,35.880001068115234
1653727270,H,Pressure,102237.0
1653727270,H,Gas,1377.074951171875
1653727270,H,Accelerometer,0.0
1653727270,H,Light,62.0
1653727270,H,IR,0.0
1653727270,H,MIC,3.0
1653727272,H,Temperature,21.746000289916992
1653727272,H,Humidity,35.875999450683594
1653727272,H,Pressure,102235.0
1653727272,H,Gas,1371.4620361328125
1653727272,H,Accelerometer,0.0
1653727272,H,Light,62.0
1653727272,H,IR,0.0
1653727272,H,MIC,3.0
1653727272,D,Temperature,21.065000534057614
1653727272,D,Humidity,36.84700012207031
1653727272,D,Pressure,102242.0
1653727272,D,Gas,821.0430297851562
1653727272,D,Accelerometer,0.0
1653727272,D,Light,353.0
1653727272,D,MIC,3.0
1653727272,D,RSSI,60.0
1653727272,F,Temperature,21.975000381469727
1653727272,F,Humidity,35.737998962402344
1653727272,F,Pressure,102254.0
1653727272,F,Gas,661.2849731445312
1653727272,F,Accelerometer,0.0
1653727272,F,Light,437.0
1653727272,F,MIC,3.0
1653727272,F,RSSI,79.0
1653727272,E,Temperature,20.48500061035156
1653727272,E,Humidity,38.0099983215332
1653727272,E,Pressure,102217.0
1653727272,E,Gas,894.072998046875
1653727272,E,Accelerometer,0.0
1653727272,E,Light,749.0
1653727272,E,MIC,3.0
1653727272,E,RSSI,70.0
1653727273,A,Temperature,22.19499969482422
1653727273,A,Humidity,36.1609992980957
1653727273,A,Pressure,102206.0
1653727273,A,Gas,597.5590209960938
1653727273,A,Accelerometer,0.0
1653727273,A,Light,87.0
1653727273,A,MIC,3.0
1653727273,A,RSSI,90.0
1653727274,G,Temperature,21.9950008392334
1653727274,G,Humidity,36.96900177001953
1653727274,G,Pressure,102235.0
1653727274,G,Gas,559.7069702148439
1653727274,G,Accelerometer,0.0
1653727274,G,Light,344.0
1653727274,G,MIC,3.0
1653727274,G,RSSI,72.0
1653727275,H,Temperature,21.746000289916992
1653727275,H,Humidity,35.88600158691406
1653727275,H,Pressure,102235.0
1653727275,H,Gas,1370.27197265625
1653727275,H,Accelerometer,0.0
1653727275,H,Light,62.0
1653727275,H,IR,0.0
1653727275,H,MIC,3.0
1653727278,H,Temperature,21.756000518798828
1653727278,H,Humidity,35.862998962402344
1653727278,H,Pressure,102237.0
1653727278,H,Gas,1382.760009765625
1653727278,H,Accelerometer,0.0
1653727278,H,Light,63.0
1653727278,H,IR,0.0
1653727278,H,MIC,3.0
1653727278,B,Temperature,21.4950008392334
1653727278,B,Humidity,38.86999893188477
1653727278,B,Pressure,102176.0
1653727278,B,Gas,1202.7080078125
1653727278,B,Accelerometer,0.0
1653727278,B,Light,23.0
1653727278,B,MIC,3.0
1653727278,B,RSSI,68.0
1653727278,C,Temperature,22.45499992370605
1653727278,C,Humidity,35.48199844360352
1653727278,C,Pressure,102233.0
1653727278,C,Gas,568.3319702148438
1653727278,C,Accelerometer,0.0
1653727278,C,Light,2973.0
1653727278,C,MIC,1.0
1653727278,C,RSSI,66.0
1653727281,H,Temperature,21.746000289916992
1653727281,H,Humidity,35.87300109863281
1653727281,H,Pressure,102237.0
1653727281,H,Gas,1376.8370361328125
1653727281,H,Accelerometer,0.0
1653727281,H,Light,63.0
1653727281,H,IR,0.0
1653727281,H,MIC,3.0
1653727281,D,Temperature,21.065000534057614
1653727281,D,Humidity,36.84500122070313
1653727281,D,Pressure,102244.0
1653727281,D,Gas,813.5980224609375
1653727281,D,Accelerometer,0.0
1653727281,D,Light,353.0
1653727281,D,MIC,3.0
1653727281,D,RSSI,60.0
1653727282,F,Temperature,21.98500061035156
1653727282,F,Humidity,35.71799850463867
1653727282,F,Pressure,102256.0
1653727282,F,Gas,656.489013671875
1653727282,F,Accelerometer,0.0
1653727282,F,Light,438.0
1653727282,F,MIC,3.0
1653727282,F,RSSI,79.0
1653727282,E,Temperature,20.475000381469727
1653727282,E,Humidity,38.02000045776367
1653727282,E,Pressure,102217.0
1653727282,E,Gas,895.8829956054688
1653727282,E,Accelerometer,0.0
1653727282,E,Light,750.0
1653727282,E,MIC,3.0
1653727282,E,RSSI,70.0
1653727283,A,Temperature,22.19499969482422
1653727283,A,Humidity,36.152000427246094
1653727283,A,Pressure,102208.0
1653727283,A,Gas,600.5809936523438
1653727283,A,Accelerometer,0.0
1653727283,A,Light,87.0
1653727283,A,MIC,3.0
1653727283,A,RSSI,90.0
1653727284,G,Temperature,21.9950008392334
1653727284,G,Humidity,36.99100112915039
1653727284,G,Pressure,102237.0
1653727284,G,Gas,559.3770141601561
1653727284,G,Accelerometer,0.0
1653727284,G,Light,343.0
1653727284,G,MIC,3.0
1653727284,G,RSSI,72.0
1653727285,H,Temperature,21.746000289916992
1653727285,H,Humidity,35.88399887084961
1653727285,H,Pressure,102235.0
1653727285,H,Gas,1376.77099609375
1653727285,H,Accelerometer,0.0
1653727285,H,Light,64.0
1653727285,H,IR,0.0
1653727285,H,MIC,3.0
1653727289,C,Temperature,22.45499992370605
1653727289,C,Humidity,35.46799850463867
1653727289,C,Pressure,102235.0
1653727289,C,Gas,569.2570190429688
1653727289,C,Accelerometer,0.0
1653727289,C,Light,2999.0
1653727289,C,MIC,1.0
1653727289,C,RSSI,63.0
1653727291,D,Temperature,21.05500030517578
1653727291,D,Humidity,36.86999893188477
1653727291,D,Pressure,102246.0
1653727291,D,Gas,792.7960205078125
1653727291,D,Accelerometer,0.0
1653727291,D,Light,352.0
1653727291,D,MIC,3.0
1653727291,D,RSSI,60.0
1653727292,H,Temperature,21.756000518798828
1653727292,H,Humidity,35.87699890136719
1653727292,H,Pressure,102235.0
1653727292,H,Gas,1389.928955078125
1653727292,H,Accelerometer,0.0
1653727292,H,Light,64.0
1653727292,H,IR,0.0
1653727292,H,MIC,3.0
1653727292,E,Temperature,20.48500061035156
1653727292,E,Humidity,37.99700164794922
1653727292,E,Pressure,102219.0
1653727292,E,Gas,896.7570190429688
1653727292,E,Accelerometer,0.0
1653727292,E,Light,751.0
1653727292,E,MIC,3.0
1653727292,E,RSSI,70.0
1653727293,F,Temperature,21.98500061035156
1653727293,F,Humidity,35.72900009155273
1653727293,F,Pressure,102256.0
1653727293,F,Gas,648.6929931640625
1653727293,F,Accelerometer,0.0
1653727293,F,Light,440.0
1653727293,F,MIC,3.0
1653727293,F,RSSI,81.0
1653727293,B,Temperature,21.4950008392334
1653727293,B,Humidity,38.85499954223633
1653727293,B,Pressure,102176.0
1653727293,B,Gas,1210.3580322265625
1653727293,B,Accelerometer,0.0
1653727293,B,Light,24.0
1653727293,B,MIC,3.0
1653727293,B,RSSI,68.0
1653727293,H,Temperature,21.756000518798828
1653727293,H,Humidity,35.880001068115234
1653727293,H,Pressure,102235.0
1653727293,H,Gas,1380.2969970703125
1653727293,H,Accelerometer,0.0
1653727293,H,Light,65.0
1653727293,H,IR,0.0
1653727293,H,MIC,3.0
1653727293,A,Temperature,22.19499969482422
1653727293,A,Humidity,36.12900161743164
1653727293,A,Pressure,102210.0
1653727293,A,Gas,599.885986328125
1653727293,A,Accelerometer,0.0
1653727293,A,Light,87.0
1653727293,A,MIC,3.0
1653727293,A,RSSI,90.0
1653727294,H,Temperature,21.756000518798828
1653727294,H,Humidity,35.882999420166016
1653727294,H,Pressure,102237.0
1653727294,H,Gas,1377.6729736328125
1653727294,H,Accelerometer,0.0
1653727294,H,Light,65.0
1653727294,H,IR,0.0
1653727294,H,MIC,3.0
1653727294,G,Temperature,21.9950008392334
1653727294,G,Humidity,37.00199890136719
1653727294,G,Pressure,102237.0
1653727294,G,Gas,555.0880126953125
1653727294,G,Accelerometer,0.0
1653727294,G,Light,344.0
1653727294,G,MIC,3.0
1653727294,G,RSSI,72.0
1653727296,H,Temperature,21.756000518798828
1653727296,H,Humidity,35.8849983215332
1653727296,H,Pressure,102239.0
1653727296,H,Gas,1366.4520263671875
1653727296,H,Accelerometer,0.0
1653727296,H,Light,66.0
1653727296,H,IR,0.0
1653727296,H,MIC,3.0
1653727299,C,Temperature,22.45499992370605
1653727299,C,Humidity,35.465999603271484
1653727299,C,Pressure,102235.0
1653727299,C,Gas,568.7830200195312
1653727299,C,Accelerometer,0.0
1653727299,C,Light,3127.0
1653727299,C,MIC,1.0
1653727299,C,RSSI,63.0
1653727299,B,Temperature,21.4950008392334
1653727299,B,Humidity,38.87900161743164
1653727299,B,Pressure,102180.0
1653727299,B,Gas,1215.012939453125
1653727299,B,Accelerometer,0.0
1653727299,B,Light,26.0
1653727299,B,MIC,3.0
1653727299,B,RSSI,68.0
1653727299,H,Temperature,21.746000289916992
1653727299,H,Humidity,35.893001556396484
1653727299,H,Pressure,102239.0
1653727299,H,Gas,1373.6209716796875
1653727299,H,Accelerometer,0.0
1653727299,H,Light,66.0
1653727299,H,IR,0.0
1653727299,H,MIC,3.0
1653727301,D,Temperature,21.065000534057614
1653727301,D,Humidity,36.87300109863281
1653727301,D,Pressure,102244.0
1653727301,D,Gas,789.72900390625
1653727301,D,Accelerometer,0.0
1653727301,D,Light,354.0
1653727301,D,MIC,3.0
1653727301,D,RSSI,60.0
1653727302,H,Temperature,21.746000289916992
1653727302,H,Humidity,35.902000427246094
1653727302,H,Pressure,102237.0
1653727302,H,Gas,1373.1839599609375
1653727302,H,Accelerometer,0.0
1653727302,H,Light,68.0
1653727302,H,IR,0.0
1653727302,H,MIC,3.0
1653727302,F,Temperature,21.975000381469727
1653727302,F,Humidity,35.73699951171875
1653727302,F,Pressure,102258.0
1653727302,F,Gas,649.7139892578125
1653727302,F,Accelerometer,0.0
1653727302,F,Light,444.0
1653727302,F,MIC,3.0
1653727302,F,RSSI,81.0
1653727302,E,Temperature,20.48500061035156
1653727302,E,Humidity,37.99499893188477
1653727302,E,Pressure,102219.0
1653727302,E,Gas,868.8419799804688
1653727302,E,Accelerometer,0.0
1653727302,E,Light,756.0
1653727302,E,MIC,3.0
1653727302,E,RSSI,70.0
1653727304,A,Temperature,22.19499969482422
1653727304,A,Humidity,36.13000106811523
1653727304,A,Pressure,102210.0
1653727304,A,Gas,599.7490234375
1653727304,A,Accelerometer,0.0
1653727304,A,Light,88.0
1653727304,A,MIC,3.0
1653727304,A,RSSI,85.0
1653727304,G,Temperature,21.9950008392334
1653727304,G,Humidity,36.99399948120117
1653727304,G,Pressure,102239.0
1653727304,G,Gas,558.4719848632811
1653727304,G,Accelerometer,0.0
1653727304,G,Light,347.0
1653727304,G,MIC,3.0
1653727304,G,RSSI,70.0
1653727305,H,Temperature,21.746000289916992
1653727305,H,Humidity,35.89400100708008
1653727305,H,Pressure,102237.0
1653727305,H,Gas,1374.2569580078125
1653727305,H,Accelerometer,0.0
1653727305,H,Light,69.0
1653727305,H,IR,0.0
1653727305,H,MIC,3.0
1653727308,H,Temperature,21.746000289916992
1653727308,H,Humidity,35.90399932861328
1653727308,H,Pressure,102237.0
1653727308,H,Gas,1369.60205078125
1653727308,H,Accelerometer,0.0
1653727308,H,Light,70.0
1653727308,H,IR,0.0
1653727308,H,MIC,3.0
1653727308,B,Temperature,21.4950008392334
1653727308,B,Humidity,38.87200164794922
1653727308,B,Pressure,102182.0
1653727308,B,Gas,1200.0679931640625
1653727308,B,Accelerometer,0.0
1653727308,B,Light,28.0
1653727308,B,MIC,3.0
1653727308,B,RSSI,68.0
1653727310,C,Temperature,22.46500015258789
1653727310,C,Humidity,35.446998596191406
1653727310,C,Pressure,102235.0
1653727310,C,Gas,569.3679809570312
1653727310,C,Accelerometer,0.0
1653727310,C,Light,3274.0
1653727310,C,MIC,1.0
1653727310,C,RSSI,63.0
1653727311,H,Temperature,21.746000289916992
1653727311,H,Humidity,35.891998291015625
1653727311,H,Pressure,102235.0
1653727311,H,Gas,1370.47705078125
1653727311,H,Accelerometer,0.0
1653727311,H,Light,71.0
1653727311,H,IR,0.0
1653727311,H,MIC,3.0
1653727311,D,Temperature,21.065000534057614
1653727311,D,Humidity,36.874000549316406
1653727311,D,Pressure,102242.0
1653727311,D,Gas,795.6079711914062
1653727311,D,Accelerometer,0.0
1653727311,D,Light,354.0
1653727311,D,MIC,3.0
1653727311,D,RSSI,60.0
1653727312,F,Temperature,21.975000381469727
1653727312,F,Humidity,35.762001037597656
1653727312,F,Pressure,102258.0
1653727312,F,Gas,651.5889892578125
1653727312,F,Accelerometer,0.0
1653727312,F,Light,448.0
1653727312,F,MIC,3.0
1653727312,F,RSSI,81.0
1653727312,E,Temperature,20.48500061035156
1653727312,E,Humidity,38.01800155639648
1653727312,E,Pressure,102221.0
1653727312,E,Gas,864.89501953125
1653727312,E,Accelerometer,0.0
1653727312,E,Light,757.0
1653727312,E,MIC,3.0
1653727312,E,RSSI,74.0
1653727314,G,Temperature,21.9950008392334
1653727314,G,Humidity,37.01300048828125
1653727314,G,Pressure,102237.0
1653727314,G,Gas,551.906982421875
1653727314,G,Accelerometer,0.0
1653727314,G,Light,351.0
1653727314,G,MIC,3.0
1653727314,G,RSSI,70.0
1653727314,A,Temperature,22.19499969482422
1653727314,A,Humidity,36.141998291015625
1653727314,A,Pressure,102210.0
1653727314,A,Gas,599.4429931640625
1653727314,A,Accelerometer,0.0
1653727314,A,Light,89.0
1653727314,A,MIC,3.0
1653727314,A,RSSI,85.0
1653727314,H,Temperature,21.746000289916992
1653727314,H,Humidity,35.895999908447266
1653727314,H,Pressure,102237.0
1653727314,H,Gas,1373.748046875
1653727314,H,Accelerometer,0.0
1653727314,H,Light,72.0
1653727314,H,IR,0.0
1653727314,H,MIC,3.0
1653727317,H,Temperature,21.746000289916992
1653727317,H,Humidity,35.88999938964844
1653727317,H,Pressure,102239.0
1653727317,H,Gas,1366.64599609375
1653727317,H,Accelerometer,0.0
1653727317,H,Light,72.0
1653727317,H,IR,0.0
1653727317,H,MIC,3.0
1653727318,B,Temperature,21.4950008392334
1653727318,B,Humidity,38.90299987792969
1653727318,B,Pressure,102182.0
1653727318,B,Gas,1200.18896484375
1653727318,B,Accelerometer,0.0
1653727318,B,Light,29.0
1653727318,B,MIC,3.0
1653727318,B,RSSI,68.0
1653727319,C,Temperature,22.46500015258789
1653727319,C,Humidity,35.43199920654297
1653727319,C,Pressure,102237.0
1653727319,C,Gas,569.6749877929688
1653727319,C,Accelerometer,0.0
1653727319,C,Light,3426.0
1653727319,C,MIC,1.0
1653727319,C,RSSI,63.0
1653727320,H,Temperature,21.746000289916992
1653727320,H,Humidity,35.904998779296875
1653727320,H,Pressure,102237.0
1653727320,H,Gas,1361.6920166015625
1653727320,H,Accelerometer,0.0
1653727320,H,Light,73.0
1653727320,H,IR,0.0
1653727320,H,MIC,3.0
1653727322,D,Temperature,21.065000534057614
1653727322,D,Humidity,36.874000549316406
1653727322,D,Pressure,102244.0
1653727322,D,Gas,776.60498046875
1653727322,D,Accelerometer,0.0
1653727322,D,Light,359.0
1653727322,D,MIC,3.0
1653727322,D,RSSI,60.0
1653727322,E,Temperature,20.475000381469727
1653727322,E,Humidity,38.04100036621094
1653727322,E,Pressure,102217.0
1653727322,E,Gas,860.0789794921875
1653727322,E,Accelerometer,0.0
1653727322,E,Light,763.0
1653727322,E,MIC,3.0
1653727322,E,RSSI,74.0
1653727323,F,Temperature,21.975000381469727
1653727323,F,Humidity,35.757999420166016
1653727323,F,Pressure,102256.0
1653727323,F,Gas,654.3699951171875
1653727323,F,Accelerometer,0.0
1653727323,F,Light,453.0
1653727323,F,MIC,3.0
1653727323,F,RSSI,81.0
1653727323,H,Temperature,21.746000289916992
1653727323,H,Humidity,35.900001525878906
1653727323,H,Pressure,102239.0
1653727323,H,Gas,1365.008056640625
1653727323,H,Accelerometer,0.0
1653727323,H,Light,74.0
1653727323,H,IR,0.0
1653727323,H,MIC,3.0
1653727324,A,Temperature,22.19499969482422
1653727324,A,Humidity,36.15299987792969
1653727324,A,Pressure,102210.0
1653727324,A,Gas,600.6669921875
1653727324,A,Accelerometer,0.0
1653727324,A,Light,90.0
1653727324,A,MIC,3.0
1653727324,A,RSSI,85.0
1653727324,G,Temperature,22.0049991607666
1653727324,G,Humidity,37.0009994506836
1653727324,G,Pressure,102239.0
1653727324,G,Gas,554.2960205078125
1653727324,G,Accelerometer,0.0
1653727324,G,Light,358.0
1653727324,G,MIC,3.0
1653727324,G,RSSI,70.0
1653727326,H,Temperature,21.746000289916992
1653727326,H,Humidity,35.928001403808594
1653727326,H,Pressure,102239.0
1653727326,H,Gas,1369.8289794921875
1653727326,H,Accelerometer,0.0
1653727326,H,Light,77.0
1653727326,H,IR,0.0
1653727326,H,MIC,3.0
1653727329,C,Temperature,22.45499992370605
1653727329,C,Humidity,35.433998107910156
1653727329,C,Pressure,102235.0
1653727329,C,Gas,566.06201171875
1653727329,C,Accelerometer,0.0
1653727329,C,Light,3633.0
1653727329,C,MIC,1.0
1653727329,C,RSSI,63.0
1653727329,B,Temperature,21.4950008392334
1653727329,B,Humidity,38.88000106811523
1653727329,B,Pressure,102182.0
1653727329,B,Gas,1190.68505859375
1653727329,B,Accelerometer,0.0
1653727329,B,Light,34.0
1653727329,B,MIC,3.0
1653727329,B,RSSI,65.0
1653727329,H,Temperature,21.746000289916992
1653727329,H,Humidity,35.94499969482422
1653727329,H,Pressure,102237.0
1653727329,H,Gas,1362.3060302734375
1653727329,H,Accelerometer,0.0
1653727329,H,Light,81.0
1653727329,H,IR,0.0
1653727329,H,MIC,3.0
1653727332,D,Temperature,21.065000534057614
1653727332,D,Humidity,36.882999420166016
1653727332,D,Pressure,102244.0
1653727332,D,Gas,783.2579956054688
1653727332,D,Accelerometer,0.0
1653727332,D,Light,371.0
1653727332,D,MIC,3.0
1653727332,D,RSSI,60.0
1653727332,H,Temperature,21.73600006103516
1653727332,H,Humidity,35.972999572753906
1653727332,H,Pressure,102237.0
1653727332,H,Gas,1361.137939453125
1653727332,H,Accelerometer,0.0
1653727332,H,Light,88.0
1653727332,H,IR,0.0
1653727332,H,MIC,3.0
1653727332,F,Temperature,21.975000381469727
1653727332,F,Humidity,35.76100158691406
1653727332,F,Pressure,102258.0
1653727332,F,Gas,654.6290283203125
1653727332,F,Accelerometer,0.0
1653727332,F,Light,458.0
1653727332,F,MIC,3.0
1653727332,F,RSSI,81.0
1653727332,E,Temperature,20.48500061035156
1653727332,E,Humidity,38.00899887084961
1653727332,E,Pressure,102221.0
1653727332,E,Gas,850.3809814453125
1653727332,E,Accelerometer,0.0
1653727332,E,Light,784.0
1653727332,E,MIC,3.0
1653727332,E,RSSI,74.0
1653727334,A,Temperature,22.19499969482422
1653727334,A,Humidity,36.150001525878906
1653727334,A,Pressure,102210.0
1653727334,A,Gas,599.8499755859375
1653727334,A,Accelerometer,0.0
1653727334,A,Light,94.0
1653727334,A,MIC,3.0
1653727334,A,RSSI,85.0
1653727335,G,Temperature,21.9950008392334
1653727335,G,Humidity,37.0
1653727335,G,Pressure,102237.0
1653727335,G,Gas,556.6119995117189
1653727335,G,Accelerometer,0.0
1653727335,G,Light,387.0
1653727335,G,MIC,3.0
1653727335,G,RSSI,70.0
1653727335,H,Temperature,21.72599983215332
1653727335,H,Humidity,35.97800064086914
1653727335,H,Pressure,102237.0
1653727335,H,Gas,1356.4000244140625
1653727335,H,Accelerometer,0.0
1653727335,H,Light,109.0
1653727335,H,IR,0.0
1653727335,H,MIC,3.0
1653727339,H,Temperature,21.73600006103516
1653727339,H,Humidity,35.93899917602539
1653727339,H,Pressure,102237.0
1653727339,H,Gas,1350.405029296875
1653727339,H,Accelerometer,0.0
1653727339,H,Light,97.0
1653727339,H,IR,0.0
1653727339,H,MIC,3.0
1653727340,B,Temperature,21.5049991607666
1653727340,B,Humidity,38.87300109863281
1653727340,B,Pressure,102182.0
1653727340,B,Gas,1197.571044921875
1653727340,B,Accelerometer,0.0
1653727340,B,Light,45.0
1653727340,B,MIC,3.0
1653727340,B,RSSI,65.0
1653727341,C,Temperature,22.45499992370605
1653727341,C,Humidity,35.444000244140625
1653727341,C,Pressure,102235.0
1653727341,C,Gas,562.8930053710939
1653727341,C,Accelerometer,0.0
1653727341,C,Light,3797.0
1653727341,C,MIC,1.0
1653727341,C,RSSI,66.0
1653727342,H,Temperature,21.72599983215332
1653727342,H,Humidity,35.970001220703125
1653727342,H,Pressure,102237.0
1653727342,H,Gas,1346.2919921875
1653727342,H,Accelerometer,0.0
1653727342,H,Light,99.0
1653727342,H,IR,0.0
1653727342,H,MIC,3.0
1653727342,D,Temperature,21.05500030517578
1653727342,D,Humidity,36.90900039672852
1653727342,D,Pressure,102244.0
1653727342,D,Gas,796.9310302734375
1653727342,D,Accelerometer,0.0
1653727342,D,Light,377.0
1653727342,D,MIC,3.0
1653727342,D,RSSI,60.0
1653727342,F,Temperature,21.975000381469727
1653727342,F,Humidity,35.74499893188477
1653727342,F,Pressure,102254.0
1653727342,F,Gas,653.3579711914062
1653727342,F,Accelerometer,0.0
1653727342,F,Light,480.0
1653727342,F,MIC,3.0
1653727342,F,RSSI,78.0
1653727343,E,Temperature,20.48500061035156
1653727343,E,Humidity,38.012001037597656
1653727343,E,Pressure,102219.0
1653727343,E,Gas,841.0150146484375
1653727343,E,Accelerometer,0.0
1653727343,E,Light,787.0
1653727343,E,MIC,3.0
1653727343,E,RSSI,74.0
1653727344,A,Temperature,22.19499969482422
1653727344,A,Humidity,36.16600036621094
1653727344,A,Pressure,102208.0
1653727344,A,Gas,601.3270263671875
1653727344,A,Accelerometer,0.0
1653727344,A,Light,95.0
1653727344,A,MIC,3.0
1653727344,A,RSSI,85.0
1653727346,G,Temperature,22.0049991607666
1653727346,G,Humidity,37.00400161743164
1653727346,G,Pressure,102239.0
1653727346,G,Gas,556.8839721679689
1653727346,G,Accelerometer,0.0
1653727346,G,Light,379.0
1653727346,G,MIC,3.0
1653727346,G,RSSI,70.0
1653727346,H,Temperature,21.72599983215332
1653727346,H,Humidity,35.95399856567383
1653727346,H,Pressure,102235.0
1653727346,H,Gas,1344.85302734375
1653727346,H,Accelerometer,0.0
1653727346,H,Light,103.0
1653727346,H,IR,0.0
1653727346,H,MIC,3.0
1653727348,H,Temperature,21.73600006103516
1653727348,H,Humidity,35.9640007019043
1653727348,H,Pressure,102239.0
1653727348,H,Gas,1353.0179443359375
1653727348,H,Accelerometer,0.0
1653727348,H,Light,113.0
1653727348,H,IR,0.0
1653727348,H,MIC,3.0
1653727348,B,Temperature,21.4950008392334
1653727348,B,Humidity,38.887001037597656
1653727348,B,Pressure,102184.0
1653727348,B,Gas,1191.1109619140625
1653727348,B,Accelerometer,0.0
1653727348,B,Light,50.0
1653727348,B,MIC,3.0
1653727348,B,RSSI,65.0
1653727349,C,Temperature,22.475000381469727
1653727349,C,Humidity,35.43199920654297
1653727349,C,Pressure,102235.0
1653727349,C,Gas,563.64599609375
1653727349,C,Accelerometer,0.0
1653727349,C,Light,3907.0
1653727349,C,MIC,1.0
1653727349,C,RSSI,66.0
1653727350,H,Temperature,21.73600006103516
1653727350,H,Humidity,35.94599914550781
1653727350,H,Pressure,102237.0
1653727350,H,Gas,1349.27099609375
1653727350,H,Accelerometer,0.0
1653727350,H,Light,119.0
1653727350,H,IR,0.0
1653727350,H,MIC,3.0
1653727352,D,Temperature,21.065000534057614
1653727352,D,Humidity,36.89300155639648
1653727352,D,Pressure,102244.0
1653727352,D,Gas,790.43798828125
1653727352,D,Accelerometer,0.0
1653727352,D,Light,377.0
1653727352,D,MIC,3.0
1653727352,D,RSSI,60.0
1653727352,E,Temperature,20.48500061035156
1653727352,E,Humidity,37.99700164794922
1653727352,E,Pressure,102219.0
1653727352,E,Gas,838.0700073242188
1653727352,E,Accelerometer,0.0
1653727352,E,Light,789.0
1653727352,E,MIC,3.0
1653727352,E,RSSI,74.0
1653727353,F,Temperature,21.98500061035156
1653727353,F,Humidity,35.7140007019043
1653727353,F,Pressure,102258.0
1653727353,F,Gas,648.5850219726562
1653727353,F,Accelerometer,0.0
1653727353,F,Light,480.0
1653727353,F,MIC,3.0
1653727353,F,RSSI,78.0
1653727353,H,Temperature,21.746000289916992
1653727353,H,Humidity,35.935001373291016
1653727353,H,Pressure,102239.0
1653727353,H,Gas,1349.220947265625
1653727353,H,Accelerometer,0.0
1653727353,H,Light,150.0
1653727353,H,IR,0.0
1653727353,H,MIC,3.0
1653727354,G,Temperature,22.01499938964844
1653727354,G,Humidity,36.979000091552734
1653727354,G,Pressure,102239.0
1653727354,G,Gas,556.8690185546875
1653727354,G,Accelerometer,0.0
1653727354,G,Light,450.0
1653727354,G,MIC,3.0
1653727354,G,RSSI,72.0
1653727357,H,Temperature,21.746000289916992
1653727357,H,Humidity,35.946998596191406
1653727357,H,Pressure,102239.0
1653727357,H,Gas,1338.2879638671875
1653727357,H,Accelerometer,0.0
1653727357,H,Light,176.0
1653727357,H,IR,0.0
1653727357,H,MIC,3.0
1653727358,A,Temperature,22.19499969482422
1653727358,A,Humidity,36.17599868774414
1653727358,A,Pressure,102212.0
1653727358,A,Gas,602.4249877929688
1653727358,A,Accelerometer,0.0
1653727358,A,Light,103.0
1653727358,A,MIC,3.0
1653727358,A,RSSI,84.0
1653727359,B,Temperature,21.5049991607666
1653727359,B,Humidity,38.85300064086914
1653727359,B,Pressure,102184.0
1653727359,B,Gas,1194.6590576171875
1653727359,B,Accelerometer,0.0
1653727359,B,Light,91.0
1653727359,B,MIC,3.0
1653727359,B,RSSI,65.0
1653727359,C,Temperature,22.475000381469727
1653727359,C,Humidity,35.452999114990234
1653727359,C,Pressure,102235.0
1653727359,C,Gas,564.0399780273438
1653727359,C,Accelerometer,0.0
1653727359,C,Light,4079.0
1653727359,C,MIC,1.0
1653727359,C,RSSI,66.0
1653727361,H,Temperature,21.73600006103516
1653727361,H,Humidity,35.96799850463867
1653727361,H,Pressure,102235.0
1653727361,H,Gas,1342.927001953125
1653727361,H,Accelerometer,0.0
1653727361,H,Light,187.0
1653727361,H,IR,0.0
1653727361,H,MIC,3.0
1653727362,D,Temperature,21.065000534057614
1653727362,D,Humidity,36.87099838256836
1653727362,D,Pressure,102244.0
1653727362,D,Gas,770.3610229492188
1653727362,D,Accelerometer,0.0
1653727362,D,Light,427.0
1653727362,D,MIC,3.0
1653727362,D,RSSI,66.0
1653727362,F,Temperature,21.9950008392334
1653727362,F,Humidity,35.7130012512207
1653727362,F,Pressure,102256.0
1653727362,F,Gas,645.1810302734375
1653727362,F,Accelerometer,0.0
1653727362,F,Light,524.0
1653727362,F,MIC,3.0
1653727362,F,RSSI,78.0
1653727363,E,Temperature,20.4950008392334
1653727363,E,Humidity,38.01499938964844
1653727363,E,Pressure,102221.0
1653727363,E,Gas,832.6290283203125
1653727363,E,Accelerometer,0.0
1653727363,E,Light,891.0
1653727363,E,MIC,3.0
1653727363,E,RSSI,77.0
1653727363,H,Temperature,21.746000289916992
1653727363,H,Humidity,35.94200134277344
1653727363,H,Pressure,102239.0
1653727363,H,Gas,1339.27294921875
1653727363,H,Accelerometer,0.0
1653727363,H,Light,170.0
1653727363,H,IR,0.0
1653727363,H,MIC,3.0
1653727364,A,Temperature,22.19499969482422
1653727364,A,Humidity,36.18199920654297
1653727364,A,Pressure,102210.0
1653727364,A,Gas,603.4569702148438
1653727364,A,Accelerometer,0.0
1653727364,A,Light,112.0
1653727364,A,MIC,3.0
1653727364,A,RSSI,84.0
1653727365,G,Temperature,22.0049991607666
1653727365,G,Humidity,37.01100158691406
1653727365,G,Pressure,102241.0
1653727365,G,Gas,558.3590087890625
1653727365,G,Accelerometer,0.0
1653727365,G,Light,469.0
1653727365,G,MIC,3.0
1653727365,G,RSSI,72.0
1653727367,H,Temperature,21.746000289916992
1653727367,H,Humidity,35.95100021362305
1653727367,H,Pressure,102239.0
1653727367,H,Gas,1342.0579833984375
1653727367,H,Accelerometer,0.0
1653727367,H,Light,149.0
1653727367,H,IR,0.0
1653727367,H,MIC,3.0
1653727369,C,Temperature,22.48500061035156
1653727369,C,Humidity,35.45800018310547
1653727369,C,Pressure,102237.0
1653727369,C,Gas,559.8090209960939
1653727369,C,Accelerometer,0.0
1653727369,C,Light,4169.0
1653727369,C,MIC,1.0
1653727369,C,RSSI,66.0
1653727369,B,Temperature,21.4950008392334
1653727369,B,Humidity,38.887001037597656
1653727369,B,Pressure,102186.0
1653727369,B,Gas,1184.833984375
1653727369,B,Accelerometer,0.0
1653727369,B,Light,65.0
1653727369,B,MIC,3.0
1653727369,B,RSSI,65.0
1653727369,H,Temperature,21.73600006103516
1653727369,H,Humidity,35.97200012207031
1653727369,H,Pressure,102239.0
1653727369,H,Gas,1349.3759765625
1653727369,H,Accelerometer,0.0
1653727369,H,Light,148.0
1653727369,H,IR,0.0
1653727369,H,MIC,3.0
1653727372,D,Temperature,21.05500030517578
1653727372,D,Humidity,36.90299987792969
1653727372,D,Pressure,102246.0
1653727372,D,Gas,768.8109741210938
1653727372,D,Accelerometer,0.0
1653727372,D,Light,422.0
1653727372,D,MIC,3.0
1653727372,D,RSSI,66.0
1653727372,H,Temperature,21.73600006103516
1653727372,H,Humidity,35.96200180053711
1653727372,H,Pressure,102239.0
1653727372,H,Gas,1346.3480224609375
1653727372,H,Accelerometer,0.0
1653727372,H,Light,148.0
1653727372,H,IR,0.0
1653727372,H,MIC,3.0
1653727372,F,Temperature,21.98500061035156
1653727372,F,Humidity,35.70399856567383
1653727372,F,Pressure,102256.0
1653727372,F,Gas,639.885009765625
1653727372,F,Accelerometer,0.0
1653727372,F,Light,530.0
1653727372,F,MIC,3.0
1653727372,F,RSSI,78.0
1653727373,E,Temperature,20.4950008392334
1653727373,E,Humidity,38.025001525878906
1653727373,E,Pressure,102219.0
1653727373,E,Gas,833.4819946289062
1653727373,E,Accelerometer,0.0
1653727373,E,Light,874.0
1653727373,E,MIC,3.0
1653727373,E,RSSI,77.0
1653727374,G,Temperature,22.0049991607666
1653727374,G,Humidity,37.0
1653727374,G,Pressure,102241.0
1653727374,G,Gas,554.6010131835939
1653727374,G,Accelerometer,0.0
1653727374,G,Light,491.0
1653727374,G,MIC,3.0
1653727374,G,RSSI,72.0
1653727374,A,Temperature,22.19499969482422
1653727374,A,Humidity,36.17599868774414
1653727374,A,Pressure,102208.0
1653727374,A,Gas,605.469970703125
1653727374,A,Accelerometer,0.0
1653727374,A,Light,113.0
1653727374,A,MIC,3.0
1653727374,A,RSSI,84.0
1653727375,H,Temperature,21.73600006103516
1653727375,H,Humidity,35.948001861572266
1653727375,H,Pressure,102239.0
1653727375,H,Gas,1336.18994140625
1653727375,H,Accelerometer,0.0
1653727375,H,Light,125.0
1653727375,H,IR,0.0
1653727375,H,MIC,3.0
1653727378,H,Temperature,21.73600006103516
1653727378,H,Humidity,35.946998596191406
1653727378,H,Pressure,102235.0
1653727378,H,Gas,1329.1820068359375
1653727378,H,Accelerometer,0.0
1653727378,H,Light,139.0
1653727378,H,IR,0.0
1653727378,H,MIC,3.0
1653727378,B,Temperature,21.4950008392334
1653727378,B,Humidity,38.882999420166016
1653727378,B,Pressure,102180.0
1653727378,B,Gas,1176.5250244140625
1653727378,B,Accelerometer,0.0
1653727378,B,Light,65.0
1653727378,B,MIC,3.0
1653727378,B,RSSI,68.0
1653727380,C,Temperature,22.48500061035156
1653727380,C,Humidity,35.441001892089844
1653727380,C,Pressure,102233.0
1653727380,C,Gas,564.5889892578125
1653727380,C,Accelerometer,0.0
1653727380,C,Light,4236.0
1653727380,C,MIC,1.0
1653727380,C,RSSI,66.0
1653727381,H,Temperature,21.746000289916992
1653727381,H,Humidity,35.917999267578125
1653727381,H,Pressure,102237.0
1653727381,H,Gas,1324.2939453125
1653727381,H,Accelerometer,0.0
1653727381,H,Light,136.0
1653727381,H,IR,0.0
1653727381,H,MIC,3.0
1653727382,D,Temperature,21.065000534057614
1653727382,D,Humidity,36.8650016784668
1653727382,D,Pressure,102244.0
1653727382,D,Gas,763.0819702148438
1653727382,D,Accelerometer,0.0
1653727382,D,Light,440.0
1653727382,D,MIC,3.0
1653727382,D,RSSI,66.0
1653727382,E,Temperature,20.4950008392334
1653727382,E,Humidity,38.00400161743164
1653727382,E,Pressure,102215.0
1653727382,E,Gas,837.2509765625
1653727382,E,Accelerometer,0.0
1653727382,E,Light,916.0
1653727382,E,MIC,3.0
1653727382,E,RSSI,77.0
1653727383,F,Temperature,21.98500061035156
1653727383,F,Humidity,35.74499893188477
1653727383,F,Pressure,102254.0
1653727383,F,Gas,644.14501953125
1653727383,F,Accelerometer,0.0
1653727383,F,Light,531.0
1653727383,F,MIC,3.0
1653727383,F,RSSI,78.0
1653727384,A,Temperature,22.184999465942386
1653727384,A,Humidity,36.150001525878906
1653727384,A,Pressure,102206.0
1653727384,A,Gas,607.0020141601562
1653727384,A,Accelerometer,0.0
1653727384,A,Light,122.0
1653727384,A,MIC,3.0
1653727384,A,RSSI,84.0
1653727384,G,Temperature,22.0049991607666
1653727384,G,Humidity,37.00400161743164
1653727384,G,Pressure,102237.0
1653727384,G,Gas,550.4429931640625
1653727384,G,Accelerometer,0.0
1653727384,G,Light,596.0
1653727384,G,MIC,3.0
1653727384,G,RSSI,72.0
1653727385,H,Temperature,21.73600006103516
1653727385,H,Humidity,35.944000244140625
1653727385,H,Pressure,102235.0
1653727385,H,Gas,1326.3809814453125
1653727385,H,Accelerometer,0.0
1653727385,H,Light,134.0
1653727385,H,IR,0.0
1653727385,H,MIC,3.0
1653727387,H,Temperature,21.73600006103516
1653727387,H,Humidity,35.9370002746582
1653727387,H,Pressure,102233.0
1653727387,H,Gas,1330.5389404296875
1653727387,H,Accelerometer,0.0
1653727387,H,Light,155.0
1653727387,H,IR,0.0
1653727387,H,MIC,3.0
1653727389,B,Temperature,21.4950008392334
1653727389,B,Humidity,38.861000061035156
1653727389,B,Pressure,102180.0
1653727389,B,Gas,1176.1600341796875
1653727389,B,Accelerometer,0.0
1653727389,B,Light,96.0
1653727389,B,MIC,3.0
1653727389,B,RSSI,68.0
1653727389,C,Temperature,22.48500061035156
1653727389,C,Humidity,35.43299865722656
1653727389,C,Pressure,102235.0
1653727389,C,Gas,565.10302734375
1653727389,C,Accelerometer,0.0
1653727389,C,Light,4320.0
1653727389,C,MIC,1.0
1653727389,C,RSSI,66.0
1653727391,H,Temperature,21.73600006103516
1653727391,H,Humidity,35.92399978637695
1653727391,H,Pressure,102235.0
1653727391,H,Gas,1323.9959716796875
1653727391,H,Accelerometer,0.0
1653727391,H,Light,207.0
1653727391,H,IR,0.0
1653727391,H,MIC,3.0
1653727392,D,Temperature,21.065000534057614
1653727392,D,Humidity,36.87900161743164
1653727392,D,Pressure,102242.0
1653727392,D,Gas,748.2239990234375
1653727392,D,Accelerometer,0.0
1653727392,D,Light,494.0
1653727392,D,MIC,3.0
1653727392,D,RSSI,66.0
1653727393,E,Temperature,20.5049991607666
1653727393,E,Humidity,38.02000045776367
1653727393,E,Pressure,102217.0
1653727393,E,Gas,828.8150024414062
1653727393,E,Accelerometer,0.0
1653727393,E,Light,1005.0
1653727393,E,MIC,3.0
1653727393,E,RSSI,77.0
1653727394,A,Temperature,22.19499969482422
1653727394,A,Humidity,36.111000061035156
1653727394,A,Pressure,102208.0
1653727394,A,Gas,603.2689819335938
1653727394,A,Accelerometer,0.0
1653727394,A,Light,140.0
1653727394,A,MIC,3.0
1653727394,A,RSSI,84.0
1653727395,F,Temperature,21.975000381469727
1653727395,F,Humidity,35.72800064086914
1653727395,F,Pressure,102256.0
1653727395,F,Gas,640.0889892578125
1653727395,F,Accelerometer,0.0
1653727395,F,Light,560.0
1653727395,F,MIC,3.0
1653727395,F,RSSI,78.0
1653727395,H,Temperature,21.72599983215332
1653727395,H,Humidity,35.93899917602539
1653727395,H,Pressure,102237.0
1653727395,H,Gas,1320.9730224609375
1653727395,H,Accelerometer,0.0
1653727395,H,Light,214.0
1653727395,H,IR,0.0
1653727395,H,MIC,3.0
1653727396,G,Temperature,22.0049991607666
1653727396,G,Humidity,36.99599838256836
1653727396,G,Pressure,102235.0
1653727396,G,Gas,553.02001953125
1653727396,G,Accelerometer,0.0
1653727396,G,Light,684.0
1653727396,G,MIC,3.0
1653727396,G,RSSI,72.0
1653727397,H,Temperature,21.72599983215332
1653727397,H,Humidity,35.94599914550781
1653727397,H,Pressure,102235.0
1653727397,H,Gas,1326.9849853515625
1653727397,H,Accelerometer,0.0
1653727397,H,Light,214.0
1653727397,H,IR,0.0
1653727397,H,MIC,3.0
1653727402,D,Temperature,21.065000534057614
1653727402,D,Humidity,36.8759994506836
1653727402,D,Pressure,102242.0
1653727402,D,Gas,752.1929931640625
1653727402,D,Accelerometer,0.0
1653727402,D,Light,507.0
1653727402,D,MIC,3.0
1653727402,D,RSSI,66.0
1653727402,B,Temperature,21.4950008392334
1653727402,B,Humidity,38.87099838256836
1653727402,B,Pressure,102180.0
1653727402,B,Gas,1174.0899658203125
1653727402,B,Accelerometer,0.0
1653727402,B,Light,107.0
1653727402,B,MIC,3.0
1653727402,B,RSSI,68.0
1653727402,H,Temperature,21.73600006103516
1653727402,H,Humidity,35.93299865722656
1653727402,H,Pressure,102237.0
1653727402,H,Gas,1333.7049560546875
1653727402,H,Accelerometer,0.0
1653727402,H,Light,214.0
1653727402,H,IR,0.0
1653727402,H,MIC,3.0
1653727402,C,Temperature,22.48500061035156
1653727402,C,Humidity,35.393001556396484
1653727402,C,Pressure,102233.0
1653727402,C,Gas,562.4019775390625
1653727402,C,Accelerometer,0.0
1653727402,C,Light,4347.0
1653727402,C,MIC,1.0
1653727402,C,RSSI,66.0
1653727403,E,Temperature,20.4950008392334
1653727403,E,Humidity,38.04399871826172
1653727403,E,Pressure,102217.0
1653727403,E,Gas,832.833984375
1653727403,E,Accelerometer,0.0
1653727403,E,Light,1022.0
1653727403,E,MIC,3.0
1653727403,E,RSSI,77.0
1653727404,H,Temperature,21.72599983215332
1653727404,H,Humidity,35.95000076293945
1653727404,H,Pressure,102235.0
1653727404,H,Gas,1327.6429443359375
1653727404,H,Accelerometer,0.0
1653727404,H,Light,214.0
1653727404,H,IR,0.0
1653727404,H,MIC,3.0
1653727404,F,Temperature,21.975000381469727
1653727404,F,Humidity,35.74700164794922
1653727404,F,Pressure,102256.0
1653727404,F,Gas,638.5479736328125
1653727404,F,Accelerometer,0.0
1653727404,F,Light,600.0
1653727404,F,MIC,3.0
1653727404,F,RSSI,78.0
1653727404,G,Temperature,22.0049991607666
1653727404,G,Humidity,36.99399948120117
1653727404,G,Pressure,102237.0
1653727404,G,Gas,551.3200073242189
1653727404,G,Accelerometer,0.0
1653727404,G,Light,690.0
1653727404,G,MIC,3.0
1653727404,G,RSSI,72.0
1653727405,H,Temperature,21.73600006103516
1653727405,H,Humidity,35.93600082397461
1653727405,H,Pressure,102237.0
1653727405,H,Gas,1321.991943359375
1653727405,H,Accelerometer,0.0
1653727405,H,Light,204.0
1653727405,H,IR,0.0
1653727405,H,MIC,3.0
1653727408,H,Temperature,21.73600006103516
1653727408,H,Humidity,35.9370002746582
1653727408,H,Pressure,102237.0
1653727408,H,Gas,1328.883056640625
1653727408,H,Accelerometer,0.0
1653727408,H,Light,168.0
1653727408,H,IR,0.0
1653727408,H,MIC,3.0
1653727408,A,Temperature,22.19499969482422
1653727408,A,Humidity,36.1150016784668
1653727408,A,Pressure,102206.0
1653727408,A,Gas,600.1119995117188
1653727408,A,Accelerometer,0.0
1653727408,A,Light,142.0
1653727408,A,MIC,3.0
1653727408,A,RSSI,83.0
1653727409,B,Temperature,21.5049991607666
1653727409,B,Humidity,38.85100173950195
1653727409,B,Pressure,102180.0
1653727409,B,Gas,1166.6939697265625
1653727409,B,Accelerometer,0.0
1653727409,B,Light,88.0
1653727409,B,MIC,3.0
1653727409,B,RSSI,68.0
1653727409,C,Temperature,22.48500061035156
1653727409,C,Humidity,35.37799835205078
1653727409,C,Pressure,102235.0
1653727409,C,Gas,562.0390014648439
1653727409,C,Accelerometer,0.0
1653727409,C,Light,4373.0
1653727409,C,MIC,1.0
1653727409,C,RSSI,66.0
1653727411,H,Temperature,21.73600006103516
1653727411,H,Humidity,35.944000244140625
1653727411,H,Pressure,102237.0
1653727411,H,Gas,1334.9339599609375
1653727411,H,Accelerometer,0.0
1653727411,H,Light,183.0
1653727411,H,IR,0.0
1653727411,H,MIC,3.0
1653727412,D,Temperature,21.05500030517578
1653727412,D,Humidity,36.89099884033203
1653727412,D,Pressure,102244.0
1653727412,D,Gas,756.4500122070312
1653727412,D,Accelerometer,0.0
1653727412,D,Light,510.0
1653727412,D,MIC,3.0
1653727412,D,RSSI,60.0
1653727413,E,Temperature,20.5049991607666
1653727413,E,Humidity,38.007999420166016
1653727413,E,Pressure,102219.0
1653727413,E,Gas,828.3389892578125
1653727413,E,Accelerometer,0.0
1653727413,E,Light,1029.0
1653727413,E,MIC,3.0
1653727413,E,RSSI,82.0
1653727413,F,Temperature,21.98500061035156
1653727413,F,Humidity,35.72100067138672
1653727413,F,Pressure,102254.0
1653727413,F,Gas,637.406982421875
1653727413,F,Accelerometer,0.0
1653727413,F,Light,597.0
1653727413,F,MIC,3.0
1653727413,F,RSSI,78.0
1653727414,A,Temperature,22.19499969482422
1653727414,A,Humidity,36.111000061035156
1653727414,A,Pressure,102206.0
1653727414,A,Gas,598.35400390625
1653727414,A,Accelerometer,0.0
1653727414,A,Light,140.0
1653727414,A,MIC,3.0
1653727414,A,RSSI,83.0
1653727414,G,Temperature,22.0049991607666
1653727414,G,Humidity,36.98899841308594
1653727414,G,Pressure,102237.0
1653727414,G,Gas,554.2429809570311
1653727414,G,Accelerometer,0.0
1653727414,G,Light,669.0
1653727414,G,MIC,3.0
1653727414,G,RSSI,72.0
1653727414,H,Temperature,21.746000289916992
1653727414,H,Humidity,35.9119987487793
1653727414,H,Pressure,102235.0
1653727414,H,Gas,1328.258056640625
1653727414,H,Accelerometer,0.0
1653727414,H,Light,205.0
1653727414,H,IR,0.0
1653727414,H,MIC,3.0
1653727417,H,Temperature,21.746000289916992
1653727417,H,Humidity,35.92100143432617
1653727417,H,Pressure,102237.0
1653727417,H,Gas,1333.052001953125
1653727417,H,Accelerometer,0.0
1653727417,H,Light,198.0
1653727417,H,IR,0.0
1653727417,H,MIC,3.0
1653727419,C,Temperature,22.475000381469727
1653727419,C,Humidity,35.4109992980957
1653727419,C,Pressure,102233.0
1653727419,C,Gas,561.0469970703125
1653727419,C,Accelerometer,0.0
1653727419,C,Light,4238.0
1653727419,C,MIC,1.0
1653727419,C,RSSI,66.0
1653727419,B,Temperature,21.5049991607666
1653727419,B,Humidity,38.84000015258789
1653727419,B,Pressure,102180.0
1653727419,B,Gas,1159.1219482421875
1653727419,B,Accelerometer,0.0
1653727419,B,Light,95.0
1653727419,B,MIC,3.0
1653727419,B,RSSI,68.0
1653727420,H,Temperature,21.756000518798828
1653727420,H,Humidity,35.91299819946289
1653727420,H,Pressure,102237.0
1653727420,H,Gas,1328.092041015625
1653727420,H,Accelerometer,0.0
1653727420,H,Light,184.0
1653727420,H,IR,0.0
1653727420,H,MIC,3.0
1653727422,D,Temperature,21.05500030517578
1653727422,D,Humidity,36.882999420166016
1653727422,D,Pressure,102244.0
1653727422,D,Gas,735.5650024414062
1653727422,D,Accelerometer,0.0
1653727422,D,Light,501.0
1653727422,D,MIC,3.0
1653727422,D,RSSI,60.0
1653727423,F,Temperature,21.975000381469727
1653727423,F,Humidity,35.750999450683594
1653727423,F,Pressure,102254.0
1653727423,F,Gas,636.4840087890625
1653727423,F,Accelerometer,0.0
1653727423,F,Light,607.0
1653727423,F,MIC,3.0
1653727423,F,RSSI,78.0
1653727423,E,Temperature,20.5049991607666
1653727423,E,Humidity,38.01599884033203
1653727423,E,Pressure,102217.0
1653727423,E,Gas,813.6699829101562
1653727423,E,Accelerometer,0.0
1653727423,E,Light,1007.0
1653727423,E,MIC,3.0
1653727423,E,RSSI,82.0
1653727423,H,Temperature,21.746000289916992
1653727423,H,Humidity,35.93099975585937
1653727423,H,Pressure,102237.0
1653727423,H,Gas,1320.6629638671875
1653727423,H,Accelerometer,0.0
1653727423,H,Light,194.0
1653727423,H,IR,0.0
1653727423,H,MIC,3.0
1653727424,A,Temperature,22.19499969482422
1653727424,A,Humidity,36.13800048828125
1653727424,A,Pressure,102208.0
1653727424,A,Gas,601.4959716796875
1653727424,A,Accelerometer,0.0
1653727424,A,Light,127.0
1653727424,A,MIC,3.0
1653727424,A,RSSI,83.0
1653727425,G,Temperature,22.0049991607666
1653727425,G,Humidity,36.98799896240234
1653727425,G,Pressure,102237.0
1653727425,G,Gas,548.6649780273439
1653727425,G,Accelerometer,0.0
1653727425,G,Light,551.0
1653727425,G,MIC,3.0
1653727425,G,RSSI,72.0
1653727427,H,Temperature,21.746000289916992
1653727427,H,Humidity,35.9379997253418
1653727427,H,Pressure,102237.0
1653727427,H,Gas,1314.136962890625
1653727427,H,Accelerometer,0.0
1653727427,H,Light,173.0
1653727427,H,IR,0.0
1653727427,H,MIC,3.0
1653727429,B,Temperature,21.5049991607666
1653727429,B,Humidity,38.84500122070313
1653727429,B,Pressure,102184.0
1653727429,B,Gas,1150.281982421875
1653727429,B,Accelerometer,0.0
1653727429,B,Light,81.0
1653727429,B,MIC,3.0
1653727429,B,RSSI,70.0
1653727429,C,Temperature,22.475000381469727
1653727429,C,Humidity,35.39400100708008
1653727429,C,Pressure,102235.0
1653727429,C,Gas,552.7349853515625
1653727429,C,Accelerometer,0.0
1653727429,C,Light,4016.0
1653727429,C,MIC,1.0
1653727429,C,RSSI,66.0
1653727430,H,Temperature,21.746000289916992
1653727430,H,Humidity,35.933998107910156
1653727430,H,Pressure,102235.0
1653727430,H,Gas,1324.488037109375
1653727430,H,Accelerometer,0.0
1653727430,H,Light,171.0
1653727430,H,IR,0.0
1653727430,H,MIC,3.0
1653727432,D,Temperature,21.05500030517578
1653727432,D,Humidity,36.89799880981445
1653727432,D,Pressure,102244.0
1653727432,D,Gas,731.9719848632812
1653727432,D,Accelerometer,0.0
1653727432,D,Light,436.0
1653727432,D,MIC,3.0
1653727432,D,RSSI,60.0
1653727433,E,Temperature,20.5049991607666
1653727433,E,Humidity,38.01499938964844
1653727433,E,Pressure,102219.0
1653727433,E,Gas,790.8200073242188
1653727433,E,Accelerometer,0.0
1653727433,E,Light,889.0
1653727433,E,MIC,3.0
1653727433,E,RSSI,82.0
1653727433,H,Temperature,21.756000518798828
1653727433,H,Humidity,35.91699981689453
1653727433,H,Pressure,102237.0
1653727433,H,Gas,1312.54296875
1653727433,H,Accelerometer,0.0
1653727433,H,Light,163.0
1653727433,H,IR,0.0
1653727433,H,MIC,3.0
1653727434,F,Temperature,21.98500061035156
1653727434,F,Humidity,35.71900177001953
1653727434,F,Pressure,102256.0
1653727434,F,Gas,634.552978515625
1653727434,F,Accelerometer,0.0
1653727434,F,Light,577.0
1653727434,F,MIC,3.0
1653727434,F,RSSI,78.0
1653727434,A,Temperature,22.19499969482422
1653727434,A,Humidity,36.16799926757813
1653727434,A,Pressure,102208.0
1653727434,A,Gas,600.5120239257812
1653727434,A,Accelerometer,0.0
1653727434,A,Light,115.0
1653727434,A,MIC,3.0
1653727434,A,RSSI,83.0
1653727435,G,Temperature,22.0049991607666
1653727435,G,Humidity,36.98699951171875
1653727435,G,Pressure,102237.0
1653727435,G,Gas,551.2449951171875
1653727435,G,Accelerometer,0.0
1653727435,G,Light,476.0
1653727435,G,MIC,3.0
1653727435,G,RSSI,72.0
1653727436,H,Temperature,21.756000518798828
1653727436,H,Humidity,35.92599868774414
1653727436,H,Pressure,102237.0
1653727436,H,Gas,1311.0260009765625
1653727436,H,Accelerometer,0.0
1653727436,H,Light,155.0
1653727436,H,IR,0.0
1653727436,H,MIC,3.0
1653727438,H,Temperature,21.756000518798828
1653727438,H,Humidity,35.92499923706055
1653727438,H,Pressure,102235.0
1653727438,H,Gas,1311.302978515625
1653727438,H,Accelerometer,0.0
1653727438,H,Light,170.0
1653727438,H,IR,0.0
1653727438,H,MIC,3.0
1653727439,C,Temperature,22.475000381469727
1653727439,C,Humidity,35.39799880981445
1653727439,C,Pressure,102235.0
1653727439,C,Gas,545.8309936523439
1653727439,C,Accelerometer,0.0
1653727439,C,Light,3865.0
1653727439,C,MIC,1.0
1653727439,C,RSSI,66.0
1653727439,B,Temperature,21.5049991607666
1653727439,B,Humidity,38.86399841308594
1653727439,B,Pressure,102182.0
1653727439,B,Gas,1146.1739501953125
1653727439,B,Accelerometer,0.0
1653727439,B,Light,80.0
1653727439,B,MIC,3.0
1653727439,B,RSSI,70.0
1653727441,H,Temperature,21.756000518798828
1653727441,H,Humidity,35.91600036621094
1653727441,H,Pressure,102237.0
1653727441,H,Gas,1316.8990478515625
1653727441,H,Accelerometer,0.0
1653727441,H,Light,150.0
1653727441,H,IR,0.0
1653727441,H,MIC,3.0
1653727442,D,Temperature,21.065000534057614
1653727442,D,Humidity,36.87300109863281
1653727442,D,Pressure,102244.0
1653727442,D,Gas,734.97802734375
1653727442,D,Accelerometer,0.0
1653727442,D,Light,418.0
1653727442,D,MIC,3.0
1653727442,D,RSSI,60.0
1653727443,E,Temperature,20.5049991607666
1653727443,E,Humidity,37.99700164794922
1653727443,E,Pressure,102219.0
1653727443,E,Gas,802.7490234375
1653727443,E,Accelerometer,0.0
1653727443,E,Light,861.0
1653727443,E,MIC,3.0
1653727443,E,RSSI,82.0
1653727443,F,Temperature,21.975000381469727
1653727443,F,Humidity,35.742000579833984
1653727443,F,Pressure,102256.0
1653727443,F,Gas,634.655029296875
1653727443,F,Accelerometer,0.0
1653727443,F,Light,582.0
1653727443,F,MIC,3.0
1653727443,F,RSSI,78.0
1653727444,A,Temperature,22.19499969482422
1653727444,A,Humidity,36.20100021362305
1653727444,A,Pressure,102210.0
1653727444,A,Gas,605.677978515625
1653727444,A,Accelerometer,0.0
1653727444,A,Light,110.0
1653727444,A,MIC,3.0
1653727444,A,RSSI,83.0
1653727444,G,Temperature,22.0049991607666
1653727444,G,Humidity,36.979000091552734
1653727444,G,Pressure,102239.0
1653727444,G,Gas,550.8809814453125
1653727444,G,Accelerometer,0.0
1653727444,G,Light,451.0
1653727444,G,MIC,3.0
1653727444,G,RSSI,72.0
1653727445,H,Temperature,21.756000518798828
1653727445,H,Humidity,35.92399978637695
1653727445,H,Pressure,102235.0
1653727445,H,Gas,1317.989990234375
1653727445,H,Accelerometer,0.0
1653727445,H,Light,94.0
1653727445,H,IR,0.0
1653727445,H,MIC,3.0
1653727448,H,Temperature,21.756000518798828
1653727448,H,Humidity,35.90999984741211
1653727448,H,Pressure,102237.0
1653727448,H,Gas,1316.073974609375
1653727448,H,Accelerometer,0.0
1653727448,H,Light,82.0
1653727448,H,IR,0.0
1653727448,H,MIC,3.0
1653727450,B,Temperature,21.5049991607666
1653727450,B,Humidity,38.8759994506836
1653727450,B,Pressure,102182.0
1653727450,B,Gas,1156.89697265625
1653727450,B,Accelerometer,0.0
1653727450,B,Light,33.0
1653727450,B,MIC,3.0
1653727450,B,RSSI,70.0
1653727450,C,Temperature,22.475000381469727
1653727450,C,Humidity,35.402000427246094
1653727450,C,Pressure,102235.0
1653727450,C,Gas,547.1259765625
1653727450,C,Accelerometer,0.0
1653727450,C,Light,3812.0
1653727450,C,MIC,1.0
1653727450,C,RSSI,66.0
1653727451,H,Temperature,21.756000518798828
1653727451,H,Humidity,35.9109992980957
1653727451,H,Pressure,102239.0
1653727451,H,Gas,1314.7349853515625
1653727451,H,Accelerometer,0.0
1653727451,H,Light,76.0
1653727451,H,IR,0.0
1653727451,H,MIC,3.0
1653727452,D,Temperature,21.05500030517578
1653727452,D,Humidity,36.891998291015625
1653727452,D,Pressure,102246.0
1653727452,D,Gas,727.3060302734375
1653727452,D,Accelerometer,0.0
1653727452,D,Light,403.0
1653727452,D,MIC,3.0
1653727452,D,RSSI,60.0
1653727453,F,Temperature,21.98500061035156
1653727453,F,Humidity,35.7239990234375
1653727453,F,Pressure,102258.0
1653727453,F,Gas,631.9180297851562
1653727453,F,Accelerometer,0.0
1653727453,F,Light,529.0
1653727453,F,MIC,3.0
1653727453,F,RSSI,78.0
1653727453,E,Temperature,20.4950008392334
1653727453,E,Humidity,38.04899978637695
1653727453,E,Pressure,102217.0
1653727453,E,Gas,791.656005859375
1653727453,E,Accelerometer,0.0
1653727453,E,Light,849.0
1653727453,E,MIC,3.0
1653727453,E,RSSI,82.0
1653727454,H,Temperature,21.756000518798828
1653727454,H,Humidity,35.904998779296875
1653727454,H,Pressure,102237.0
1653727454,H,Gas,1307.0350341796875
1653727454,H,Accelerometer,0.0
1653727454,H,Light,79.0
1653727454,H,IR,0.0
1653727454,H,MIC,3.0
1653727454,G,Temperature,22.0049991607666
1653727454,G,Humidity,37.00600051879883
1653727454,G,Pressure,102239.0
1653727454,G,Gas,549.739013671875
1653727454,G,Accelerometer,0.0
1653727454,G,Light,443.0
1653727454,G,MIC,3.0
1653727454,G,RSSI,72.0
1653727454,A,Temperature,22.19499969482422
1653727454,A,Humidity,36.23500061035156
1653727454,A,Pressure,102210.0
1653727454,A,Gas,611.2379760742188
1653727454,A,Accelerometer,0.0
1653727454,A,Light,105.0
1653727454,A,MIC,3.0
1653727454,A,RSSI,82.0
1653727457,H,Temperature,21.756000518798828
1653727457,H,Humidity,35.93899917602539
1653727457,H,Pressure,102237.0
1653727457,H,Gas,1301.56005859375
1653727457,H,Accelerometer,0.0
1653727457,H,Light,74.0
1653727457,H,IR,0.0
1653727457,H,MIC,3.0
1653727459,C,Temperature,22.48500061035156
1653727459,C,Humidity,35.41400146484375
1653727459,C,Pressure,102237.0
1653727459,C,Gas,548.135986328125
1653727459,C,Accelerometer,0.0
1653727459,C,Light,3802.0
1653727459,C,MIC,1.0
1653727459,C,RSSI,66.0
1653727459,B,Temperature,21.5049991607666
1653727459,B,Humidity,38.87099838256836
1653727459,B,Pressure,102186.0
1653727459,B,Gas,1142.177978515625
1653727459,B,Accelerometer,0.0
1653727459,B,Light,31.0
1653727459,B,MIC,3.0
1653727459,B,RSSI,70.0
1653727460,H,Temperature,21.756000518798828
1653727460,H,Humidity,35.952999114990234
1653727460,H,Pressure,102241.0
1653727460,H,Gas,1308.5179443359375
1653727460,H,Accelerometer,0.0
1653727460,H,Light,73.0
1653727460,H,IR,0.0
1653727460,H,MIC,3.0
1653727462,D,Temperature,21.065000534057614
1653727462,D,Humidity,36.88399887084961
1653727462,D,Pressure,102246.0
1653727462,D,Gas,722.77197265625
1653727462,D,Accelerometer,0.0
1653727462,D,Light,402.0
1653727462,D,MIC,3.0
1653727462,D,RSSI,60.0
1653727463,F,Temperature,21.98500061035156
1653727463,F,Humidity,35.72700119018555
1653727463,F,Pressure,102258.0
1653727463,F,Gas,632.1290283203125
1653727463,F,Accelerometer,0.0
1653727463,F,Light,541.0
1653727463,F,MIC,3.0
1653727463,F,RSSI,78.0
1653727463,E,Temperature,20.4950008392334
1653727463,E,Humidity,38.02399826049805
1653727463,E,Pressure,102219.0
1653727463,E,Gas,788.927001953125
1653727463,E,Accelerometer,0.0
1653727463,E,Light,846.0
1653727463,E,MIC,3.0
1653727463,E,RSSI,68.0
1653727463,H,Temperature,21.756000518798828
1653727463,H,Humidity,35.9640007019043
1653727463,H,Pressure,102241.0
1653727463,H,Gas,1317.237060546875
1653727463,H,Accelerometer,0.0
1653727463,H,Light,73.0
1653727463,H,IR,0.0
1653727463,H,MIC,3.0
1653727464,A,Temperature,22.19499969482422
1653727464,A,Humidity,36.22999954223633
1653727464,A,Pressure,102210.0
1653727464,A,Gas,609.2650146484375
1653727464,A,Accelerometer,0.0
1653727464,A,Light,104.0
1653727464,A,MIC,3.0
1653727464,A,RSSI,82.0
1653727464,G,Temperature,22.01499938964844
1653727464,G,Humidity,36.98899841308594
1653727464,G,Pressure,102241.0
1653727464,G,Gas,547.1370239257811
1653727464,G,Accelerometer,0.0
1653727464,G,Light,447.0
1653727464,G,MIC,3.0
1653727464,G,RSSI,72.0
1653727467,H,Temperature,21.756000518798828
1653727467,H,Humidity,35.95399856567383
1653727467,H,Pressure,102239.0
1653727467,H,Gas,1313.7550048828125
1653727467,H,Accelerometer,0.0
1653727467,H,Light,72.0
1653727467,H,IR,0.0
1653727467,H,MIC,3.0
1653727469,C,Temperature,22.4950008392334
1653727469,C,Humidity,35.38600158691406
1653727469,C,Pressure,102237.0
1653727469,C,Gas,555.781982421875
1653727469,C,Accelerometer,0.0
1653727469,C,Light,3801.0
1653727469,C,MIC,1.0
1653727469,C,RSSI,66.0
1653727469,B,Temperature,21.5049991607666
1653727469,B,Humidity,38.874000549316406
1653727469,B,Pressure,102184.0
1653727469,B,Gas,1132.407958984375
1653727469,B,Accelerometer,0.0
1653727469,B,Light,29.0
1653727469,B,MIC,3.0
1653727469,B,RSSI,70.0
1653727469,H,Temperature,21.746000289916992
1653727469,H,Humidity,35.948001861572266
1653727469,H,Pressure,102239.0
1653727469,H,Gas,1306.0770263671875
1653727469,H,Accelerometer,0.0
1653727469,H,Light,73.0
1653727469,H,IR,0.0
1653727469,H,MIC,3.0
1653727472,D,Temperature,21.05500030517578
1653727472,D,Humidity,36.91699981689453
1653727472,D,Pressure,102248.0
1653727472,D,Gas,723.447998046875
1653727472,D,Accelerometer,0.0
1653727472,D,Light,401.0
1653727472,D,MIC,3.0
1653727472,D,RSSI,60.0
1653727472,H,Temperature,21.73600006103516
1653727472,H,Humidity,35.939998626708984
1653727472,H,Pressure,102239.0
1653727472,H,Gas,1299.6390380859375
1653727472,H,Accelerometer,0.0
1653727472,H,Light,74.0
1653727472,H,IR,0.0
1653727472,H,MIC,3.0
1653727472,F,Temperature,21.98500061035156
1653727472,F,Humidity,35.74599838256836
1653727472,F,Pressure,102256.0
1653727472,F,Gas,629.3790283203125
1653727472,F,Accelerometer,0.0
1653727472,F,Light,556.0
1653727472,F,MIC,3.0
1653727472,F,RSSI,78.0
1653727473,E,Temperature,20.4950008392334
1653727473,E,Humidity,38.04600143432617
1653727473,E,Pressure,102219.0
1653727473,E,Gas,780.989013671875
1653727473,E,Accelerometer,0.0
1653727473,E,Light,846.0
1653727473,E,MIC,3.0
1653727473,E,RSSI,68.0
1653727475,A,Temperature,22.20499992370605
1653727475,A,Humidity,36.16699981689453
1653727475,A,Pressure,102210.0
1653727475,A,Gas,612.2540283203125
1653727475,A,Accelerometer,0.0
1653727475,A,Light,105.0
1653727475,A,MIC,3.0
1653727475,A,RSSI,82.0
1653727475,G,Temperature,22.01499938964844
1653727475,G,Humidity,36.98500061035156
1653727475,G,Pressure,102239.0
1653727475,G,Gas,544.6640014648439
1653727475,G,Accelerometer,0.0
1653727475,G,Light,455.0
1653727475,G,MIC,3.0
1653727475,G,RSSI,72.0
1653727476,H,Temperature,21.73600006103516
1653727476,H,Humidity,35.93899917602539
1653727476,H,Pressure,102239.0
1653727476,H,Gas,1304.7149658203125
1653727476,H,Accelerometer,0.0
1653727476,H,Light,75.0
1653727476,H,IR,0.0
1653727476,H,MIC,3.0
1653727478,H,Temperature,21.73600006103516
1653727478,H,Humidity,35.944000244140625
1653727478,H,Pressure,102237.0
1653727478,H,Gas,1308.2030029296875
1653727478,H,Accelerometer,0.0
1653727478,H,Light,77.0
1653727478,H,IR,0.0
1653727478,H,MIC,3.0
1653727479,C,Temperature,22.4950008392334
1653727479,C,Humidity,35.40599822998047
1653727479,C,Pressure,102235.0
1653727479,C,Gas,548.7559814453125
1653727479,C,Accelerometer,0.0
1653727479,C,Light,3776.0
1653727479,C,MIC,1.0
1653727479,C,RSSI,66.0
1653727479,B,Temperature,21.5049991607666
1653727479,B,Humidity,38.88199996948242
1653727479,B,Pressure,102182.0
1653727479,B,Gas,1134.7490234375
1653727479,B,Accelerometer,0.0
1653727479,B,Light,31.0
1653727479,B,MIC,3.0
1653727479,B,RSSI,68.0
1653727481,H,Temperature,21.73600006103516
1653727481,H,Humidity,35.92499923706055
1653727481,H,Pressure,102235.0
1653727481,H,Gas,1309.3599853515625
1653727481,H,Accelerometer,0.0
1653727481,H,Light,80.0
1653727481,H,IR,0.0
1653727481,H,MIC,3.0
1653727482,D,Temperature,21.05500030517578
1653727482,D,Humidity,36.9109992980957
1653727482,D,Pressure,102244.0
1653727482,D,Gas,714.2369995117188
1653727482,D,Accelerometer,0.0
1653727482,D,Light,402.0
1653727482,D,MIC,3.0
1653727482,D,RSSI,60.0
1653727483,F,Temperature,21.98500061035156
1653727483,F,Humidity,35.7239990234375
1653727483,F,Pressure,102256.0
1653727483,F,Gas,630.1890258789062
1653727483,F,Accelerometer,0.0
1653727483,F,Light,575.0
1653727483,F,MIC,3.0
1653727483,F,RSSI,78.0
1653727483,E,Temperature,20.4950008392334
1653727483,E,Humidity,38.04100036621094
1653727483,E,Pressure,102217.0
1653727483,E,Gas,774.0139770507812
1653727483,E,Accelerometer,0.0
1653727483,E,Light,856.0
1653727483,E,MIC,3.0
1653727483,E,RSSI,68.0
1653727485,G,Temperature,22.01499938964844
1653727485,G,Humidity,37.00199890136719
1653727485,G,Pressure,102239.0
1653727485,G,Gas,545.0159912109375
1653727485,G,Accelerometer,0.0
1653727485,G,Light,595.0
1653727485,G,MIC,3.0
1653727485,G,RSSI,72.0
1653727486,A,Temperature,22.19499969482422
1653727486,A,Humidity,36.18600082397461
1653727486,A,Pressure,102208.0
1653727486,A,Gas,609.1630249023438
1653727486,A,Accelerometer,0.0
1653727486,A,Light,120.0
1653727486,A,MIC,3.0
1653727486,A,RSSI,82.0
1653727486,H,Temperature,21.746000289916992
1653727486,H,Humidity,35.90999984741211
1653727486,H,Pressure,102237.0
1653727486,H,Gas,1306.0050048828125
1653727486,H,Accelerometer,0.0
1653727486,H,Light,105.0
1653727486,H,IR,0.0
1653727486,H,MIC,3.0
1653727489,H,Temperature,21.746000289916992
1653727489,H,Humidity,35.9109992980957
1653727489,H,Pressure,102237.0
1653727489,H,Gas,1305.052978515625
1653727489,H,Accelerometer,0.0
1653727489,H,Light,174.0
1653727489,H,IR,0.0
1653727489,H,MIC,3.0
1653727490,B,Temperature,21.5049991607666
1653727490,B,Humidity,38.89500045776367
1653727490,B,Pressure,102180.0
1653727490,B,Gas,1144.5909423828125
1653727490,B,Accelerometer,0.0
1653727490,B,Light,92.0
1653727490,B,MIC,3.0
1653727490,B,RSSI,68.0
1653727490,C,Temperature,22.4950008392334
1653727490,C,Humidity,35.40399932861328
1653727490,C,Pressure,102235.0
1653727490,C,Gas,551.9710083007811
1653727490,C,Accelerometer,0.0
1653727490,C,Light,3840.0
1653727490,C,MIC,1.0
1653727490,C,RSSI,66.0
1653727491,H,Temperature,21.746000289916992
1653727491,H,Humidity,35.9119987487793
1653727491,H,Pressure,102237.0
1653727491,H,Gas,1294.885009765625
1653727491,H,Accelerometer,0.0
1653727491,H,Light,214.0
1653727491,H,IR,0.0
1653727491,H,MIC,3.0
1653727492,D,Temperature,21.065000534057614
1653727492,D,Humidity,36.89500045776367
1653727492,D,Pressure,102244.0
1653727492,D,Gas,719.2520141601562
1653727492,D,Accelerometer,0.0
1653727492,D,Light,487.0
1653727492,D,MIC,3.0
1653727492,D,RSSI,60.0
1653727493,F,Temperature,21.9950008392334
1653727493,F,Humidity,35.742000579833984
1653727493,F,Pressure,102254.0
1653727493,F,Gas,628.697021484375
1653727493,F,Accelerometer,0.0
1653727493,F,Light,694.0
1653727493,F,MIC,3.0
1653727493,F,RSSI,78.0
1653727493,E,Temperature,20.5049991607666
1653727493,E,Humidity,38.027000427246094
1653727493,E,Pressure,102219.0
1653727493,E,Gas,757.2080078125
1653727493,E,Accelerometer,0.0
1653727493,E,Light,1019.0
1653727493,E,MIC,3.0
1653727493,E,RSSI,68.0
1653727494,H,Temperature,21.73600006103516
1653727494,H,Humidity,35.941001892089844
1653727494,H,Pressure,102239.0
1653727494,H,Gas,1287.9320068359375
1653727494,H,Accelerometer,0.0
1653727494,H,Light,214.0
1653727494,H,IR,0.0
1653727494,H,MIC,3.0
1653727494,A,Temperature,22.19499969482422
1653727494,A,Humidity,36.17300033569336
1653727494,A,Pressure,102208.0
1653727494,A,Gas,610.1220092773438
1653727494,A,Accelerometer,0.0
1653727494,A,Light,151.0
1653727494,A,MIC,3.0
1653727494,A,RSSI,82.0
1653727494,G,Temperature,22.01499938964844
1653727494,G,Humidity,36.98899841308594
1653727494,G,Pressure,102239.0
1653727494,G,Gas,549.0900268554689
1653727494,G,Accelerometer,0.0
1653727494,G,Light,775.0
1653727494,G,MIC,3.0
1653727494,G,RSSI,72.0
1653727498,H,Temperature,21.73600006103516
1653727498,H,Humidity,35.94300079345703
1653727498,H,Pressure,102237.0
1653727498,H,Gas,1281.77099609375
1653727498,H,Accelerometer,0.0
1653727498,H,Light,214.0
1653727498,H,IR,0.0
1653727498,H,MIC,3.0
1653727499,B,Temperature,21.5049991607666
1653727499,B,Humidity,38.88399887084961
1653727499,B,Pressure,102182.0
1653727499,B,Gas,1142.802978515625
1653727499,B,Accelerometer,0.0
1653727499,B,Light,105.0
1653727499,B,MIC,3.0
1653727499,B,RSSI,68.0
1653727499,H,Temperature,21.746000289916992
1653727499,H,Humidity,35.91299819946289
1653727499,H,Pressure,102237.0
1653727499,H,Gas,1277.487060546875
1653727499,H,Accelerometer,0.0
1653727499,H,Light,213.0
1653727499,H,IR,0.0
1653727499,H,MIC,3.0
1653727500,C,Temperature,22.5049991607666
1653727500,C,Humidity,35.37699890136719
1653727500,C,Pressure,102239.0
1653727500,C,Gas,547.2520141601561
1653727500,C,Accelerometer,0.0
1653727500,C,Light,4007.0
1653727500,C,MIC,1.0
1653727500,C,RSSI,66.0
1653727502,D,Temperature,21.065000534057614
1653727502,D,Humidity,36.90299987792969
1653727502,D,Pressure,102242.0
1653727502,D,Gas,709.8410034179688
1653727502,D,Accelerometer,0.0
1653727502,D,Light,516.0
1653727502,D,MIC,3.0
1653727502,D,RSSI,60.0
1653727502,H,Temperature,21.746000289916992
1653727502,H,Humidity,35.91999816894531
1653727502,H,Pressure,102237.0
1653727502,H,Gas,1269.0340576171875
1653727502,H,Accelerometer,0.0
1653727502,H,Light,213.0
1653727502,H,IR,0.0
1653727502,H,MIC,3.0
1653727503,E,Temperature,20.5049991607666
1653727503,E,Humidity,38.0369987487793
1653727503,E,Pressure,102217.0
1653727503,E,Gas,767.77001953125
1653727503,E,Accelerometer,0.0
1653727503,E,Light,1047.0
1653727503,E,MIC,3.0
1653727503,E,RSSI,68.0
1653727503,F,Temperature,21.9950008392334
1653727503,F,Humidity,35.73500061035156
1653727503,F,Pressure,102256.0
1653727503,F,Gas,631.2979736328125
1653727503,F,Accelerometer,0.0
1653727503,F,Light,719.0
1653727503,F,MIC,3.0
1653727503,F,RSSI,78.0
1653727504,A,Temperature,22.20499992370605
1653727504,A,Humidity,36.15299987792969
1653727504,A,Pressure,102208.0
1653727504,A,Gas,603.89599609375
1653727504,A,Accelerometer,0.0
1653727504,A,Light,154.0
1653727504,A,MIC,3.0
1653727504,A,RSSI,92.0
1653727505,G,Temperature,22.0049991607666
1653727505,G,Humidity,37.0099983215332
1653727505,G,Pressure,102239.0
1653727505,G,Gas,548.3419799804689
1653727505,G,Accelerometer,0.0
1653727505,G,Light,783.0
1653727505,G,MIC,3.0
1653727505,G,RSSI,73.0
1653727505,H,Temperature,21.756000518798828
1653727505,H,Humidity,35.91999816894531
1653727505,H,Pressure,102237.0
1653727505,H,Gas,1280.741943359375
1653727505,H,Accelerometer,0.0
1653727505,H,Light,213.0
1653727505,H,IR,0.0
1653727505,H,MIC,3.0
1653727508,H,Temperature,21.746000289916992
1653727508,H,Humidity,35.94200134277344
1653727508,H,Pressure,102239.0
1653727508,H,Gas,1276.6009521484375
1653727508,H,Accelerometer,0.0
1653727508,H,Light,213.0
1653727508,H,IR,0.0
1653727508,H,MIC,3.0
1653727509,C,Temperature,22.5049991607666
1653727509,C,Humidity,35.388999938964844
1653727509,C,Pressure,102233.0
1653727509,C,Gas,549.0549926757811
1653727509,C,Accelerometer,0.0
1653727509,C,Light,3931.0
1653727509,C,MIC,1.0
1653727509,C,RSSI,66.0
1653727509,B,Temperature,21.4950008392334
1653727509,B,Humidity,38.90900039672852
1653727509,B,Pressure,102176.0
1653727509,B,Gas,1136.4210205078125
1653727509,B,Accelerometer,0.0
1653727509,B,Light,106.0
1653727509,B,MIC,3.0
1653727509,B,RSSI,68.0
1653727511,H,Temperature,21.73600006103516
1653727511,H,Humidity,35.95399856567383
1653727511,H,Pressure,102239.0
1653727511,H,Gas,1277.93994140625
1653727511,H,Accelerometer,0.0
1653727511,H,Light,213.0
1653727511,H,IR,0.0
1653727511,H,MIC,3.0
1653727512,D,Temperature,21.075000762939453
1653727512,D,Humidity,36.882999420166016
1653727512,D,Pressure,102250.0
1653727512,D,Gas,701.5490112304688
1653727512,D,Accelerometer,0.0
1653727512,D,Light,519.0
1653727512,D,MIC,3.0
1653727512,D,RSSI,67.0
1653727513,F,Temperature,21.9950008392334
1653727513,F,Humidity,35.742000579833984
1653727513,F,Pressure,102258.0
1653727513,F,Gas,630.8690185546875
1653727513,F,Accelerometer,0.0
1653727513,F,Light,745.0
1653727513,F,MIC,3.0
1653727513,F,RSSI,78.0
1653727513,E,Temperature,20.524999618530273
1653727513,E,Humidity,38.01100158691406
1653727513,E,Pressure,102221.0
1653727513,E,Gas,775.5250244140625
1653727513,E,Accelerometer,0.0
1653727513,E,Light,1063.0
1653727513,E,MIC,3.0
1653727513,E,RSSI,68.0
1653727514,G,Temperature,22.024999618530273
1653727514,G,Humidity,36.99499893188477
1653727514,G,Pressure,102243.0
1653727514,G,Gas,544.8989868164061
1653727514,G,Accelerometer,0.0
1653727514,G,Light,795.0
1653727514,G,MIC,3.0
1653727514,G,RSSI,73.0
1653727514,H,Temperature,21.746000289916992
1653727514,H,Humidity,35.933998107910156
1653727514,H,Pressure,102239.0
1653727514,H,Gas,1273.31298828125
1653727514,H,Accelerometer,0.0
1653727514,H,Light,213.0
1653727514,H,IR,0.0
1653727514,H,MIC,3.0
1653727518,A,Temperature,22.20499992370605
1653727518,A,Humidity,36.12799835205078
1653727518,A,Pressure,102210.0
1653727518,A,Gas,604.4400024414062
1653727518,A,Accelerometer,0.0
1653727518,A,Light,155.0
1653727518,A,MIC,3.0
1653727518,A,RSSI,92.0
1653727518,H,Temperature,21.756000518798828
1653727518,H,Humidity,35.9010009765625
1653727518,H,Pressure,102237.0
1653727518,H,Gas,1267.345947265625
1653727518,H,Accelerometer,0.0
1653727518,H,Light,213.0
1653727518,H,IR,0.0
1653727518,H,MIC,3.0
1653727519,C,Temperature,22.5049991607666
1653727519,C,Humidity,35.37900161743164
1653727519,C,Pressure,102235.0
1653727519,C,Gas,547.4409790039061
1653727519,C,Accelerometer,0.0
1653727519,C,Light,3856.0
1653727519,C,MIC,1.0
1653727519,C,RSSI,66.0
1653727519,B,Temperature,21.4950008392334
1653727519,B,Humidity,38.90800094604492
1653727519,B,Pressure,102178.0
1653727519,B,Gas,1113.3819580078123
1653727519,B,Accelerometer,0.0
1653727519,B,Light,106.0
1653727519,B,MIC,3.0
1653727519,B,RSSI,68.0
1653727520,H,Temperature,21.756000518798828
1653727520,H,Humidity,35.92100143432617
1653727520,H,Pressure,102235.0
1653727520,H,Gas,1274.0379638671875
1653727520,H,Accelerometer,0.0
1653727520,H,Light,213.0
1653727520,H,IR,0.0
1653727520,H,MIC,3.0
1653727522,D,Temperature,21.065000534057614
1653727522,D,Humidity,36.90999984741211
1653727522,D,Pressure,102242.0
1653727522,D,Gas,702.0029907226562
1653727522,D,Accelerometer,0.0
1653727522,D,Light,520.0
1653727522,D,MIC,3.0
1653727522,D,RSSI,67.0
1653727523,F,Temperature,21.9950008392334
1653727523,F,Humidity,35.736000061035156
1653727523,F,Pressure,102258.0
1653727523,F,Gas,629.0889892578125
1653727523,F,Accelerometer,0.0
1653727523,F,Light,768.0
1653727523,F,MIC,3.0
1653727523,F,RSSI,78.0
1653727523,E,Temperature,20.524999618530273
1653727523,E,Humidity,38.03099822998047
1653727523,E,Pressure,102219.0
1653727523,E,Gas,777.2739868164062
1653727523,E,Accelerometer,0.0
1653727523,E,Light,1054.0
1653727523,E,MIC,3.0
1653727523,E,RSSI,68.0
1653727524,G,Temperature,22.024999618530273
1653727524,G,Humidity,36.98099899291992
1653727524,G,Pressure,102243.0
1653727524,G,Gas,549.93798828125
1653727524,G,Accelerometer,0.0
1653727524,G,Light,805.0
1653727524,G,MIC,3.0
1653727524,G,RSSI,73.0
1653727525,H,Temperature,21.746000289916992
1653727525,H,Humidity,35.93099975585937
1653727525,H,Pressure,102237.0
1653727525,H,Gas,1263.73095703125
1653727525,H,Accelerometer,0.0
1653727525,H,Light,213.0
1653727525,H,IR,0.0
1653727525,H,MIC,3.0
1653727526,A,Temperature,22.20499992370605
1653727526,A,Humidity,36.1259994506836
1653727526,A,Pressure,102208.0
1653727526,A,Gas,603.9019775390625
1653727526,A,Accelerometer,0.0
1653727526,A,Light,155.0
1653727526,A,MIC,3.0
1653727526,A,RSSI,92.0
1653727527,H,Temperature,21.756000518798828
1653727527,H,Humidity,35.91299819946289
1653727527,H,Pressure,102237.0
1653727527,H,Gas,1264.738037109375
1653727527,H,Accelerometer,0.0
1653727527,H,Light,212.0
1653727527,H,IR,0.0
1653727527,H,MIC,3.0
1653727529,B,Temperature,21.4950008392334
1653727529,B,Humidity,38.90399932861328
1653727529,B,Pressure,102184.0
1653727529,B,Gas,1107.5150146484377
1653727529,B,Accelerometer,0.0
1653727529,B,Light,105.0
1653727529,B,MIC,3.0
1653727529,B,RSSI,68.0
1653727529,C,Temperature,22.5049991607666
1653727529,C,Humidity,35.362998962402344
1653727529,C,Pressure,102235.0
1653727529,C,Gas,548.0430297851561
1653727529,C,Accelerometer,0.0
1653727529,C,Light,3782.0
1653727529,C,MIC,1.0
1653727529,C,RSSI,66.0
1653727530,H,Temperature,21.746000289916992
1653727530,H,Humidity,35.93899917602539
1653727530,H,Pressure,102237.0
1653727530,H,Gas,1266.842041015625
1653727530,H,Accelerometer,0.0
1653727530,H,Light,215.0
1653727530,H,IR,0.0
1653727530,H,MIC,3.0
1653727532,D,Temperature,21.065000534057614
1653727532,D,Humidity,36.89500045776367
1653727532,D,Pressure,102244.0
1653727532,D,Gas,701.8259887695312
1653727532,D,Accelerometer,0.0
1653727532,D,Light,520.0
1653727532,D,MIC,3.0
1653727532,D,RSSI,67.0
1653727533,E,Temperature,20.524999618530273
1653727533,E,Humidity,38.02799987792969
1653727533,E,Pressure,102219.0
1653727533,E,Gas,793.3829956054688
1653727533,E,Accelerometer,0.0
1653727533,E,Light,1068.0
1653727533,E,MIC,3.0
1653727533,E,RSSI,68.0
1653727533,H,Temperature,21.746000289916992
1653727533,H,Humidity,35.952999114990234
1653727533,H,Pressure,102237.0
1653727533,H,Gas,1275.0069580078125
1653727533,H,Accelerometer,0.0
1653727533,H,Light,212.0
1653727533,H,IR,0.0
1653727533,H,MIC,3.0
1653727533,F,Temperature,21.9950008392334
1653727533,F,Humidity,35.73899841308594
1653727533,F,Pressure,102256.0
1653727533,F,Gas,630.7940063476562
1653727533,F,Accelerometer,0.0
1653727533,F,Light,790.0
1653727533,F,MIC,3.0
1653727533,F,RSSI,78.0
1653727535,G,Temperature,22.024999618530273
1653727535,G,Humidity,36.97000122070313
1653727535,G,Pressure,102243.0
1653727535,G,Gas,550.0980224609375
1653727535,G,Accelerometer,0.0
1653727535,G,Light,811.0
1653727535,G,MIC,3.0
1653727535,G,RSSI,73.0
1653727536,H,Temperature,21.746000289916992
1653727536,H,Humidity,35.952999114990234
1653727536,H,Pressure,102237.0
1653727536,H,Gas,1273.7939453125
1653727536,H,Accelerometer,0.0
1653727536,H,Light,212.0
1653727536,H,IR,0.0
1653727536,H,MIC,3.0
1653727537,A,Temperature,22.20499992370605
1653727537,A,Humidity,36.13399887084961
1653727537,A,Pressure,102208.0
1653727537,A,Gas,602.9609985351562
1653727537,A,Accelerometer,0.0
1653727537,A,Light,156.0
1653727537,A,MIC,3.0
1653727537,A,RSSI,92.0
1653727541,C,Temperature,22.4950008392334
1653727541,C,Humidity,35.38100051879883
1653727541,C,Pressure,102235.0
1653727541,C,Gas,542.9840087890625
1653727541,C,Accelerometer,0.0
1653727541,C,Light,3723.0
1653727541,C,MIC,1.0
1653727541,C,RSSI,63.0
1653727542,H,Temperature,21.746000289916992
1653727542,H,Humidity,35.93000030517578
1653727542,H,Pressure,102237.0
1653727542,H,Gas,1264.8160400390625
1653727542,H,Accelerometer,0.0
1653727542,H,Light,212.0
1653727542,H,IR,0.0
1653727542,H,MIC,3.0
1653727542,B,Temperature,21.4950008392334
1653727542,B,Humidity,38.89400100708008
1653727542,B,Pressure,102182.0
1653727542,B,Gas,1101.0489501953123
1653727542,B,Accelerometer,0.0
1653727542,B,Light,105.0
1653727542,B,MIC,3.0
1653727542,B,RSSI,70.0
1653727542,D,Temperature,21.075000762939453
1653727542,D,Humidity,36.87799835205078
1653727542,D,Pressure,102248.0
1653727542,D,Gas,695.5989990234375
1653727542,D,Accelerometer,0.0
1653727542,D,Light,520.0
1653727542,D,MIC,3.0
1653727542,D,RSSI,67.0
1653727543,H,Temperature,21.746000289916992
1653727543,H,Humidity,35.939998626708984
1653727543,H,Pressure,102235.0
1653727543,H,Gas,1268.14794921875
1653727543,H,Accelerometer,0.0
1653727543,H,Light,212.0
1653727543,H,IR,0.0
1653727543,H,MIC,3.0
1653727543,E,Temperature,20.524999618530273
1653727543,E,Humidity,38.0369987487793
1653727543,E,Pressure,102219.0
1653727543,E,Gas,804.2990112304688
1653727543,E,Accelerometer,0.0
1653727543,E,Light,1073.0
1653727543,E,MIC,3.0
1653727543,E,RSSI,68.0
1653727543,F,Temperature,21.9950008392334
1653727543,F,Humidity,35.750999450683594
1653727543,F,Pressure,102256.0
1653727543,F,Gas,630.541015625
1653727543,F,Accelerometer,0.0
1653727543,F,Light,808.0
1653727543,F,MIC,3.0
1653727543,F,RSSI,82.0
1653727544,A,Temperature,22.19499969482422
1653727544,A,Humidity,36.1349983215332
1653727544,A,Pressure,102206.0
1653727544,A,Gas,598.9290161132812
1653727544,A,Accelerometer,0.0
1653727544,A,Light,156.0
1653727544,A,MIC,3.0
1653727544,A,RSSI,92.0
1653727544,G,Temperature,22.03499984741211
1653727544,G,Humidity,36.95299911499024
1653727544,G,Pressure,102239.0
1653727544,G,Gas,549.405029296875
1653727544,G,Accelerometer,0.0
1653727544,G,Light,804.0
1653727544,G,MIC,3.0
1653727544,G,RSSI,73.0
1653727545,H,Temperature,21.746000289916992
1653727545,H,Humidity,35.94499969482422
1653727545,H,Pressure,102235.0
1653727545,H,Gas,1256.7120361328125
1653727545,H,Accelerometer,0.0
1653727545,H,Light,212.0
1653727545,H,IR,0.0
1653727545,H,MIC,3.0
1653727548,H,Temperature,21.756000518798828
1653727548,H,Humidity,35.93299865722656
1653727548,H,Pressure,102235.0
1653727548,H,Gas,1262.375
1653727548,H,Accelerometer,0.0
1653727548,H,Light,212.0
1653727548,H,IR,0.0
1653727548,H,MIC,3.0
1653727549,C,Temperature,22.5049991607666
1653727549,C,Humidity,35.38800048828125
1653727549,C,Pressure,102239.0
1653727549,C,Gas,540.5079956054689
1653727549,C,Accelerometer,0.0
1653727549,C,Light,3642.0
1653727549,C,MIC,1.0
1653727549,C,RSSI,63.0
1653727550,B,Temperature,21.4950008392334
1653727550,B,Humidity,38.92100143432617
1653727550,B,Pressure,102180.0
1653727550,B,Gas,1100.8499755859377
1653727550,B,Accelerometer,0.0
1653727550,B,Light,105.0
1653727550,B,MIC,3.0
1653727550,B,RSSI,70.0
1653727551,H,Temperature,21.746000289916992
1653727551,H,Humidity,35.93600082397461
1653727551,H,Pressure,102235.0
1653727551,H,Gas,1260.9410400390625
1653727551,H,Accelerometer,0.0
1653727551,H,Light,212.0
1653727551,H,IR,0.0
1653727551,H,MIC,3.0
1653727552,D,Temperature,21.075000762939453
1653727552,D,Humidity,36.88399887084961
1653727552,D,Pressure,102246.0
1653727552,D,Gas,693.8770141601562
1653727552,D,Accelerometer,0.0
1653727552,D,Light,528.0
1653727552,D,MIC,3.0
1653727552,D,RSSI,67.0
1653727553,F,Temperature,22.01499938964844
1653727553,F,Humidity,35.72999954223633
1653727553,F,Pressure,102254.0
1653727553,F,Gas,633.3179931640625
1653727553,F,Accelerometer,0.0
1653727553,F,Light,850.0
1653727553,F,MIC,3.0
1653727553,F,RSSI,82.0
1653727553,E,Temperature,20.524999618530273
1653727553,E,Humidity,38.05400085449219
1653727553,E,Pressure,102217.0
1653727553,E,Gas,801.791015625
1653727553,E,Accelerometer,0.0
1653727553,E,Light,1075.0
1653727553,E,MIC,3.0
1653727553,E,RSSI,68.0
1653727556,G,Temperature,22.03499984741211
1653727556,G,Humidity,36.95500183105469
1653727556,G,Pressure,102239.0
1653727556,G,Gas,548.35498046875
1653727556,G,Accelerometer,0.0
1653727556,G,Light,806.0
1653727556,G,MIC,3.0
1653727556,G,RSSI,72.0
1653727556,A,Temperature,22.20499992370605
1653727556,A,Humidity,36.084999084472656
1653727556,A,Pressure,102204.0
1653727556,A,Gas,598.8779907226562
1653727556,A,Accelerometer,0.0
1653727556,A,Light,156.0
1653727556,A,MIC,3.0
1653727556,A,RSSI,84.0
1653727556,H,Temperature,21.746000289916992
1653727556,H,Humidity,35.94599914550781
1653727556,H,Pressure,102235.0
1653727556,H,Gas,1269.4439697265625
1653727556,H,Accelerometer,0.0
1653727556,H,Light,211.0
1653727556,H,IR,0.0
1653727556,H,MIC,3.0
1653727557,H,Temperature,21.756000518798828
1653727557,H,Humidity,35.928001403808594
1653727557,H,Pressure,102233.0
1653727557,H,Gas,1269.7259521484375
1653727557,H,Accelerometer,0.0
1653727557,H,Light,211.0
1653727557,H,IR,0.0
1653727557,H,MIC,3.0
1653727559,C,Temperature,22.5049991607666
1653727559,C,Humidity,35.38800048828125
1653727559,C,Pressure,102237.0
1653727559,C,Gas,539.0709838867189
1653727559,C,Accelerometer,0.0
1653727559,C,Light,3525.0
1653727559,C,MIC,1.0
1653727559,C,RSSI,63.0
1653727559,B,Temperature,21.5049991607666
1653727559,B,Humidity,38.90599822998047
1653727559,B,Pressure,102180.0
1653727559,B,Gas,1111.633056640625
1653727559,B,Accelerometer,0.0
1653727559,B,Light,104.0
1653727559,B,MIC,3.0
1653727559,B,RSSI,70.0
1653727561,H,Temperature,21.756000518798828
1653727561,H,Humidity,35.9379997253418
1653727561,H,Pressure,102235.0
1653727561,H,Gas,1261.633056640625
1653727561,H,Accelerometer,0.0
1653727561,H,Light,211.0
1653727561,H,IR,0.0
1653727561,H,MIC,3.0
1653727562,D,Temperature,21.075000762939453
1653727562,D,Humidity,36.87300109863281
1653727562,D,Pressure,102240.0
1653727562,D,Gas,674.2979736328125
1653727562,D,Accelerometer,0.0
1653727562,D,Light,518.0
1653727562,D,MIC,3.0
1653727562,D,RSSI,67.0
1653727563,E,Temperature,20.53499984741211
1653727563,E,Humidity,38.04299926757813
1653727563,E,Pressure,102217.0
1653727563,E,Gas,789.3200073242188
1653727563,E,Accelerometer,0.0
1653727563,E,Light,1073.0
1653727563,E,MIC,3.0
1653727563,E,RSSI,68.0
1653727563,F,Temperature,22.0049991607666
1653727563,F,Humidity,35.74599838256836
1653727563,F,Pressure,102250.0
1653727563,F,Gas,637.3300170898438
1653727563,F,Accelerometer,0.0
1653727563,F,Light,848.0
1653727563,F,MIC,3.0
1653727563,F,RSSI,82.0
1653727563,H,Temperature,21.756000518798828
1653727563,H,Humidity,35.95800018310547
1653727563,H,Pressure,102237.0
1653727563,H,Gas,1257.29296875
1653727563,H,Accelerometer,0.0
1653727563,H,Light,211.0
1653727563,H,IR,0.0
1653727563,H,MIC,3.0
1653727564,G,Temperature,22.024999618530273
1653727564,G,Humidity,36.96200180053711
1653727564,G,Pressure,102239.0
1653727564,G,Gas,549.8809814453125
1653727564,G,Accelerometer,0.0
1653727564,G,Light,816.0
1653727564,G,MIC,3.0
1653727564,G,RSSI,72.0
1653727565,A,Temperature,22.20499992370605
1653727565,A,Humidity,36.06800079345703
1653727565,A,Pressure,102204.0
1653727565,A,Gas,595.4349975585938
1653727565,A,Accelerometer,0.0
1653727565,A,Light,156.0
1653727565,A,MIC,3.0
1653727565,A,RSSI,84.0
1653727567,H,Temperature,21.756000518798828
1653727567,H,Humidity,35.96699905395508
1653727567,H,Pressure,102237.0
1653727567,H,Gas,1255.572021484375
1653727567,H,Accelerometer,0.0
1653727567,H,Light,212.0
1653727567,H,IR,0.0
1653727567,H,MIC,3.0
1653727569,C,Temperature,22.5049991607666
1653727569,C,Humidity,35.37799835205078
1653727569,C,Pressure,102231.0
1653727569,C,Gas,541.344970703125
1653727569,C,Accelerometer,0.0
1653727569,C,Light,3441.0
1653727569,C,MIC,1.0
1653727569,C,RSSI,63.0
1653727569,B,Temperature,21.5049991607666
1653727569,B,Humidity,38.91699981689453
1653727569,B,Pressure,102178.0
1653727569,B,Gas,1101.1209716796877
1653727569,B,Accelerometer,0.0
1653727569,B,Light,105.0
1653727569,B,MIC,3.0
1653727569,B,RSSI,70.0
1653727570,H,Temperature,21.756000518798828
1653727570,H,Humidity,35.96699905395508
1653727570,H,Pressure,102235.0
1653727570,H,Gas,1255.6710205078125
1653727570,H,Accelerometer,0.0
1653727570,H,Light,213.0
1653727570,H,IR,0.0
1653727570,H,MIC,3.0
1653727572,D,Temperature,21.065000534057614
1653727572,D,Humidity,36.887001037597656
1653727572,D,Pressure,102242.0
1653727572,D,Gas,666.1849975585938
1653727572,D,Accelerometer,0.0
1653727572,D,Light,524.0
1653727572,D,MIC,3.0
1653727572,D,RSSI,67.0
1653727572,H,Temperature,21.756000518798828
1653727572,H,Humidity,35.95800018310547
1653727572,H,Pressure,102235.0
1653727572,H,Gas,1252.98095703125
1653727572,H,Accelerometer,0.0
1653727572,H,Light,214.0
1653727572,H,IR,0.0
1653727572,H,MIC,3.0
1653727573,F,Temperature,22.0049991607666
1653727573,F,Humidity,35.74800109863281
1653727573,F,Pressure,102252.0
1653727573,F,Gas,635.7930297851562
1653727573,F,Accelerometer,0.0
1653727573,F,Light,868.0
1653727573,F,MIC,3.0
1653727573,F,RSSI,82.0
1653727573,E,Temperature,20.524999618530273
1653727573,E,Humidity,38.0620002746582
1653727573,E,Pressure,102215.0
1653727573,E,Gas,808.041015625
1653727573,E,Accelerometer,0.0
1653727573,E,Light,1086.0
1653727573,E,MIC,3.0
1653727573,E,RSSI,68.0
1653727574,A,Temperature,22.20499992370605
1653727574,A,Humidity,36.08700180053711
1653727574,A,Pressure,102206.0
1653727574,A,Gas,588.9539794921875
1653727574,A,Accelerometer,0.0
1653727574,A,Light,158.0
1653727574,A,MIC,3.0
1653727574,A,RSSI,84.0
1653727574,G,Temperature,22.03499984741211
1653727574,G,Humidity,36.95199966430664
1653727574,G,Pressure,102237.0
1653727574,G,Gas,544.7730102539061
1653727574,G,Accelerometer,0.0
1653727574,G,Light,830.0
1653727574,G,MIC,3.0
1653727574,G,RSSI,72.0
1653727575,H,Temperature,21.756000518798828
1653727575,H,Humidity,35.93899917602539
1653727575,H,Pressure,102235.0
1653727575,H,Gas,1260.73095703125
1653727575,H,Accelerometer,0.0
1653727575,H,Light,211.0
1653727575,H,IR,0.0
1653727575,H,MIC,3.0
1653727578,H,Temperature,21.756000518798828
1653727578,H,Humidity,35.970001220703125
1653727578,H,Pressure,102233.0
1653727578,H,Gas,1253.5789794921875
1653727578,H,Accelerometer,0.0
1653727578,H,Light,207.0
1653727578,H,IR,0.0
1653727578,H,MIC,3.0
1653727579,C,Temperature,22.51499938964844
1653727579,C,Humidity,35.39099884033203
1653727579,C,Pressure,102235.0
1653727579,C,Gas,543.2379760742189
1653727579,C,Accelerometer,0.0
1653727579,C,Light,3329.0
1653727579,C,MIC,1.0
1653727579,C,RSSI,63.0
1653727580,B,Temperature,21.5049991607666
1653727580,B,Humidity,38.91899871826172
1653727580,B,Pressure,102178.0
1653727580,B,Gas,1101.928955078125
1653727580,B,Accelerometer,0.0
1653727580,B,Light,101.0
1653727580,B,MIC,3.0
1653727580,B,RSSI,65.0
1653727581,H,Temperature,21.756000518798828
1653727581,H,Humidity,35.9640007019043
1653727581,H,Pressure,102235.0
1653727581,H,Gas,1260.9300537109375
1653727581,H,Accelerometer,0.0
1653727581,H,Light,207.0
1653727581,H,IR,0.0
1653727581,H,MIC,3.0
1653727582,D,Temperature,21.065000534057614
1653727582,D,Humidity,36.900001525878906
1653727582,D,Pressure,102240.0
1653727582,D,Gas,661.5709838867188
1653727582,D,Accelerometer,0.0
1653727582,D,Light,524.0
1653727582,D,MIC,3.0
1653727582,D,RSSI,67.0
1653727583,F,Temperature,22.0049991607666
1653727583,F,Humidity,35.73300170898437
1653727583,F,Pressure,102252.0
1653727583,F,Gas,633.7340087890625
1653727583,F,Accelerometer,0.0
1653727583,F,Light,886.0
1653727583,F,MIC,3.0
1653727583,F,RSSI,82.0
1653727583,E,Temperature,20.524999618530273
1653727583,E,Humidity,38.040000915527344
1653727583,E,Pressure,102215.0
1653727583,E,Gas,810.7589721679688
1653727583,E,Accelerometer,0.0
1653727583,E,Light,1090.0
1653727583,E,MIC,3.0
1653727583,E,RSSI,68.0
1653727585,G,Temperature,22.03499984741211
1653727585,G,Humidity,36.95700073242188
1653727585,G,Pressure,102237.0
1653727585,G,Gas,543.2360229492189
1653727585,G,Accelerometer,0.0
1653727585,G,Light,801.0
1653727585,G,MIC,3.0
1653727585,G,RSSI,72.0
1653727586,H,Temperature,21.756000518798828
1653727586,H,Humidity,35.97600173950195
1653727586,H,Pressure,102233.0
1653727586,H,Gas,1257.675048828125
1653727586,H,Accelerometer,0.0
1653727586,H,Light,207.0
1653727586,H,IR,0.0
1653727586,H,MIC,3.0
1653727587,A,Temperature,22.19499969482422
1653727587,A,Humidity,36.12099838256836
1653727587,A,Pressure,102206.0
1653727587,A,Gas,588.4719848632812
1653727587,A,Accelerometer,0.0
1653727587,A,Light,155.0
1653727587,A,MIC,3.0
1653727587,A,RSSI,84.0
1653727587,H,Temperature,21.756000518798828
1653727587,H,Humidity,35.948001861572266
1653727587,H,Pressure,102233.0
1653727587,H,Gas,1256.8719482421875
1653727587,H,Accelerometer,0.0
1653727587,H,Light,171.0
1653727587,H,IR,0.0
1653727587,H,MIC,3.0
1653727589,B,Temperature,21.4950008392334
1653727589,B,Humidity,38.92300033569336
1653727589,B,Pressure,102176.0
1653727589,B,Gas,1106.9000244140623
1653727589,B,Accelerometer,0.0
1653727589,B,Light,81.0
1653727589,B,MIC,3.0
1653727589,B,RSSI,65.0
1653727589,C,Temperature,22.524999618530273
1653727589,C,Humidity,35.37900161743164
1653727589,C,Pressure,102233.0
1653727589,C,Gas,550.0180053710939
1653727589,C,Accelerometer,0.0
1653727589,C,Light,3163.0
1653727589,C,MIC,1.0
1653727589,C,RSSI,66.0
1653727590,H,Temperature,21.756000518798828
1653727590,H,Humidity,35.97200012207031
1653727590,H,Pressure,102235.0
1653727590,H,Gas,1261.637939453125
1653727590,H,Accelerometer,0.0
1653727590,H,Light,185.0
1653727590,H,IR,0.0
1653727590,H,MIC,3.0
1653727592,D,Temperature,21.065000534057614
1653727592,D,Humidity,36.92399978637695
1653727592,D,Pressure,102240.0
1653727592,D,Gas,659.9459838867188
1653727592,D,Accelerometer,0.0
1653727592,D,Light,506.0
1653727592,D,MIC,3.0
1653727592,D,RSSI,67.0
1653727593,E,Temperature,20.524999618530273
1653727593,E,Humidity,38.01499938964844
1653727593,E,Pressure,102215.0
1653727593,E,Gas,807.8140258789062
1653727593,E,Accelerometer,0.0
1653727593,E,Light,1074.0
1653727593,E,MIC,3.0
1653727593,E,RSSI,68.0
1653727593,F,Temperature,22.01499938964844
1653727593,F,Humidity,35.71099853515625
1653727593,F,Pressure,102250.0
1653727593,F,Gas,631.8170166015625
1653727593,F,Accelerometer,0.0
1653727593,F,Light,885.0
1653727593,F,MIC,3.0
1653727593,F,RSSI,84.0
1653727593,H,Temperature,21.756000518798828
1653727593,H,Humidity,35.965999603271484
1653727593,H,Pressure,102233.0
1653727593,H,Gas,1259.4300537109375
1653727593,H,Accelerometer,0.0
1653727593,H,Light,150.0
1653727593,H,IR,0.0
1653727593,H,MIC,3.0
1653727594,G,Temperature,22.03499984741211
1653727594,G,Humidity,36.93600082397461
1653727594,G,Pressure,102237.0
1653727594,G,Gas,541.2210083007811
1653727594,G,Accelerometer,0.0
1653727594,G,Light,830.0
1653727594,G,MIC,3.0
1653727594,G,RSSI,72.0
1653727595,A,Temperature,22.19499969482422
1653727595,A,Humidity,36.14500045776367
1653727595,A,Pressure,102204.0
1653727595,A,Gas,585.4409790039062
1653727595,A,Accelerometer,0.0
1653727595,A,Light,156.0
1653727595,A,MIC,3.0
1653727595,A,RSSI,84.0
1653727596,H,Temperature,21.756000518798828
1653727596,H,Humidity,35.96699905395508
1653727596,H,Pressure,102233.0
1653727596,H,Gas,1252.3719482421875
1653727596,H,Accelerometer,0.0
1653727596,H,Light,122.0
1653727596,H,IR,0.0
1653727596,H,MIC,3.0
1653727599,C,Temperature,22.51499938964844
1653727599,C,Humidity,35.40399932861328
1653727599,C,Pressure,102233.0
1653727599,C,Gas,552.7789916992189
1653727599,C,Accelerometer,0.0
1653727599,C,Light,3076.0
1653727599,C,MIC,1.0
1653727599,C,RSSI,66.0
1653727600,B,Temperature,21.5049991607666
1653727600,B,Humidity,38.91699981689453
1653727600,B,Pressure,102178.0
1653727600,B,Gas,1098.237060546875
1653727600,B,Accelerometer,0.0
1653727600,B,Light,54.0
1653727600,B,MIC,3.0
1653727600,B,RSSI,65.0
1653727601,H,Temperature,21.756000518798828
1653727601,H,Humidity,35.99499893188477
1653727601,H,Pressure,102233.0
1653727601,H,Gas,1247.323974609375
1653727601,H,Accelerometer,0.0
1653727601,H,Light,125.0
1653727601,H,IR,0.0
1653727601,H,MIC,3.0
1653727602,D,Temperature,21.065000534057614
1653727602,D,Humidity,36.90800094604492
1653727602,D,Pressure,102240.0
1653727602,D,Gas,658.1939697265625
1653727602,D,Accelerometer,0.0
1653727602,D,Light,484.0
1653727602,D,MIC,3.0
1653727602,D,RSSI,67.0
1653727602,H,Temperature,21.756000518798828
1653727602,H,Humidity,35.97800064086914
1653727602,H,Pressure,102233.0
1653727602,H,Gas,1236.9610595703125
1653727602,H,Accelerometer,0.0
1653727602,H,Light,125.0
1653727602,H,IR,0.0
1653727602,H,MIC,3.0
1653727603,F,Temperature,22.0049991607666
1653727603,F,Humidity,35.72700119018555
1653727603,F,Pressure,102252.0
1653727603,F,Gas,627.8070068359375
1653727603,F,Accelerometer,0.0
1653727603,F,Light,848.0
1653727603,F,MIC,3.0
1653727603,F,RSSI,84.0
1653727603,E,Temperature,20.53499984741211
1653727603,E,Humidity,38.012001037597656
1653727603,E,Pressure,102215.0
1653727603,E,Gas,785.6719970703125
1653727603,E,Accelerometer,0.0
1653727603,E,Light,1031.0
1653727603,E,MIC,3.0
1653727603,E,RSSI,68.0
1653727604,A,Temperature,22.20499992370605
1653727604,A,Humidity,36.15499877929688
1653727604,A,Pressure,102204.0
1653727604,A,Gas,589.39697265625
1653727604,A,Accelerometer,0.0
1653727604,A,Light,134.0
1653727604,A,MIC,3.0
1653727604,A,RSSI,81.0
1653727605,G,Temperature,22.03499984741211
1653727605,G,Humidity,36.94499969482422
1653727605,G,Pressure,102237.0
1653727605,G,Gas,542.2639770507811
1653727605,G,Accelerometer,0.0
1653727605,G,Light,683.0
1653727605,G,MIC,3.0
1653727605,G,RSSI,72.0
1653727605,H,Temperature,21.746000289916992
1653727605,H,Humidity,36.012001037597656
1653727605,H,Pressure,102233.0
1653727605,H,Gas,1248.97900390625
1653727605,H,Accelerometer,0.0
1653727605,H,Light,124.0
1653727605,H,IR,0.0
1653727605,H,MIC,3.0
1653727609,H,Temperature,21.746000289916992
1653727609,H,Humidity,36.013999938964844
1653727609,H,Pressure,102233.0
1653727609,H,Gas,1240.741943359375
1653727609,H,Accelerometer,0.0
1653727609,H,Light,121.0
1653727609,H,IR,0.0
1653727609,H,MIC,3.0
1653727609,C,Temperature,22.524999618530273
1653727609,C,Humidity,35.38800048828125
1653727609,C,Pressure,102235.0
1653727609,C,Gas,550.10400390625
1653727609,C,Accelerometer,0.0
1653727609,C,Light,3037.0
1653727609,C,MIC,1.0
1653727609,C,RSSI,66.0
1653727610,B,Temperature,21.4950008392334
1653727610,B,Humidity,38.930999755859375
1653727610,B,Pressure,102170.0
1653727610,B,Gas,1099.8919677734377
1653727610,B,Accelerometer,0.0
1653727610,B,Light,51.0
1653727610,B,MIC,3.0
1653727610,B,RSSI,65.0
1653727612,H,Temperature,21.746000289916992
1653727612,H,Humidity,36.0
1653727612,H,Pressure,102233.0
1653727612,H,Gas,1243.3050537109375
1653727612,H,Accelerometer,0.0
1653727612,H,Light,112.0
1653727612,H,IR,0.0
1653727612,H,MIC,3.0
1653727612,D,Temperature,21.065000534057614
1653727612,D,Humidity,36.9109992980957
1653727612,D,Pressure,102238.0
1653727612,D,Gas,653.4400024414062
1653727612,D,Accelerometer,0.0
1653727612,D,Light,515.0
1653727612,D,MIC,3.0
1653727612,D,RSSI,67.0
1653727613,F,Temperature,22.01499938964844
1653727613,F,Humidity,35.72200012207031
1653727613,F,Pressure,102252.0
1653727613,F,Gas,628.77197265625
1653727613,F,Accelerometer,0.0
1653727613,F,Light,857.0
1653727613,F,MIC,3.0
1653727613,F,RSSI,84.0
1653727613,E,Temperature,20.53499984741211
1653727613,E,Humidity,37.99800109863281
1653727613,E,Pressure,102215.0
1653727613,E,Gas,774.8389892578125
1653727613,E,Accelerometer,0.0
1653727613,E,Light,1104.0
1653727613,E,MIC,3.0
1653727613,E,RSSI,77.0
1653727614,G,Temperature,22.03499984741211
1653727614,G,Humidity,36.95899963378906
1653727614,G,Pressure,102237.0
1653727614,G,Gas,542.2550048828125
1653727614,G,Accelerometer,0.0
1653727614,G,Light,637.0
1653727614,G,MIC,3.0
1653727614,G,RSSI,72.0
1653727616,H,Temperature,21.746000289916992
1653727616,H,Humidity,36.00899887084961
1653727616,H,Pressure,102233.0
1653727616,H,Gas,1236.72900390625
1653727616,H,Accelerometer,0.0
1653727616,H,Light,107.0
1653727616,H,IR,0.0
1653727616,H,MIC,3.0
1653727618,H,Temperature,21.73600006103516
1653727618,H,Humidity,36.013999938964844
1653727618,H,Pressure,102231.0
1653727618,H,Gas,1237.802978515625
1653727618,H,Accelerometer,0.0
1653727618,H,Light,108.0
1653727618,H,IR,0.0
1653727618,H,MIC,3.0
1653727619,C,Temperature,22.51499938964844
1653727619,C,Humidity,35.40599822998047
1653727619,C,Pressure,102233.0
1653727619,C,Gas,546.5880126953125
1653727619,C,Accelerometer,0.0
1653727619,C,Light,3067.0
1653727619,C,MIC,1.0
1653727619,C,RSSI,66.0
1653727619,B,Temperature,21.4950008392334
1653727619,B,Humidity,38.93899917602539
1653727619,B,Pressure,102178.0
1653727619,B,Gas,1094.5889892578123
1653727619,B,Accelerometer,0.0
1653727619,B,Light,44.0
1653727619,B,MIC,3.0
1653727619,B,RSSI,65.0
1653727620,A,Temperature,22.19499969482422
1653727620,A,Humidity,36.14300155639648
1653727620,A,Pressure,102204.0
1653727620,A,Gas,588.9459838867188
1653727620,A,Accelerometer,0.0
1653727620,A,Light,133.0
1653727620,A,MIC,3.0
1653727620,A,RSSI,81.0
1653727621,H,Temperature,21.746000289916992
1653727621,H,Humidity,35.9739990234375
1653727621,H,Pressure,102235.0
1653727621,H,Gas,1237.14404296875
1653727621,H,Accelerometer,0.0
1653727621,H,Light,111.0
1653727621,H,IR,0.0
1653727621,H,MIC,3.0
1653727622,D,Temperature,21.065000534057614
1653727622,D,Humidity,36.928001403808594
1653727622,D,Pressure,102238.0
1653727622,D,Gas,652.3820190429688
1653727622,D,Accelerometer,0.0
1653727622,D,Light,471.0
1653727622,D,MIC,3.0
1653727622,D,RSSI,67.0
1653727623,F,Temperature,22.0049991607666
1653727623,F,Humidity,35.72999954223633
1653727623,F,Pressure,102252.0
1653727623,F,Gas,629.8590087890625
1653727623,F,Accelerometer,0.0
1653727623,F,Light,828.0
1653727623,F,MIC,3.0
1653727623,F,RSSI,84.0
1653727623,E,Temperature,20.524999618530273
1653727623,E,Humidity,38.03799819946289
1653727623,E,Pressure,102213.0
1653727623,E,Gas,766.0490112304688
1653727623,E,Accelerometer,0.0
1653727623,E,Light,1027.0
1653727623,E,MIC,3.0
1653727623,E,RSSI,77.0
1653727624,H,Temperature,21.73600006103516
1653727624,H,Humidity,35.97999954223633
1653727624,H,Pressure,102233.0
1653727624,H,Gas,1243.6810302734375
1653727624,H,Accelerometer,0.0
1653727624,H,Light,156.0
1653727624,H,IR,0.0
1653727624,H,MIC,3.0
1653727624,G,Temperature,22.024999618530273
1653727624,G,Humidity,36.983001708984375
1653727624,G,Pressure,102237.0
1653727624,G,Gas,540.739990234375
1653727624,G,Accelerometer,0.0
1653727624,G,Light,805.0
1653727624,G,MIC,3.0
1653727624,G,RSSI,72.0
1653727627,H,Temperature,21.746000289916992
1653727627,H,Humidity,35.94599914550781
1653727627,H,Pressure,102233.0
1653727627,H,Gas,1241.3179931640625
1653727627,H,Accelerometer,0.0
1653727627,H,Light,209.0
1653727627,H,IR,0.0
1653727627,H,MIC,3.0
1653727629,C,Temperature,22.5049991607666
1653727629,C,Humidity,35.382999420166016
1653727629,C,Pressure,102235.0
1653727629,C,Gas,551.9840087890625
1653727629,C,Accelerometer,0.0
1653727629,C,Light,3345.0
1653727629,C,MIC,1.0
1653727629,C,RSSI,66.0
1653727629,A,Temperature,22.19499969482422
1653727629,A,Humidity,36.11600112915039
1653727629,A,Pressure,102204.0
1653727629,A,Gas,585.4359741210938
1653727629,A,Accelerometer,0.0
1653727629,A,Light,144.0
1653727629,A,MIC,3.0
1653727629,A,RSSI,81.0
1653727632,D,Temperature,21.065000534057614
1653727632,D,Humidity,36.930999755859375
1653727632,D,Pressure,102240.0
1653727632,D,Gas,650.5549926757812
1653727632,D,Accelerometer,0.0
1653727632,D,Light,545.0
1653727632,D,MIC,3.0
1653727632,D,RSSI,67.0
1653727633,B,Temperature,21.5049991607666
1653727633,B,Humidity,38.90999984741211
1653727633,B,Pressure,102176.0
1653727633,B,Gas,1087.60400390625
1653727633,B,Accelerometer,0.0
1653727633,B,Light,103.0
1653727633,B,MIC,3.0
1653727633,B,RSSI,70.0
1653727633,E,Temperature,20.53499984741211
1653727633,E,Humidity,38.0359992980957
1653727633,E,Pressure,102215.0
1653727633,E,Gas,771.2349853515625
1653727633,E,Accelerometer,0.0
1653727633,E,Light,1147.0
1653727633,E,MIC,3.0
1653727633,E,RSSI,77.0
1653727634,F,Temperature,22.01499938964844
1653727634,F,Humidity,35.71699905395508
1653727634,F,Pressure,102252.0
1653727634,F,Gas,625.801025390625
1653727634,F,Accelerometer,0.0
1653727634,F,Light,917.0
1653727634,F,MIC,3.0
1653727634,F,RSSI,84.0
1653727634,H,Temperature,21.746000289916992
1653727634,H,Humidity,35.941001892089844
1653727634,H,Pressure,102235.0
1653727634,H,Gas,1247.948974609375
1653727634,H,Accelerometer,0.0
1653727634,H,Light,217.0
1653727634,H,IR,0.0
1653727634,H,MIC,3.0
1653727634,H,Temperature,21.746000289916992
1653727634,H,Humidity,35.959999084472656
1653727634,H,Pressure,102233.0
1653727634,H,Gas,1242.8570556640625
1653727634,H,Accelerometer,0.0
1653727634,H,Light,204.0
1653727634,H,IR,0.0
1653727634,H,MIC,3.0
1653727634,A,Temperature,22.19499969482422
1653727634,A,Humidity,36.07899856567383
1653727634,A,Pressure,102204.0
1653727634,A,Gas,585.552978515625
1653727634,A,Accelerometer,0.0
1653727634,A,Light,152.0
1653727634,A,MIC,3.0
1653727634,A,RSSI,81.0
1653727635,G,Temperature,22.024999618530273
1653727635,G,Humidity,37.00600051879883
1653727635,G,Pressure,102233.0
1653727635,G,Gas,543.2030029296875
1653727635,G,Accelerometer,0.0
1653727635,G,Light,767.0
1653727635,G,MIC,3.0
1653727635,G,RSSI,72.0
1653727636,H,Temperature,21.746000289916992
1653727636,H,Humidity,35.99300003051758
1653727636,H,Pressure,102235.0
1653727636,H,Gas,1246.0400390625
1653727636,H,Accelerometer,0.0
1653727636,H,Light,172.0
1653727636,H,IR,0.0
1653727636,H,MIC,3.0
1653727639,C,Temperature,22.4950008392334
1653727639,C,Humidity,35.382999420166016
1653727639,C,Pressure,102231.0
1653727639,C,Gas,547.6859741210939
1653727639,C,Accelerometer,0.0
1653727639,C,Light,3364.0
1653727639,C,MIC,1.0
1653727639,C,RSSI,63.0
1653727640,H,Temperature,21.756000518798828
1653727640,H,Humidity,35.97100067138672
1653727640,H,Pressure,102231.0
1653727640,H,Gas,1242.6300048828125
1653727640,H,Accelerometer,0.0
1653727640,H,Light,172.0
1653727640,H,IR,0.0
1653727640,H,MIC,3.0
1653727641,B,Temperature,21.5049991607666
1653727641,B,Humidity,38.928001403808594
1653727641,B,Pressure,102174.0
1653727641,B,Gas,1072.4139404296877
1653727641,B,Accelerometer,0.0
1653727641,B,Light,81.0
1653727641,B,MIC,3.0
1653727641,B,RSSI,70.0
1653727642,H,Temperature,21.746000289916992
1653727642,H,Humidity,35.98699951171875
1653727642,H,Pressure,102233.0
1653727642,H,Gas,1236.208984375
1653727642,H,Accelerometer,0.0
1653727642,H,Light,161.0
1653727642,H,IR,0.0
1653727642,H,MIC,3.0
1653727642,D,Temperature,21.075000762939453
1653727642,D,Humidity,36.92200088500977
1653727642,D,Pressure,102244.0
1653727642,D,Gas,647.2119750976562
1653727642,D,Accelerometer,0.0
1653727642,D,Light,527.0
1653727642,D,MIC,3.0
1653727642,D,RSSI,67.0
1653727643,F,Temperature,22.01499938964844
1653727643,F,Humidity,35.7140007019043
1653727643,F,Pressure,102252.0
1653727643,F,Gas,621.8729858398438
1653727643,F,Accelerometer,0.0
1653727643,F,Light,888.0
1653727643,F,MIC,3.0
1653727643,F,RSSI,80.0
1653727643,E,Temperature,20.53499984741211
1653727643,E,Humidity,38.02199935913086
1653727643,E,Pressure,102213.0
1653727643,E,Gas,775.3150024414062
1653727643,E,Accelerometer,0.0
1653727643,E,Light,1126.0
1653727643,E,MIC,3.0
1653727643,E,RSSI,77.0
1653727644,A,Temperature,22.19499969482422
1653727644,A,Humidity,36.073001861572266
1653727644,A,Pressure,102206.0
1653727644,A,Gas,578.593994140625
1653727644,A,Accelerometer,0.0
1653727644,A,Light,140.0
1653727644,A,MIC,3.0
1653727644,A,RSSI,81.0
1653727645,G,Temperature,22.03499984741211
1653727645,G,Humidity,36.98099899291992
1653727645,G,Pressure,102233.0
1653727645,G,Gas,540.97998046875
1653727645,G,Accelerometer,0.0
1653727645,G,Light,668.0
1653727645,G,MIC,3.0
1653727645,G,RSSI,72.0
1653727647,H,Temperature,21.73600006103516
1653727647,H,Humidity,35.99700164794922
1653727647,H,Pressure,102231.0
1653727647,H,Gas,1222.2259521484375
1653727647,H,Accelerometer,0.0
1653727647,H,Light,140.0
1653727647,H,IR,0.0
1653727647,H,MIC,3.0
1653727650,H,Temperature,21.73600006103516
1653727650,H,Humidity,35.9640007019043
1653727650,H,Pressure,102231.0
1653727650,H,Gas,1215.5059814453125
1653727650,H,Accelerometer,0.0
1653727650,H,Light,169.0
1653727650,H,IR,0.0
1653727650,H,MIC,3.0
1653727652,D,Temperature,21.065000534057614
1653727652,D,Humidity,36.92699813842773
1653727652,D,Pressure,102238.0
1653727652,D,Gas,647.4349975585938
1653727652,D,Accelerometer,0.0
1653727652,D,Light,505.0
1653727652,D,MIC,3.0
1653727652,D,RSSI,67.0
1653727653,E,Temperature,20.53499984741211
1653727653,E,Humidity,38.04100036621094
1653727653,E,Pressure,102213.0
1653727653,E,Gas,784.6859741210938
1653727653,E,Accelerometer,0.0
1653727653,E,Light,1095.0
1653727653,E,MIC,3.0
1653727653,E,RSSI,77.0
1653727653,B,Temperature,21.5049991607666
1653727653,B,Humidity,38.9109992980957
1653727653,B,Pressure,102176.0
1653727653,B,Gas,1071.89404296875
1653727653,B,Accelerometer,0.0
1653727653,B,Light,76.0
1653727653,B,MIC,3.0
1653727653,B,RSSI,70.0
1653727653,C,Temperature,22.475000381469727
1653727653,C,Humidity,35.417999267578125
1653727653,C,Pressure,102231.0
1653727653,C,Gas,540.68701171875
1653727653,C,Accelerometer,0.0
1653727653,C,Light,3412.0
1653727653,C,MIC,1.0
1653727653,C,RSSI,63.0
1653727654,H,Temperature,21.746000289916992
1653727654,H,Humidity,35.97200012207031
1653727654,H,Pressure,102231.0
1653727654,H,Gas,1214.8199462890625
1653727654,H,Accelerometer,0.0
1653727654,H,Light,148.0
1653727654,H,IR,0.0
1653727654,H,MIC,3.0
1653727655,F,Temperature,22.01499938964844
1653727655,F,Humidity,35.7140007019043
1653727655,F,Pressure,102254.0
1653727655,F,Gas,621.8040161132812
1653727655,F,Accelerometer,0.0
1653727655,F,Light,884.0
1653727655,F,MIC,3.0
1653727655,F,RSSI,80.0
1653727655,A,Temperature,22.19499969482422
1653727655,A,Humidity,36.060001373291016
1653727655,A,Pressure,102206.0
1653727655,A,Gas,576.052001953125
1653727655,A,Accelerometer,0.0
1653727655,A,Light,136.0
1653727655,A,MIC,3.0
1653727655,A,RSSI,92.0
1653727655,G,Temperature,22.03499984741211
1653727655,G,Humidity,36.96699905395508
1653727655,G,Pressure,102235.0
1653727655,G,Gas,536.051025390625
1653727655,G,Accelerometer,0.0
1653727655,G,Light,639.0
1653727655,G,MIC,3.0
1653727655,G,RSSI,73.0
1653727656,H,Temperature,21.746000289916992
1653727656,H,Humidity,35.9739990234375
1653727656,H,Pressure,102233.0
1653727656,H,Gas,1215.7049560546875
1653727656,H,Accelerometer,0.0
1653727656,H,Light,156.0
1653727656,H,IR,0.0
1653727656,H,MIC,3.0
1653727660,C,Temperature,22.475000381469727
1653727660,C,Humidity,35.39500045776367
1653727660,C,Pressure,102231.0
1653727660,C,Gas,533.3270263671875
1653727660,C,Accelerometer,0.0
1653727660,C,Light,3458.0
1653727660,C,MIC,1.0
1653727660,C,RSSI,63.0
1653727660,H,Temperature,21.756000518798828
1653727660,H,Humidity,35.970001220703125
1653727660,H,Pressure,102233.0
1653727660,H,Gas,1218.883056640625
1653727660,H,Accelerometer,0.0
1653727660,H,Light,159.0
1653727660,H,IR,0.0
1653727660,H,MIC,3.0
1653727660,B,Temperature,21.51499938964844
1653727660,B,Humidity,38.89500045776367
1653727660,B,Pressure,102176.0
1653727660,B,Gas,1066.873046875
1653727660,B,Accelerometer,0.0
1653727660,B,Light,61.0
1653727660,B,MIC,3.0
1653727660,B,RSSI,70.0
1653727661,H,Temperature,21.756000518798828
1653727661,H,Humidity,35.97900009155273
1653727661,H,Pressure,102233.0
1653727661,H,Gas,1223.737060546875
1653727661,H,Accelerometer,0.0
1653727661,H,Light,136.0
1653727661,H,IR,0.0
1653727661,H,MIC,3.0
1653727662,D,Temperature,21.075000762939453
1653727662,D,Humidity,36.90499877929688
1653727662,D,Pressure,102238.0
1653727662,D,Gas,644.0390014648438
1653727662,D,Accelerometer,0.0
1653727662,D,Light,492.0
1653727662,D,MIC,3.0
1653727662,D,RSSI,61.0
1653727663,F,Temperature,22.01499938964844
1653727663,F,Humidity,35.71699905395508
1653727663,F,Pressure,102254.0
1653727663,F,Gas,621.6669921875
1653727663,F,Accelerometer,0.0
1653727663,F,Light,899.0
1653727663,F,MIC,3.0
1653727663,F,RSSI,80.0
1653727663,E,Temperature,20.53499984741211
1653727663,E,Humidity,38.01100158691406
1653727663,E,Pressure,102215.0
1653727663,E,Gas,780.6179809570312
1653727663,E,Accelerometer,0.0
1653727663,E,Light,1067.0
1653727663,E,MIC,3.0
1653727663,E,RSSI,81.0
1653727663,H,Temperature,21.756000518798828
1653727663,H,Humidity,35.98300170898437
1653727663,H,Pressure,102231.0
1653727663,H,Gas,1210.4410400390625
1653727663,H,Accelerometer,0.0
1653727663,H,Light,128.0
1653727663,H,IR,0.0
1653727663,H,MIC,3.0
1653727665,G,Temperature,22.024999618530273
1653727665,G,Humidity,37.00600051879883
1653727665,G,Pressure,102235.0
1653727665,G,Gas,540.2329711914061
1653727665,G,Accelerometer,0.0
1653727665,G,Light,625.0
1653727665,G,MIC,3.0
1653727665,G,RSSI,73.0
1653727665,A,Temperature,22.19499969482422
1653727665,A,Humidity,36.10699844360352
1653727665,A,Pressure,102206.0
1653727665,A,Gas,570.2329711914062
1653727665,A,Accelerometer,0.0
1653727665,A,Light,134.0
1653727665,A,MIC,3.0
1653727665,A,RSSI,92.0
1653727667,H,Temperature,21.756000518798828
1653727667,H,Humidity,35.99100112915039
1653727667,H,Pressure,102231.0
1653727667,H,Gas,1216.375
1653727667,H,Accelerometer,0.0
1653727667,H,Light,142.0
1653727667,H,IR,0.0
1653727667,H,MIC,3.0
1653727669,C,Temperature,22.48500061035156
1653727669,C,Humidity,35.39500045776367
1653727669,C,Pressure,102231.0
1653727669,C,Gas,526.989990234375
1653727669,C,Accelerometer,0.0
1653727669,C,Light,3519.0
1653727669,C,MIC,1.0
1653727669,C,RSSI,63.0
1653727670,B,Temperature,21.5049991607666
1653727670,B,Humidity,38.92699813842773
1653727670,B,Pressure,102174.0
1653727670,B,Gas,1060.7120361328123
1653727670,B,Accelerometer,0.0
1653727670,B,Light,73.0
1653727670,B,MIC,3.0
1653727670,B,RSSI,70.0
1653727670,H,Temperature,21.756000518798828
1653727670,H,Humidity,35.999000549316406
1653727670,H,Pressure,102233.0
1653727670,H,Gas,1213.47998046875
1653727670,H,Accelerometer,0.0
1653727670,H,Light,160.0
1653727670,H,IR,0.0
1653727670,H,MIC,3.0
1653727672,D,Temperature,21.075000762939453
1653727672,D,Humidity,36.9010009765625
1653727672,D,Pressure,102238.0
1653727672,D,Gas,636.1190185546875
1653727672,D,Accelerometer,0.0
1653727672,D,Light,470.0
1653727672,D,MIC,3.0
1653727672,D,RSSI,61.0
1653727673,H,Temperature,21.756000518798828
1653727673,H,Humidity,36.00600051879883
1653727673,H,Pressure,102235.0
1653727673,H,Gas,1216.9010009765625
1653727673,H,Accelerometer,0.0
1653727673,H,Light,146.0
1653727673,H,IR,0.0
1653727673,H,MIC,3.0
1653727673,F,Temperature,22.024999618530273
1653727673,F,Humidity,35.69599914550781
1653727673,F,Pressure,102252.0
1653727673,F,Gas,620.3870239257812
1653727673,F,Accelerometer,0.0
1653727673,F,Light,882.0
1653727673,F,MIC,3.0
1653727673,F,RSSI,80.0
1653727673,E,Temperature,20.53499984741211
1653727673,E,Humidity,38.00299835205078
1653727673,E,Pressure,102215.0
1653727673,E,Gas,760.3250122070312
1653727673,E,Accelerometer,0.0
1653727673,E,Light,1034.0
1653727673,E,MIC,3.0
1653727673,E,RSSI,81.0
1653727674,A,Temperature,22.19499969482422
1653727674,A,Humidity,36.12699890136719
1653727674,A,Pressure,102204.0
1653727674,A,Gas,574.9810180664062
1653727674,A,Accelerometer,0.0
1653727674,A,Light,136.0
1653727674,A,MIC,3.0
1653727674,A,RSSI,92.0
1653727675,G,Temperature,22.024999618530273
1653727675,G,Humidity,36.986000061035156
1653727675,G,Pressure,102237.0
1653727675,G,Gas,536.6309814453125
1653727675,G,Accelerometer,0.0
1653727675,G,Light,658.0
1653727675,G,MIC,3.0
1653727675,G,RSSI,73.0
1653727676,H,Temperature,21.756000518798828
1653727676,H,Humidity,36.018001556396484
1653727676,H,Pressure,102237.0
1653727676,H,Gas,1216.375
1653727676,H,Accelerometer,0.0
1653727676,H,Light,144.0
1653727676,H,IR,0.0
1653727676,H,MIC,3.0
1653727678,H,Temperature,21.756000518798828
1653727678,H,Humidity,36.03099822998047
1653727678,H,Pressure,102235.0
1653727678,H,Gas,1221.3680419921875
1653727678,H,Accelerometer,0.0
1653727678,H,Light,125.0
1653727678,H,IR,0.0
1653727678,H,MIC,3.0
1653727680,C,Temperature,22.48500061035156
1653727680,C,Humidity,35.42499923706055
1653727680,C,Pressure,102231.0
1653727680,C,Gas,528.8389892578125
1653727680,C,Accelerometer,0.0
1653727680,C,Light,3679.0
1653727680,C,MIC,1.0
1653727680,C,RSSI,63.0
1653727682,D,Temperature,21.065000534057614
1653727682,D,Humidity,36.900001525878906
1653727682,D,Pressure,102240.0
1653727682,D,Gas,635.0360107421875
1653727682,D,Accelerometer,0.0
1653727682,D,Light,508.0
1653727682,D,MIC,3.0
1653727682,D,RSSI,61.0
1653727682,B,Temperature,21.5049991607666
1653727682,B,Humidity,38.915000915527344
1653727682,B,Pressure,102174.0
1653727682,B,Gas,1062.39501953125
1653727682,B,Accelerometer,0.0
1653727682,B,Light,59.0
1653727682,B,MIC,3.0
1653727682,B,RSSI,65.0
1653727683,H,Temperature,21.756000518798828
1653727683,H,Humidity,36.02000045776367
1653727683,H,Pressure,102233.0
1653727683,H,Gas,1224.760986328125
1653727683,H,Accelerometer,0.0
1653727683,H,Light,114.0
1653727683,H,IR,0.0
1653727683,H,MIC,3.0
1653727683,E,Temperature,20.545000076293945
1653727683,E,Humidity,38.0
1653727683,E,Pressure,102215.0
1653727683,E,Gas,750.3889770507812
1653727683,E,Accelerometer,0.0
1653727683,E,Light,1099.0
1653727683,E,MIC,3.0
1653727683,E,RSSI,81.0
1653727683,F,Temperature,22.01499938964844
1653727683,F,Humidity,35.7239990234375
1653727683,F,Pressure,102252.0
1653727683,F,Gas,622.3800048828125
1653727683,F,Accelerometer,0.0
1653727683,F,Light,879.0
1653727683,F,MIC,3.0
1653727683,F,RSSI,80.0
1653727684,A,Temperature,22.19499969482422
1653727684,A,Humidity,36.125
1653727684,A,Pressure,102204.0
1653727684,A,Gas,576.4349975585938
1653727684,A,Accelerometer,0.0
1653727684,A,Light,140.0
1653727684,A,MIC,3.0
1653727684,A,RSSI,92.0
1653727687,G,Temperature,22.024999618530273
1653727687,G,Humidity,37.00600051879883
1653727687,G,Pressure,102237.0
1653727687,G,Gas,537.0919799804689
1653727687,G,Accelerometer,0.0
1653727687,G,Light,1533.0
1653727687,G,MIC,3.0
1653727687,G,RSSI,73.0
1653727687,H,Temperature,21.766000747680664
1653727687,H,Humidity,35.999000549316406
1653727687,H,Pressure,102231.0
1653727687,H,Gas,1222.8070068359375
1653727687,H,Accelerometer,0.0
1653727687,H,Light,138.0
1653727687,H,IR,0.0
1653727687,H,MIC,3.0
1653727690,H,Temperature,21.766000747680664
1653727690,H,Humidity,36.02199935913086
1653727690,H,Pressure,102233.0
1653727690,H,Gas,1234.97998046875
1653727690,H,Accelerometer,0.0
1653727690,H,Light,167.0
1653727690,H,IR,0.0
1653727690,H,MIC,3.0
1653727690,C,Temperature,22.4950008392334
1653727690,C,Humidity,35.4379997253418
1653727690,C,Pressure,102231.0
1653727690,C,Gas,531.7730102539061
1653727690,C,Accelerometer,0.0
1653727690,C,Light,3831.0
1653727690,C,MIC,1.0
1653727690,C,RSSI,62.0
1653727691,B,Temperature,21.5049991607666
1653727691,B,Humidity,38.90900039672852
1653727691,B,Pressure,102176.0
1653727691,B,Gas,1054.39599609375
1653727691,B,Accelerometer,0.0
1653727691,B,Light,83.0
1653727691,B,MIC,3.0
1653727691,B,RSSI,65.0
1653727692,H,Temperature,21.766000747680664
1653727692,H,Humidity,36.007999420166016
1653727692,H,Pressure,102231.0
1653727692,H,Gas,1231.0050048828125
1653727692,H,Accelerometer,0.0
1653727692,H,Light,165.0
1653727692,H,IR,0.0
1653727692,H,MIC,3.0
1653727692,D,Temperature,21.065000534057614
1653727692,D,Humidity,36.92599868774414
1653727692,D,Pressure,102238.0
1653727692,D,Gas,633.0759887695312
1653727692,D,Accelerometer,0.0
1653727692,D,Light,550.0
1653727692,D,MIC,3.0
1653727692,D,RSSI,61.0
1653727693,F,Temperature,22.024999618530273
1653727693,F,Humidity,35.694000244140625
1653727693,F,Pressure,102252.0
1653727693,F,Gas,622.6060180664062
1653727693,F,Accelerometer,0.0
1653727693,F,Light,903.0
1653727693,F,MIC,3.0
1653727693,F,RSSI,83.0
1653727693,E,Temperature,20.545000076293945
1653727693,E,Humidity,38.0260009765625
1653727693,E,Pressure,102215.0
1653727693,E,Gas,737.5079956054688
1653727693,E,Accelerometer,0.0
1653727693,E,Light,1174.0
1653727693,E,MIC,3.0
1653727693,E,RSSI,81.0
1653727693,H,Temperature,21.766000747680664
1653727693,H,Humidity,36.00899887084961
1653727693,H,Pressure,102231.0
1653727693,H,Gas,1225.425048828125
1653727693,H,Accelerometer,0.0
1653727693,H,Light,169.0
1653727693,H,IR,0.0
1653727693,H,MIC,3.0
1653727694,A,Temperature,22.19499969482422
1653727694,A,Humidity,36.11899948120117
1653727694,A,Pressure,102206.0
1653727694,A,Gas,576.885009765625
1653727694,A,Accelerometer,0.0
1653727694,A,Light,156.0
1653727694,A,MIC,3.0
1653727694,A,RSSI,92.0
1653727695,G,Temperature,22.03499984741211
1653727695,G,Humidity,36.9900016784668
1653727695,G,Pressure,102235.0
1653727695,G,Gas,538.1370239257811
1653727695,G,Accelerometer,0.0
1653727695,G,Light,1635.0
1653727695,G,MIC,3.0
1653727695,G,RSSI,73.0
1653727697,H,Temperature,21.766000747680664
1653727697,H,Humidity,36.0
1653727697,H,Pressure,102231.0
1653727697,H,Gas,1225.6689453125
1653727697,H,Accelerometer,0.0
1653727697,H,Light,183.0
1653727697,H,IR,0.0
1653727697,H,MIC,3.0
1653727699,C,Temperature,22.5049991607666
1653727699,C,Humidity,35.42900085449219
1653727699,C,Pressure,102233.0
1653727699,C,Gas,531.2789916992189
1653727699,C,Accelerometer,0.0
1653727699,C,Light,3861.0
1653727699,C,MIC,1.0
1653727699,C,RSSI,62.0
1653727700,B,Temperature,21.5049991607666
1653727700,B,Humidity,38.88800048828125
1653727700,B,Pressure,102176.0
1653727700,B,Gas,1041.14404296875
1653727700,B,Accelerometer,0.0
1653727700,B,Light,80.0
1653727700,B,MIC,3.0
1653727700,B,RSSI,65.0
1653727700,H,Temperature,21.766000747680664
1653727700,H,Humidity,36.00299835205078
1653727700,H,Pressure,102231.0
1653727700,H,Gas,1235.35595703125
1653727700,H,Accelerometer,0.0
1653727700,H,Light,170.0
1653727700,H,IR,0.0
1653727700,H,MIC,3.0
1653727702,D,Temperature,21.065000534057614
1653727702,D,Humidity,36.94300079345703
1653727702,D,Pressure,102238.0
1653727702,D,Gas,633.39501953125
1653727702,D,Accelerometer,0.0
1653727702,D,Light,512.0
1653727702,D,MIC,3.0
1653727702,D,RSSI,61.0
1653727703,H,Temperature,21.766000747680664
1653727703,H,Humidity,35.99800109863281
1653727703,H,Pressure,102229.0
1653727703,H,Gas,1244.717041015625
1653727703,H,Accelerometer,0.0
1653727703,H,Light,157.0
1653727703,H,IR,0.0
1653727703,H,MIC,3.0
1653727703,F,Temperature,22.024999618530273
1653727703,F,Humidity,35.70899963378906
1653727703,F,Pressure,102252.0
1653727703,F,Gas,621.1749877929688
1653727703,F,Accelerometer,0.0
1653727703,F,Light,908.0
1653727703,F,MIC,3.0
1653727703,F,RSSI,83.0
1653727703,E,Temperature,20.55500030517578
1653727703,E,Humidity,38.00699996948242
1653727703,E,Pressure,102213.0
1653727703,E,Gas,744.3880004882812
1653727703,E,Accelerometer,0.0
1653727703,E,Light,1115.0
1653727703,E,MIC,3.0
1653727703,E,RSSI,81.0
1653727705,A,Temperature,22.19499969482422
1653727705,A,Humidity,36.09199905395508
1653727705,A,Pressure,102202.0
1653727705,A,Gas,574.0969848632812
1653727705,A,Accelerometer,0.0
1653727705,A,Light,151.0
1653727705,A,MIC,3.0
1653727705,A,RSSI,83.0
1653727705,G,Temperature,22.03499984741211
1653727705,G,Humidity,36.98500061035156
1653727705,G,Pressure,102235.0
1653727705,G,Gas,534.8839721679689
1653727705,G,Accelerometer,0.0
1653727705,G,Light,1699.0
1653727705,G,MIC,3.0
1653727705,G,RSSI,73.0
1653727707,H,Temperature,21.775999069213867
1653727707,H,Humidity,35.970001220703125
1653727707,H,Pressure,102231.0
1653727707,H,Gas,1252.427978515625
1653727707,H,Accelerometer,0.0
1653727707,H,Light,116.0
1653727707,H,IR,0.0
1653727707,H,MIC,3.0
1653727709,H,Temperature,21.775999069213867
1653727709,H,Humidity,35.99100112915039
1653727709,H,Pressure,102231.0
1653727709,H,Gas,1245.2869873046875
1653727709,H,Accelerometer,0.0
1653727709,H,Light,105.0
1653727709,H,IR,0.0
1653727709,H,MIC,3.0
1653727710,B,Temperature,21.51499938964844
1653727710,B,Humidity,38.90499877929688
1653727710,B,Pressure,102174.0
1653727710,B,Gas,1028.3299560546877
1653727710,B,Accelerometer,0.0
1653727710,B,Light,43.0
1653727710,B,MIC,3.0
1653727710,B,RSSI,65.0
1653727711,C,Temperature,22.524999618530273
1653727711,C,Humidity,35.380001068115234
1653727711,C,Pressure,102235.0
1653727711,C,Gas,535.9180297851561
1653727711,C,Accelerometer,0.0
1653727711,C,Light,3716.0
1653727711,C,MIC,1.0
1653727711,C,RSSI,62.0
1653727712,H,Temperature,21.766000747680664
1653727712,H,Humidity,35.98400115966797
1653727712,H,Pressure,102233.0
1653727712,H,Gas,1248.72998046875
1653727712,H,Accelerometer,0.0
1653727712,H,Light,138.0
1653727712,H,IR,0.0
1653727712,H,MIC,3.0
1653727712,D,Temperature,21.075000762939453
1653727712,D,Humidity,36.930999755859375
1653727712,D,Pressure,102244.0
1653727712,D,Gas,627.6580200195312
1653727712,D,Accelerometer,0.0
1653727712,D,Light,530.0
1653727712,D,MIC,3.0
1653727712,D,RSSI,60.0
1653727713,F,Temperature,22.01499938964844
1653727713,F,Humidity,35.72700119018555
1653727713,F,Pressure,102250.0
1653727713,F,Gas,618.2039794921875
1653727713,F,Accelerometer,0.0
1653727713,F,Light,857.0
1653727713,F,MIC,3.0
1653727713,F,RSSI,83.0
1653727714,E,Temperature,20.55500030517578
1653727714,E,Humidity,38.00500106811523
1653727714,E,Pressure,102213.0
1653727714,E,Gas,735.77001953125
1653727714,E,Accelerometer,0.0
1653727714,E,Light,1158.0
1653727714,E,MIC,3.0
1653727714,E,RSSI,68.0
1653727714,A,Temperature,22.20499992370605
1653727714,A,Humidity,36.09099960327149
1653727714,A,Pressure,102202.0
1653727714,A,Gas,572.9329833984375
1653727714,A,Accelerometer,0.0
1653727714,A,Light,156.0
1653727714,A,MIC,3.0
1653727714,A,RSSI,83.0
1653727715,G,Temperature,22.045000076293945
1653727715,G,Humidity,36.96900177001953
1653727715,G,Pressure,102235.0
1653727715,G,Gas,539.39697265625
1653727715,G,Accelerometer,0.0
1653727715,G,Light,1863.0
1653727715,G,MIC,3.0
1653727715,G,RSSI,73.0
1653727715,H,Temperature,21.766000747680664
1653727715,H,Humidity,35.97200012207031
1653727715,H,Pressure,102233.0
1653727715,H,Gas,1248.4029541015625
1653727715,H,Accelerometer,0.0
1653727715,H,Light,159.0
1653727715,H,IR,0.0
1653727715,H,MIC,3.0
1653727718,H,Temperature,21.756000518798828
1653727718,H,Humidity,35.98699951171875
1653727718,H,Pressure,102231.0
1653727718,H,Gas,1242.801025390625
1653727718,H,Accelerometer,0.0
1653727718,H,Light,187.0
1653727718,H,IR,0.0
1653727718,H,MIC,3.0
1653727719,C,Temperature,22.524999618530273
1653727719,C,Humidity,35.382999420166016
1653727719,C,Pressure,102229.0
1653727719,C,Gas,539.3770141601561
1653727719,C,Accelerometer,0.0
1653727719,C,Light,3842.0
1653727719,C,MIC,1.0
1653727719,C,RSSI,62.0
1653727720,B,Temperature,21.51499938964844
1653727720,B,Humidity,38.92100143432617
1653727720,B,Pressure,102172.0
1653727720,B,Gas,1026.33203125
1653727720,B,Accelerometer,0.0
1653727720,B,Light,87.0
1653727720,B,MIC,3.0
1653727720,B,RSSI,65.0
1653727721,H,Temperature,21.756000518798828
1653727721,H,Humidity,35.9640007019043
1653727721,H,Pressure,102231.0
1653727721,H,Gas,1236.2969970703125
1653727721,H,Accelerometer,0.0
1653727721,H,Light,176.0
1653727721,H,IR,0.0
1653727721,H,MIC,3.0
1653727722,D,Temperature,21.075000762939453
1653727722,D,Humidity,36.92300033569336
1653727722,D,Pressure,102240.0
1653727722,D,Gas,629.0050048828125
1653727722,D,Accelerometer,0.0
1653727722,D,Light,583.0
1653727722,D,MIC,3.0
1653727722,D,RSSI,60.0
1653727723,F,Temperature,22.024999618530273
1653727723,F,Humidity,35.68000030517578
1653727723,F,Pressure,102250.0
1653727723,F,Gas,614.3159790039062
1653727723,F,Accelerometer,0.0
1653727723,F,Light,934.0
1653727723,F,MIC,3.0
1653727723,F,RSSI,83.0
1653727723,E,Temperature,20.55500030517578
1653727723,E,Humidity,38.0009994506836
1653727723,E,Pressure,102211.0
1653727723,E,Gas,730.22900390625
1653727723,E,Accelerometer,0.0
1653727723,E,Light,1245.0
1653727723,E,MIC,3.0
1653727723,E,RSSI,68.0
1653727724,H,Temperature,21.756000518798828
1653727724,H,Humidity,35.96099853515625
1653727724,H,Pressure,102229.0
1653727724,H,Gas,1226.3499755859375
1653727724,H,Accelerometer,0.0
1653727724,H,Light,181.0
1653727724,H,IR,0.0
1653727724,H,MIC,3.0
1653727724,A,Temperature,22.20499992370605
1653727724,A,Humidity,36.09099960327149
1653727724,A,Pressure,102202.0
1653727724,A,Gas,570.1430053710938
1653727724,A,Accelerometer,0.0
1653727724,A,Light,166.0
1653727724,A,MIC,3.0
1653727724,A,RSSI,83.0
1653727725,G,Temperature,22.05500030517578
1653727725,G,Humidity,36.96099853515625
1653727725,G,Pressure,102233.0
1653727725,G,Gas,540.5499877929689
1653727725,G,Accelerometer,0.0
1653727725,G,Light,2009.0
1653727725,G,MIC,3.0
1653727725,G,RSSI,73.0
1653727727,H,Temperature,21.756000518798828
1653727727,H,Humidity,35.95800018310547
1653727727,H,Pressure,102229.0
1653727727,H,Gas,1219.5360107421875
1653727727,H,Accelerometer,0.0
1653727727,H,Light,188.0
1653727727,H,IR,0.0
1653727727,H,MIC,3.0
1653727729,C,Temperature,22.53499984741211
1653727729,C,Humidity,35.35499954223633
1653727729,C,Pressure,102229.0
1653727729,C,Gas,540.7579956054689
1653727729,C,Accelerometer,0.0
1653727729,C,Light,4054.0
1653727729,C,MIC,1.0
1653727729,C,RSSI,62.0
1653727730,B,Temperature,21.5049991607666
1653727730,B,Humidity,38.92200088500977
1653727730,B,Pressure,102172.0
1653727730,B,Gas,1044.864013671875
1653727730,B,Accelerometer,0.0
1653727730,B,Light,80.0
1653727730,B,MIC,3.0
1653727730,B,RSSI,65.0
1653727730,H,Temperature,21.756000518798828
1653727730,H,Humidity,35.970001220703125
1653727730,H,Pressure,102225.0
1653727730,H,Gas,1212.06298828125
1653727730,H,Accelerometer,0.0
1653727730,H,Light,158.0
1653727730,H,IR,0.0
1653727730,H,MIC,3.0
1653727732,D,Temperature,21.075000762939453
1653727732,D,Humidity,36.93600082397461
1653727732,D,Pressure,102238.0
1653727732,D,Gas,627.239990234375
1653727732,D,Accelerometer,0.0
1653727732,D,Light,578.0
1653727732,D,MIC,3.0
1653727732,D,RSSI,60.0
1653727733,E,Temperature,20.55500030517578
1653727733,E,Humidity,38.00500106811523
1653727733,E,Pressure,102213.0
1653727733,E,Gas,707.7269897460938
1653727733,E,Accelerometer,0.0
1653727733,E,Light,1242.0
1653727733,E,MIC,3.0
1653727733,E,RSSI,68.0
1653727734,H,Temperature,21.756000518798828
1653727734,H,Humidity,35.96900177001953
1653727734,H,Pressure,102231.0
1653727734,H,Gas,1206.9320068359375
1653727734,H,Accelerometer,0.0
1653727734,H,Light,158.0
1653727734,H,IR,0.0
1653727734,H,MIC,3.0
1653727734,F,Temperature,22.01499938964844
1653727734,F,Humidity,35.70399856567383
1653727734,F,Pressure,102248.0
1653727734,F,Gas,606.10498046875
1653727734,F,Accelerometer,0.0
1653727734,F,Light,907.0
1653727734,F,MIC,3.0
1653727734,F,RSSI,83.0
1653727734,G,Temperature,22.05500030517578
1653727734,G,Humidity,36.98199844360352
1653727734,G,Pressure,102233.0
1653727734,G,Gas,542.4829711914061
1653727734,G,Accelerometer,0.0
1653727734,G,Light,2058.0
1653727734,G,MIC,3.0
1653727734,G,RSSI,73.0
1653727735,A,Temperature,22.20499992370605
1653727735,A,Humidity,36.11600112915039
1653727735,A,Pressure,102198.0
1653727735,A,Gas,570.2639770507812
1653727735,A,Accelerometer,0.0
1653727735,A,Light,163.0
1653727735,A,MIC,3.0
1653727735,A,RSSI,83.0
1653727737,H,Temperature,21.756000518798828
1653727737,H,Humidity,35.95899963378906
1653727737,H,Pressure,102231.0
1653727737,H,Gas,1203.449951171875
1653727737,H,Accelerometer,0.0
1653727737,H,Light,191.0
1653727737,H,IR,0.0
1653727737,H,MIC,3.0
1653727739,H,Temperature,21.766000747680664
1653727739,H,Humidity,35.9379997253418
1653727739,H,Pressure,102229.0
1653727739,H,Gas,1202.3759765625
1653727739,H,Accelerometer,0.0
1653727739,H,Light,173.0
1653727739,H,IR,0.0
1653727739,H,MIC,3.0
1653727739,C,Temperature,22.545000076293945
1653727739,C,Humidity,35.34600067138672
1653727739,C,Pressure,102231.0
1653727739,C,Gas,544.9359741210939
1653727739,C,Accelerometer,0.0
1653727739,C,Light,4232.0
1653727739,C,MIC,1.0
1653727739,C,RSSI,67.0
1653727740,B,Temperature,21.5049991607666
1653727740,B,Humidity,38.91799926757813
1653727740,B,Pressure,102170.0
1653727740,B,Gas,1037.8070068359377
1653727740,B,Accelerometer,0.0
1653727740,B,Light,98.0
1653727740,B,MIC,3.0
1653727740,B,RSSI,65.0
1653727742,H,Temperature,21.756000518798828
1653727742,H,Humidity,35.972999572753906
1653727742,H,Pressure,102225.0
1653727742,H,Gas,1205.8079833984375
1653727742,H,Accelerometer,0.0
1653727742,H,Light,106.0
1653727742,H,IR,0.0
1653727742,H,MIC,3.0
1653727742,D,Temperature,21.075000762939453
1653727742,D,Humidity,36.93299865722656
1653727742,D,Pressure,102236.0
1653727742,D,Gas,624.7930297851562
1653727742,D,Accelerometer,0.0
1653727742,D,Light,572.0
1653727742,D,MIC,3.0
1653727742,D,RSSI,60.0
1653727743,E,Temperature,20.565000534057614
1653727743,E,Humidity,37.99700164794922
1653727743,E,Pressure,102211.0
1653727743,E,Gas,696.4349975585938
1653727743,E,Accelerometer,0.0
1653727743,E,Light,1199.0
1653727743,E,MIC,3.0
1653727743,E,RSSI,68.0
1653727743,F,Temperature,22.024999618530273
1653727743,F,Humidity,35.678001403808594
1653727743,F,Pressure,102248.0
1653727743,F,Gas,612.0440063476562
1653727743,F,Accelerometer,0.0
1653727743,F,Light,930.0
1653727743,F,MIC,3.0
1653727743,F,RSSI,82.0
1653727745,G,Temperature,22.05500030517578
1653727745,G,Humidity,36.97100067138672
1653727745,G,Pressure,102229.0
1653727745,G,Gas,540.5499877929689
1653727745,G,Accelerometer,0.0
1653727745,G,Light,1916.0
1653727745,G,MIC,3.0
1653727745,G,RSSI,73.0
1653727745,H,Temperature,21.756000518798828
1653727745,H,Humidity,35.97800064086914
1653727745,H,Pressure,102225.0
1653727745,H,Gas,1210.9010009765625
1653727745,H,Accelerometer,0.0
1653727745,H,Light,95.0
1653727745,H,IR,0.0
1653727745,H,MIC,3.0
1653727745,A,Temperature,22.19499969482422
1653727745,A,Humidity,36.1349983215332
1653727745,A,Pressure,102200.0
1653727745,A,Gas,573.0609741210938
1653727745,A,Accelerometer,0.0
1653727745,A,Light,146.0
1653727745,A,MIC,3.0
1653727745,A,RSSI,83.0
1653727748,H,Temperature,21.756000518798828
1653727748,H,Humidity,35.99499893188477
1653727748,H,Pressure,102229.0
1653727748,H,Gas,1212.9539794921875
1653727748,H,Accelerometer,0.0
1653727748,H,Light,93.0
1653727748,H,IR,0.0
1653727748,H,MIC,3.0
1653727749,C,Temperature,22.55500030517578
1653727749,C,Humidity,35.31800079345703
1653727749,C,Pressure,102229.0
1653727749,C,Gas,548.6339721679689
1653727749,C,Accelerometer,0.0
1653727749,C,Light,4163.0
1653727749,C,MIC,1.0
1653727749,C,RSSI,67.0
1653727750,B,Temperature,21.5049991607666
1653727750,B,Humidity,38.928001403808594
1653727750,B,Pressure,102170.0
1653727750,B,Gas,1024.488037109375
1653727750,B,Accelerometer,0.0
1653727750,B,Light,38.0
1653727750,B,MIC,3.0
1653727750,B,RSSI,65.0
1653727752,H,Temperature,21.756000518798828
1653727752,H,Humidity,35.99399948120117
1653727752,H,Pressure,102229.0
1653727752,H,Gas,1218.4730224609375
1653727752,H,Accelerometer,0.0
1653727752,H,Light,98.0
1653727752,H,IR,0.0
1653727752,H,MIC,3.0
1653727752,D,Temperature,21.084999084472656
1653727752,D,Humidity,36.91999816894531
1653727752,D,Pressure,102238.0
1653727752,D,Gas,624.7490234375
1653727752,D,Accelerometer,0.0
1653727752,D,Light,537.0
1653727752,D,MIC,3.0
1653727752,D,RSSI,60.0
1653727753,F,Temperature,22.01499938964844
1653727753,F,Humidity,35.707000732421875
1653727753,F,Pressure,102248.0
1653727753,F,Gas,610.5670166015625
1653727753,F,Accelerometer,0.0
1653727753,F,Light,842.0
1653727753,F,MIC,3.0
1653727753,F,RSSI,82.0
1653727753,E,Temperature,20.565000534057614
1653727753,E,Humidity,37.98799896240234
1653727753,E,Pressure,102211.0
1653727753,E,Gas,707.1840209960938
1653727753,E,Accelerometer,0.0
1653727753,E,Light,1207.0
1653727753,E,MIC,3.0
1653727753,E,RSSI,68.0
1653727755,A,Temperature,22.20499992370605
1653727755,A,Humidity,36.099998474121094
1653727755,A,Pressure,102200.0
1653727755,A,Gas,573.47998046875
1653727755,A,Accelerometer,0.0
1653727755,A,Light,159.0
1653727755,A,MIC,3.0
1653727755,A,RSSI,83.0
1653727755,G,Temperature,22.05500030517578
1653727755,G,Humidity,36.96200180053711
1653727755,G,Pressure,102231.0
1653727755,G,Gas,538.3759765625
1653727755,G,Accelerometer,0.0
1653727755,G,Light,2121.0
1653727755,G,MIC,3.0
1653727755,G,RSSI,72.0
1653727756,H,Temperature,21.756000518798828
1653727756,H,Humidity,36.01900100708008
1653727756,H,Pressure,102231.0
1653727756,H,Gas,1217.9969482421875
1653727756,H,Accelerometer,0.0
1653727756,H,Light,186.0
1653727756,H,IR,0.0
1653727756,H,MIC,3.0
1653727758,H,Temperature,21.756000518798828
1653727758,H,Humidity,36.03099822998047
1653727758,H,Pressure,102227.0
1653727758,H,Gas,1213.425048828125
1653727758,H,Accelerometer,0.0
1653727758,H,Light,191.0
1653727758,H,IR,0.0
1653727758,H,MIC,3.0
1653727759,C,Temperature,22.55500030517578
1653727759,C,Humidity,35.3129997253418
1653727759,C,Pressure,102227.0
1653727760,C,Gas,544.14599609375
1653727760,C,Accelerometer,0.0
1653727760,C,Light,4583.0
1653727760,C,MIC,1.0
1653727760,C,RSSI,67.0
1653727761,B,Temperature,21.5049991607666
1653727761,B,Humidity,38.93199920654297
1653727761,B,Pressure,102170.0
1653727761,B,Gas,1018.0339965820312
1653727761,B,Accelerometer,0.0
1653727761,B,Light,97.0
1653727761,B,MIC,3.0
1653727761,B,RSSI,65.0
1653727761,H,Temperature,21.756000518798828
1653727761,H,Humidity,36.04199981689453
1653727761,H,Pressure,102229.0
1653727761,H,Gas,1206.001953125
1653727761,H,Accelerometer,0.0
1653727761,H,Light,195.0
1653727761,H,IR,0.0
1653727761,H,MIC,3.0
1653727762,D,Temperature,21.084999084472656
1653727762,D,Humidity,36.91799926757813
1653727762,D,Pressure,102236.0
1653727762,D,Gas,627.3839721679688
1653727762,D,Accelerometer,0.0
1653727762,D,Light,603.0
1653727762,D,MIC,3.0
1653727762,D,RSSI,60.0
1653727763,E,Temperature,20.55500030517578
1653727763,E,Humidity,38.027000427246094
1653727763,E,Pressure,102211.0
1653727763,E,Gas,698.6380004882812
1653727763,E,Accelerometer,0.0
1653727763,E,Light,1281.0
1653727763,E,MIC,3.0
1653727763,E,RSSI,77.0
1653727763,F,Temperature,22.024999618530273
1653727763,F,Humidity,35.68299865722656
1653727763,F,Pressure,102248.0
1653727763,F,Gas,607.3920288085938
1653727763,F,Accelerometer,0.0
1653727763,F,Light,931.0
1653727763,F,MIC,3.0
1653727763,F,RSSI,82.0
1653727764,H,Temperature,21.756000518798828
1653727764,H,Humidity,36.018001556396484
1653727764,H,Pressure,102227.0
1653727764,H,Gas,1213.324951171875
1653727764,H,Accelerometer,0.0
1653727764,H,Light,198.0
1653727764,H,IR,0.0
1653727764,H,MIC,3.0
1653727764,G,Temperature,22.065000534057614
1653727764,G,Humidity,36.95800018310547
1653727764,G,Pressure,102231.0
1653727764,G,Gas,534.8330078125
1653727764,G,Accelerometer,0.0
1653727764,G,Light,2144.0
1653727764,G,MIC,3.0
1653727764,G,RSSI,72.0
1653727766,A,Temperature,22.20499992370605
1653727766,A,Humidity,36.0880012512207
1653727766,A,Pressure,102198.0
1653727766,A,Gas,570.041015625
1653727766,A,Accelerometer,0.0
1653727766,A,Light,169.0
1653727766,A,MIC,3.0
1653727766,A,RSSI,83.0
1653727768,H,Temperature,21.746000289916992
1653727768,H,Humidity,36.02000045776367
1653727768,H,Pressure,102229.0
1653727768,H,Gas,1203.322021484375
1653727768,H,Accelerometer,0.0
1653727768,H,Light,198.0
1653727768,H,IR,0.0
1653727768,H,MIC,3.0
1653727769,B,Temperature,21.5049991607666
1653727769,B,Humidity,38.9379997253418
1653727769,B,Pressure,102170.0
1653727769,B,Gas,1018.2329711914062
1653727769,B,Accelerometer,0.0
1653727769,B,Light,101.0
1653727769,B,MIC,3.0
1653727769,B,RSSI,65.0
1653727771,H,Temperature,21.746000289916992
1653727771,H,Humidity,36.00899887084961
1653727771,H,Pressure,102231.0
1653727771,H,Gas,1218.4949951171875
1653727771,H,Accelerometer,0.0
1653727771,H,Light,193.0
1653727771,H,IR,0.0
1653727771,H,MIC,3.0
1653727772,D,Temperature,21.084999084472656
1653727772,D,Humidity,36.90299987792969
1653727772,D,Pressure,102240.0
1653727772,D,Gas,624.5009765625
1653727772,D,Accelerometer,0.0
1653727772,D,Light,589.0
1653727772,D,MIC,3.0
1653727772,D,RSSI,60.0
1653727772,H,Temperature,21.746000289916992
1653727772,H,Humidity,36.00199890136719
1653727772,H,Pressure,102227.0
1653727772,H,Gas,1213.866943359375
1653727772,H,Accelerometer,0.0
1653727772,H,Light,157.0
1653727772,H,IR,0.0
1653727772,H,MIC,3.0
1653727773,F,Temperature,22.024999618530273
1653727773,F,Humidity,35.70000076293945
1653727773,F,Pressure,102248.0
1653727773,F,Gas,603.3779907226562
1653727773,F,Accelerometer,0.0
1653727773,F,Light,913.0
1653727773,F,MIC,3.0
1653727773,F,RSSI,82.0
1653727773,E,Temperature,20.55500030517578
1653727773,E,Humidity,38.01800155639648
1653727773,E,Pressure,102207.0
1653727773,E,Gas,703.2100219726562
1653727773,E,Accelerometer,0.0
1653727773,E,Light,1272.0
1653727773,E,MIC,3.0
1653727773,E,RSSI,77.0
1653727776,C,Temperature,22.565000534057614
1653727776,C,Humidity,35.277000427246094
1653727776,C,Pressure,102231.0
1653727776,C,Gas,542.22802734375
1653727776,C,Accelerometer,0.0
1653727776,C,Light,4827.0
1653727776,C,MIC,1.0
1653727776,C,RSSI,67.0
1653727776,G,Temperature,22.065000534057614
1653727776,G,Humidity,36.94400024414063
1653727776,G,Pressure,102231.0
1653727776,G,Gas,533.0289916992189
1653727776,G,Accelerometer,0.0
1653727776,G,Light,1935.0
1653727776,G,MIC,3.0
1653727776,G,RSSI,72.0
1653727776,H,Temperature,21.756000518798828
1653727776,H,Humidity,35.97600173950195
1653727776,H,Pressure,102229.0
1653727776,H,Gas,1207.862060546875
1653727776,H,Accelerometer,0.0
1653727776,H,Light,148.0
1653727776,H,IR,0.0
1653727776,H,MIC,3.0
1653727778,A,Temperature,22.20499992370605
1653727778,A,Humidity,36.10200119018555
1653727778,A,Pressure,102198.0
1653727778,A,Gas,567.6380004882812
1653727778,A,Accelerometer,0.0
1653727778,A,Light,147.0
1653727778,A,MIC,3.0
1653727778,A,RSSI,83.0
1653727779,H,Temperature,21.756000518798828
1653727779,H,Humidity,35.97200012207031
1653727779,H,Pressure,102227.0
1653727779,H,Gas,1196.81298828125
1653727779,H,Accelerometer,0.0
1653727779,H,Light,149.0
1653727779,H,IR,0.0
1653727779,H,MIC,3.0
1653727779,C,Temperature,22.565000534057614
1653727779,C,Humidity,35.27199935913086
1653727779,C,Pressure,102231.0
1653727779,C,Gas,536.8170166015625
1653727779,C,Accelerometer,0.0
1653727779,C,Light,4739.0
1653727779,C,MIC,1.0
1653727779,C,RSSI,67.0
1653727781,B,Temperature,21.5049991607666
1653727781,B,Humidity,38.93299865722656
1653727781,B,Pressure,102168.0
1653727781,B,Gas,1008.4580078125
1653727781,B,Accelerometer,0.0
1653727781,B,Light,75.0
1653727781,B,MIC,3.0
1653727781,B,RSSI,68.0
1653727782,H,Temperature,21.756000518798828
1653727782,H,Humidity,35.97800064086914
1653727782,H,Pressure,102229.0
1653727782,H,Gas,1198.865966796875
1653727782,H,Accelerometer,0.0
1653727782,H,Light,157.0
1653727782,H,IR,0.0
1653727782,H,MIC,3.0
1653727782,D,Temperature,21.075000762939453
1653727782,D,Humidity,36.92900085449219
1653727782,D,Pressure,102238.0
1653727782,D,Gas,620.489013671875
1653727782,D,Accelerometer,0.0
1653727782,D,Light,497.0
1653727782,D,MIC,3.0
1653727782,D,RSSI,60.0
1653727783,F,Temperature,22.01499938964844
1653727783,F,Humidity,35.71500015258789
1653727783,F,Pressure,102246.0
1653727783,F,Gas,605.35302734375
1653727783,F,Accelerometer,0.0
1653727783,F,Light,828.0
1653727783,F,MIC,3.0
1653727783,F,RSSI,82.0
1653727783,E,Temperature,20.55500030517578
1653727783,E,Humidity,38.03300094604492
1653727783,E,Pressure,102209.0
1653727783,E,Gas,694.8289794921875
1653727783,E,Accelerometer,0.0
1653727783,E,Light,1118.0
1653727783,E,MIC,3.0
1653727783,E,RSSI,77.0
1653727786,G,Temperature,22.075000762939453
1653727786,G,Humidity,36.9379997253418
1653727786,G,Pressure,102229.0
1653727786,G,Gas,530.698974609375
1653727786,G,Accelerometer,0.0
1653727786,G,Light,1951.0
1653727786,G,MIC,3.0
1653727786,G,RSSI,72.0
1653727786,H,Temperature,21.756000518798828
1653727786,H,Humidity,35.99100112915039
1653727786,H,Pressure,102227.0
1653727786,H,Gas,1194.6929931640625
1653727786,H,Accelerometer,0.0
1653727786,H,Light,152.0
1653727786,H,IR,0.0
1653727786,H,MIC,3.0
1653727787,A,Temperature,22.20499992370605
1653727787,A,Humidity,36.12900161743164
1653727787,A,Pressure,102198.0
1653727787,A,Gas,567.2160034179688
1653727787,A,Accelerometer,0.0
1653727787,A,Light,138.0
1653727787,A,MIC,3.0
1653727787,A,RSSI,83.0
1653727789,H,Temperature,21.756000518798828
1653727789,H,Humidity,35.992000579833984
1653727789,H,Pressure,102227.0
1653727789,H,Gas,1197.322021484375
1653727789,H,Accelerometer,0.0
1653727789,H,Light,174.0
1653727789,H,IR,0.0
1653727789,H,MIC,3.0
1653727791,B,Temperature,21.5049991607666
1653727791,B,Humidity,38.91999816894531
1653727791,B,Pressure,102168.0
1653727791,B,Gas,993.323974609375
1653727791,B,Accelerometer,0.0
1653727791,B,Light,92.0
1653727791,B,MIC,3.0
1653727791,B,RSSI,68.0
1653727791,H,Temperature,21.746000289916992
1653727791,H,Humidity,36.020999908447266
1653727791,H,Pressure,102225.0
1653727791,H,Gas,1200.5439453125
1653727791,H,Accelerometer,0.0
1653727791,H,Light,182.0
1653727791,H,IR,0.0
1653727791,H,MIC,3.0
1653727792,C,Temperature,22.565000534057614
1653727792,C,Humidity,35.29600143432617
1653727792,C,Pressure,102229.0
1653727792,C,Gas,541.7789916992189
1653727792,C,Accelerometer,0.0
1653727792,C,Light,4950.0
1653727792,C,MIC,1.0
1653727792,C,RSSI,67.0
1653727792,D,Temperature,21.084999084472656
1653727792,D,Humidity,36.90900039672852
1653727792,D,Pressure,102236.0
1653727792,D,Gas,613.8200073242188
1653727792,D,Accelerometer,0.0
1653727792,D,Light,556.0
1653727792,D,MIC,3.0
1653727792,D,RSSI,60.0
1653727793,F,Temperature,22.024999618530273
1653727793,F,Humidity,35.722999572753906
1653727793,F,Pressure,102246.0
1653727793,F,Gas,605.6099853515625
1653727793,F,Accelerometer,0.0
1653727793,F,Light,880.0
1653727793,F,MIC,3.0
1653727793,F,RSSI,83.0
1653727793,E,Temperature,20.55500030517578
1653727793,E,Humidity,38.04299926757813
1653727793,E,Pressure,102207.0
1653727793,E,Gas,704.6820068359375
1653727793,E,Accelerometer,0.0
1653727793,E,Light,1241.0
1653727793,E,MIC,3.0
1653727793,E,RSSI,77.0
1653727794,H,Temperature,21.756000518798828
1653727794,H,Humidity,35.98899841308594
1653727794,H,Pressure,102227.0
1653727794,H,Gas,1193.02099609375
1653727794,H,Accelerometer,0.0
1653727794,H,Light,145.0
1653727794,H,IR,0.0
1653727794,H,MIC,3.0
1653727795,G,Temperature,22.075000762939453
1653727795,G,Humidity,36.946998596191406
1653727795,G,Pressure,102229.0
1653727795,G,Gas,530.4840087890625
1653727795,G,Accelerometer,0.0
1653727795,G,Light,1966.0
1653727795,G,MIC,3.0
1653727795,G,RSSI,72.0
1653727796,A,Temperature,22.19499969482422
1653727796,A,Humidity,36.17599868774414
1653727796,A,Pressure,102198.0
1653727796,A,Gas,561.3300170898439
1653727796,A,Accelerometer,0.0
1653727796,A,Light,148.0
1653727796,A,MIC,3.0
1653727796,A,RSSI,83.0
1653727798,H,Temperature,21.756000518798828
1653727798,H,Humidity,35.99599838256836
1653727798,H,Pressure,102229.0
1653727798,H,Gas,1186.4010009765625
1653727798,H,Accelerometer,0.0
1653727798,H,Light,130.0
1653727798,H,IR,0.0
1653727798,H,MIC,3.0
1653727799,C,Temperature,22.565000534057614
1653727799,C,Humidity,35.31399917602539
1653727799,C,Pressure,102227.0
1653727799,C,Gas,538.9030151367189
1653727799,C,Accelerometer,0.0
1653727799,C,Light,5040.0
1653727799,C,MIC,1.0
1653727799,C,RSSI,67.0
1653727800,B,Temperature,21.5049991607666
1653727800,B,Humidity,38.94900131225586
1653727800,B,Pressure,102170.0
1653727800,B,Gas,993.6229858398438
1653727800,B,Accelerometer,0.0
1653727800,B,Light,64.0
1653727800,B,MIC,3.0
1653727800,B,RSSI,68.0
1653727800,H,Temperature,21.756000518798828
1653727800,H,Humidity,36.00199890136719
1653727800,H,Pressure,102227.0
1653727800,H,Gas,1187.342041015625
1653727800,H,Accelerometer,0.0
1653727800,H,Light,133.0
1653727800,H,IR,0.0
1653727800,H,MIC,3.0
1653727802,D,Temperature,21.084999084472656
1653727802,D,Humidity,36.9109992980957
1653727802,D,Pressure,102236.0
1653727802,D,Gas,608.7160034179688
1653727802,D,Accelerometer,0.0
1653727802,D,Light,530.0
1653727802,D,MIC,3.0
1653727802,D,RSSI,60.0
1653727803,H,Temperature,21.756000518798828
1653727803,H,Humidity,35.98699951171875
1653727803,H,Pressure,102227.0
1653727803,H,Gas,1185.2550048828125
1653727803,H,Accelerometer,0.0
1653727803,H,Light,169.0
1653727803,H,IR,0.0
1653727803,H,MIC,3.0
1653727803,F,Temperature,22.024999618530273
1653727803,F,Humidity,35.71200180053711
1653727803,F,Pressure,102246.0
1653727803,F,Gas,607.1110229492188
1653727803,F,Accelerometer,0.0
1653727803,F,Light,831.0
1653727803,F,MIC,3.0
1653727803,F,RSSI,83.0
1653727803,E,Temperature,20.55500030517578
1653727803,E,Humidity,38.03799819946289
1653727803,E,Pressure,102207.0
1653727803,E,Gas,708.2420043945312
1653727803,E,Accelerometer,0.0
1653727803,E,Light,1190.0
1653727803,E,MIC,3.0
1653727803,E,RSSI,77.0
1653727804,A,Temperature,22.19499969482422
1653727804,A,Humidity,36.17699813842773
1653727804,A,Pressure,102200.0
1653727804,A,Gas,566.4429931640625
1653727804,A,Accelerometer,0.0
1653727804,A,Light,154.0
1653727804,A,MIC,3.0
1653727804,A,RSSI,82.0
1653727805,G,Temperature,22.075000762939453
1653727805,G,Humidity,36.95100021362305
1653727805,G,Pressure,102233.0
1653727805,G,Gas,534.0449829101561
1653727805,G,Accelerometer,0.0
1653727805,G,Light,2076.0
1653727805,G,MIC,3.0
1653727805,G,RSSI,72.0
1653727806,H,Temperature,21.746000289916992
1653727806,H,Humidity,36.005001068115234
1653727806,H,Pressure,102229.0
1653727806,H,Gas,1174.177978515625
1653727806,H,Accelerometer,0.0
1653727806,H,Light,149.0
1653727806,H,IR,0.0
1653727806,H,MIC,3.0
1653727809,H,Temperature,21.73600006103516
1653727809,H,Humidity,36.01900100708008
1653727809,H,Pressure,102231.0
1653727809,H,Gas,1173.614013671875
1653727809,H,Accelerometer,0.0
1653727809,H,Light,131.0
1653727809,H,IR,0.0
1653727809,H,MIC,3.0
1653727809,C,Temperature,22.55500030517578
1653727809,C,Humidity,35.28900146484375
1653727809,C,Pressure,102229.0
1653727809,C,Gas,530.52197265625
1653727809,C,Accelerometer,0.0
1653727809,C,Light,5288.0
1653727809,C,MIC,1.0
1653727809,C,RSSI,67.0
1653727810,B,Temperature,21.5049991607666
1653727810,B,Humidity,38.93899917602539
1653727810,B,Pressure,102170.0
1653727810,B,Gas,992.2659912109376
1653727810,B,Accelerometer,0.0
1653727810,B,Light,70.0
1653727810,B,MIC,3.0
1653727810,B,RSSI,68.0
1653727812,H,Temperature,21.73600006103516
1653727812,H,Humidity,36.02899932861328
1653727812,H,Pressure,102229.0
1653727812,H,Gas,1181.5069580078125
1653727812,H,Accelerometer,0.0
1653727812,H,Light,127.0
1653727812,H,IR,0.0
1653727812,H,MIC,3.0
1653727812,D,Temperature,21.075000762939453
1653727812,D,Humidity,36.94499969482422
1653727812,D,Pressure,102238.0
1653727812,D,Gas,608.0980224609375
1653727812,D,Accelerometer,0.0
1653727812,D,Light,554.0
1653727812,D,MIC,3.0
1653727812,D,RSSI,67.0
1653727813,F,Temperature,22.024999618530273
1653727813,F,Humidity,35.709999084472656
1653727813,F,Pressure,102248.0
1653727813,F,Gas,607.4359741210938
1653727813,F,Accelerometer,0.0
1653727813,F,Light,826.0
1653727813,F,MIC,3.0
1653727813,F,RSSI,83.0
1653727813,E,Temperature,20.545000076293945
1653727813,E,Humidity,38.02099990844727
1653727813,E,Pressure,102211.0
1653727813,E,Gas,685.4520263671875
1653727813,E,Accelerometer,0.0
1653727813,E,Light,1202.0
1653727813,E,MIC,3.0
1653727813,E,RSSI,77.0
1653727814,G,Temperature,22.075000762939453
1653727814,G,Humidity,36.93199920654297
1653727814,G,Pressure,102231.0
1653727814,G,Gas,529.89501953125
1653727814,G,Accelerometer,0.0
1653727814,G,Light,1901.0
1653727814,G,MIC,3.0
1653727814,G,RSSI,72.0
1653727815,A,Temperature,22.19499969482422
1653727815,A,Humidity,36.20700073242188
1653727815,A,Pressure,102202.0
1653727815,A,Gas,570.1909790039062
1653727815,A,Accelerometer,0.0
1653727815,A,Light,136.0
1653727815,A,MIC,3.0
1653727815,A,RSSI,82.0
1653727815,H,Temperature,21.746000289916992
1653727815,H,Humidity,36.018001556396484
1653727815,H,Pressure,102231.0
1653727815,H,Gas,1174.322021484375
1653727815,H,Accelerometer,0.0
1653727815,H,Light,106.0
1653727815,H,IR,0.0
1653727815,H,MIC,3.0
1653727819,C,Temperature,22.565000534057614
1653727819,C,Humidity,35.249000549316406
1653727819,C,Pressure,102231.0
1653727819,C,Gas,528.343017578125
1653727819,C,Accelerometer,0.0
1653727819,C,Light,5286.0
1653727819,C,MIC,1.0
1653727819,C,RSSI,67.0
1653727819,H,Temperature,21.756000518798828
1653727819,H,Humidity,36.00600051879883
1653727819,H,Pressure,102229.0
1653727819,H,Gas,1178.9439697265625
1653727819,H,Accelerometer,0.0
1653727819,H,Light,90.0
1653727819,H,IR,0.0
1653727819,H,MIC,3.0
1653727820,B,Temperature,21.5049991607666
1653727820,B,Humidity,38.948001861572266
1653727820,B,Pressure,102172.0
1653727820,B,Gas,980.7360229492188
1653727820,B,Accelerometer,0.0
1653727820,B,Light,40.0
1653727820,B,MIC,3.0
1653727820,B,RSSI,68.0
1653727821,H,Temperature,21.756000518798828
1653727821,H,Humidity,35.99300003051758
1653727821,H,Pressure,102227.0
1653727821,H,Gas,1172.428955078125
1653727821,H,Accelerometer,0.0
1653727821,H,Light,73.0
1653727821,H,IR,0.0
1653727821,H,MIC,3.0
1653727822,D,Temperature,21.075000762939453
1653727822,D,Humidity,36.9630012512207
1653727822,D,Pressure,102240.0
1653727822,D,Gas,609.1389770507812
1653727822,D,Accelerometer,0.0
1653727822,D,Light,488.0
1653727822,D,MIC,3.0
1653727822,D,RSSI,67.0
1653727823,F,Temperature,22.024999618530273
1653727823,F,Humidity,35.71500015258789
1653727823,F,Pressure,102248.0
1653727823,F,Gas,602.0230102539062
1653727823,F,Accelerometer,0.0
1653727823,F,Light,744.0
1653727823,F,MIC,3.0
1653727823,F,RSSI,83.0
1653727823,E,Temperature,20.55500030517578
1653727823,E,Humidity,38.007999420166016
1653727823,E,Pressure,102211.0
1653727823,E,Gas,677.7689819335938
1653727823,E,Accelerometer,0.0
1653727823,E,Light,1097.0
1653727823,E,MIC,3.0
1653727823,E,RSSI,77.0
1653727824,H,Temperature,21.756000518798828
1653727824,H,Humidity,36.00600051879883
1653727824,H,Pressure,102227.0
1653727824,H,Gas,1173.4139404296875
1653727824,H,Accelerometer,0.0
1653727824,H,Light,68.0
1653727824,H,IR,0.0
1653727824,H,MIC,3.0
1653727825,G,Temperature,22.084999084472656
1653727825,G,Humidity,36.90999984741211
1653727825,G,Pressure,102233.0
1653727825,G,Gas,532.4019775390625
1653727825,G,Accelerometer,0.0
1653727825,G,Light,1838.0
1653727825,G,MIC,3.0
1653727825,G,RSSI,72.0
1653727827,H,Temperature,21.766000747680664
1653727827,H,Humidity,36.00600051879883
1653727827,H,Pressure,102229.0
1653727827,H,Gas,1176.64697265625
1653727827,H,Accelerometer,0.0
1653727827,H,Light,66.0
1653727827,H,IR,0.0
1653727827,H,MIC,3.0
1653727829,C,Temperature,22.565000534057614
1653727829,C,Humidity,35.25600051879883
1653727829,C,Pressure,102229.0
1653727829,C,Gas,523.2150268554689
1653727829,C,Accelerometer,0.0
1653727829,C,Light,5394.0
1653727829,C,MIC,1.0
1653727829,C,RSSI,67.0
1653727830,B,Temperature,21.5049991607666
1653727830,B,Humidity,38.95800018310547
1653727830,B,Pressure,102172.0
1653727830,B,Gas,978.406005859375
1653727830,B,Accelerometer,0.0
1653727830,B,Light,29.0
1653727830,B,MIC,3.0
1653727830,B,RSSI,65.0
1653727831,A,Temperature,22.19499969482422
1653727831,A,Humidity,36.20800018310547
1653727831,A,Pressure,102200.0
1653727831,A,Gas,577.2990112304688
1653727831,A,Accelerometer,0.0
1653727831,A,Light,120.0
1653727831,A,MIC,3.0
1653727831,A,RSSI,82.0
1653727831,H,Temperature,21.766000747680664
1653727831,H,Humidity,36.012001037597656
1653727831,H,Pressure,102231.0
1653727831,H,Gas,1185.6920166015625
1653727831,H,Accelerometer,0.0
1653727831,H,Light,65.0
1653727831,H,IR,0.0
1653727831,H,MIC,3.0
1653727832,D,Temperature,21.075000762939453
1653727832,D,Humidity,36.941001892089844
1653727832,D,Pressure,102234.0
1653727832,D,Gas,604.0130004882812
1653727832,D,Accelerometer,0.0
1653727832,D,Light,476.0
1653727832,D,MIC,3.0
1653727832,D,RSSI,67.0
1653727833,E,Temperature,20.55500030517578
1653727833,E,Humidity,38.02899932861328
1653727833,E,Pressure,102209.0
1653727833,E,Gas,665.4539794921875
1653727833,E,Accelerometer,0.0
1653727833,E,Light,1084.0
1653727833,E,MIC,3.0
1653727833,E,RSSI,77.0
1653727833,H,Temperature,21.766000747680664
1653727833,H,Humidity,36.0099983215332
1653727833,H,Pressure,102229.0
1653727833,H,Gas,1189.10205078125
1653727833,H,Accelerometer,0.0
1653727833,H,Light,64.0
1653727833,H,IR,0.0
1653727833,H,MIC,3.0
1653727834,F,Temperature,22.024999618530273
1653727834,F,Humidity,35.707000732421875
1653727834,F,Pressure,102246.0
1653727834,F,Gas,599.2750244140625
1653727834,F,Accelerometer,0.0
1653727834,F,Light,724.0
1653727834,F,MIC,3.0
1653727834,F,RSSI,83.0
1653727835,A,Temperature,22.20499992370605
1653727835,A,Humidity,36.183998107910156
1653727835,A,Pressure,102200.0
1653727835,A,Gas,574.9210205078125
1653727835,A,Accelerometer,0.0
1653727835,A,Light,118.0
1653727835,A,MIC,3.0
1653727835,A,RSSI,82.0
1653727835,G,Temperature,22.075000762939453
1653727835,G,Humidity,36.948001861572266
1653727835,G,Pressure,102231.0
1653727835,G,Gas,535.2139892578125
1653727835,G,Accelerometer,0.0
1653727835,G,Light,1836.0
1653727835,G,MIC,3.0
1653727835,G,RSSI,72.0
1653727836,H,Temperature,21.766000747680664
1653727836,H,Humidity,36.0359992980957
1653727836,H,Pressure,102227.0
1653727836,H,Gas,1180.1729736328125
1653727836,H,Accelerometer,0.0
1653727836,H,Light,64.0
1653727836,H,IR,0.0
1653727836,H,MIC,3.0
1653727839,C,Temperature,22.584999084472656
1653727839,C,Humidity,35.249000549316406
1653727839,C,Pressure,102227.0
1653727839,C,Gas,525.3280029296875
1653727839,C,Accelerometer,0.0
1653727839,C,Light,5504.0
1653727839,C,MIC,1.0
1653727839,C,RSSI,78.0
1653727840,H,Temperature,21.766000747680664
1653727840,H,Humidity,36.02199935913086
1653727840,H,Pressure,102227.0
1653727840,H,Gas,1180.9429931640625
1653727840,H,Accelerometer,0.0
1653727840,H,Light,63.0
1653727840,H,IR,0.0
1653727840,H,MIC,3.0
1653727840,B,Temperature,21.5049991607666
1653727840,B,Humidity,38.928001403808594
1653727840,B,Pressure,102170.0
1653727840,B,Gas,975.7039794921876
1653727840,B,Accelerometer,0.0
1653727840,B,Light,27.0
1653727840,B,MIC,3.0
1653727840,B,RSSI,65.0
1653727842,D,Temperature,21.075000762939453
1653727842,D,Humidity,36.91999816894531
1653727842,D,Pressure,102238.0
1653727842,D,Gas,601.56201171875
1653727842,D,Accelerometer,0.0
1653727842,D,Light,474.0
1653727842,D,MIC,3.0
1653727842,D,RSSI,67.0
1653727843,H,Temperature,21.766000747680664
1653727843,H,Humidity,36.02899932861328
1653727843,H,Pressure,102227.0
1653727843,H,Gas,1178.595947265625
1653727843,H,Accelerometer,0.0
1653727843,H,Light,62.0
1653727843,H,IR,0.0
1653727843,H,MIC,3.0
1653727843,F,Temperature,22.024999618530273
1653727843,F,Humidity,35.70899963378906
1653727843,F,Pressure,102246.0
1653727843,F,Gas,601.3759765625
1653727843,F,Accelerometer,0.0
1653727843,F,Light,716.0
1653727843,F,MIC,3.0
1653727843,F,RSSI,83.0
1653727843,E,Temperature,20.55500030517578
1653727843,E,Humidity,38.04199981689453
1653727843,E,Pressure,102207.0
1653727843,E,Gas,657.5830078125
1653727843,E,Accelerometer,0.0
1653727843,E,Light,1068.0
1653727843,E,MIC,3.0
1653727843,E,RSSI,77.0
1653727845,G,Temperature,22.075000762939453
1653727845,G,Humidity,36.930999755859375
1653727845,G,Pressure,102233.0
1653727845,G,Gas,541.4539794921875
1653727845,G,Accelerometer,0.0
1653727845,G,Light,1822.0
1653727845,G,MIC,3.0
1653727845,G,RSSI,72.0
1653727846,H,Temperature,21.775999069213867
1653727846,H,Humidity,36.01300048828125
1653727846,H,Pressure,102227.0
1653727846,H,Gas,1190.6240234375
1653727846,H,Accelerometer,0.0
1653727846,H,Light,62.0
1653727846,H,IR,0.0
1653727846,H,MIC,3.0
1653727848,A,Temperature,22.20499992370605
1653727848,A,Humidity,36.21099853515625
1653727848,A,Pressure,102200.0
1653727848,A,Gas,573.9089965820312
1653727848,A,Accelerometer,0.0
1653727848,A,Light,117.0
1653727848,A,MIC,3.0
1653727848,A,RSSI,82.0
1653727849,H,Temperature,21.766000747680664
1653727849,H,Humidity,36.04800033569336
1653727849,H,Pressure,102227.0
1653727849,H,Gas,1190.5689697265625
1653727849,H,Accelerometer,0.0
1653727849,H,Light,61.0
1653727849,H,IR,0.0
1653727849,H,MIC,3.0
1653727850,C,Temperature,22.584999084472656
1653727850,C,Humidity,35.23400115966797
1653727850,C,Pressure,102227.0
1653727850,C,Gas,522.5709838867189
1653727850,C,Accelerometer,0.0
1653727850,C,Light,5598.0
1653727850,C,MIC,1.0
1653727850,C,RSSI,78.0
1653727850,B,Temperature,21.5049991607666
1653727850,B,Humidity,38.94599914550781
1653727850,B,Pressure,102172.0
1653727850,B,Gas,972.7429809570312
1653727850,B,Accelerometer,0.0
1653727850,B,Light,27.0
1653727850,B,MIC,3.0
1653727850,B,RSSI,65.0
1653727852,H,Temperature,21.766000747680664
1653727852,H,Humidity,36.0359992980957
1653727852,H,Pressure,102229.0
1653727852,H,Gas,1194.64794921875
1653727852,H,Accelerometer,0.0
1653727852,H,Light,61.0
1653727852,H,IR,0.0
1653727852,H,MIC,3.0
1653727852,D,Temperature,21.084999084472656
1653727852,D,Humidity,36.92699813842773
1653727852,D,Pressure,102238.0
1653727852,D,Gas,597.18701171875
1653727852,D,Accelerometer,0.0
1653727852,D,Light,470.0
1653727852,D,MIC,3.0
1653727852,D,RSSI,67.0
1653727853,F,Temperature,22.024999618530273
1653727853,F,Humidity,35.71200180053711
1653727853,F,Pressure,102246.0
1653727853,F,Gas,600.2780151367188
1653727853,F,Accelerometer,0.0
1653727853,F,Light,700.0
1653727853,F,MIC,3.0
1653727853,F,RSSI,83.0
1653727854,E,Temperature,20.55500030517578
1653727854,E,Humidity,38.03099822998047
1653727854,E,Pressure,102211.0
1653727854,E,Gas,656.6820068359375
1653727854,E,Accelerometer,0.0
1653727854,E,Light,1061.0
1653727854,E,MIC,3.0
1653727854,E,RSSI,77.0
1653727855,A,Temperature,22.19499969482422
1653727855,A,Humidity,36.20700073242188
1653727855,A,Pressure,102200.0
1653727855,A,Gas,572.2130126953125
1653727855,A,Accelerometer,0.0
1653727855,A,Light,117.0
1653727855,A,MIC,3.0
1653727855,A,RSSI,84.0
1653727855,G,Temperature,22.084999084472656
1653727855,G,Humidity,36.9109992980957
1653727855,G,Pressure,102235.0
1653727855,G,Gas,532.6259765625
1653727855,G,Accelerometer,0.0
1653727855,G,Light,1823.0
1653727855,G,MIC,3.0
1653727855,G,RSSI,72.0
1653727856,H,Temperature,21.775999069213867
1653727856,H,Humidity,36.01900100708008
1653727856,H,Pressure,102229.0
1653727856,H,Gas,1193.14794921875
1653727856,H,Accelerometer,0.0
1653727856,H,Light,60.0
1653727856,H,IR,0.0
1653727856,H,MIC,3.0
1653727858,H,Temperature,21.766000747680664
1653727858,H,Humidity,36.03499984741211
1653727858,H,Pressure,102229.0
1653727858,H,Gas,1190.762939453125
1653727858,H,Accelerometer,0.0
1653727858,H,Light,60.0
1653727858,H,IR,0.0
1653727858,H,MIC,3.0
1653727860,B,Temperature,21.5049991607666
1653727860,B,Humidity,38.95299911499024
1653727860,B,Pressure,102170.0
1653727860,B,Gas,964.4669799804688
1653727860,B,Accelerometer,0.0
1653727860,B,Light,26.0
1653727860,B,MIC,3.0
1653727860,B,RSSI,65.0
1653727860,C,Temperature,22.57500076293945
1653727860,C,Humidity,35.25299835205078
1653727860,C,Pressure,102229.0
1653727860,C,Gas,519.7150268554689
1653727860,C,Accelerometer,0.0
1653727860,C,Light,5640.0
1653727860,C,MIC,1.0
1653727860,C,RSSI,78.0
1653727861,H,Temperature,21.766000747680664
1653727861,H,Humidity,36.04499816894531
1653727861,H,Pressure,102231.0
1653727861,H,Gas,1186.2340087890625
1653727861,H,Accelerometer,0.0
1653727861,H,Light,60.0
1653727861,H,IR,0.0
1653727861,H,MIC,3.0
1653727862,D,Temperature,21.084999084472656
1653727862,D,Humidity,36.93199920654297
1653727862,D,Pressure,102238.0
1653727862,D,Gas,594.3300170898438
1653727862,D,Accelerometer,0.0
1653727862,D,Light,471.0
1653727862,D,MIC,3.0
1653727862,D,RSSI,67.0
1653727863,E,Temperature,20.55500030517578
1653727863,E,Humidity,38.04800033569336
1653727863,E,Pressure,102211.0
1653727863,E,Gas,653.6199951171875
1653727863,E,Accelerometer,0.0
1653727863,E,Light,1055.0
1653727863,E,MIC,3.0
1653727863,E,RSSI,94.0
1653727863,F,Temperature,22.03499984741211
1653727863,F,Humidity,35.702999114990234
1653727863,F,Pressure,102248.0
1653727863,F,Gas,601.3319702148438
1653727863,F,Accelerometer,0.0
1653727863,F,Light,690.0
1653727863,F,MIC,3.0
1653727863,F,RSSI,83.0
1653727864,H,Temperature,21.756000518798828
1653727864,H,Humidity,36.04899978637695
1653727864,H,Pressure,102227.0
1653727864,H,Gas,1192.887939453125
1653727864,H,Accelerometer,0.0
1653727864,H,Light,60.0
1653727864,H,IR,0.0
1653727864,H,MIC,3.0
1653727864,A,Temperature,22.19499969482422
1653727864,A,Humidity,36.23199844360352
1653727864,A,Pressure,102202.0
1653727864,A,Gas,574.6859741210938
1653727864,A,Accelerometer,0.0
1653727864,A,Light,116.0
1653727864,A,MIC,3.0
1653727864,A,RSSI,84.0
1653727865,G,Temperature,22.075000762939453
1653727865,G,Humidity,36.91799926757813
1653727865,G,Pressure,102233.0
1653727865,G,Gas,529.4349975585939
1653727865,G,Accelerometer,0.0
1653727865,G,Light,1820.0
1653727865,G,MIC,3.0
1653727865,G,RSSI,72.0
1653727867,H,Temperature,21.756000518798828
1653727867,H,Humidity,36.03799819946289
1653727867,H,Pressure,102229.0
1653727867,H,Gas,1190.5799560546875
1653727867,H,Accelerometer,0.0
1653727867,H,Light,60.0
1653727867,H,IR,0.0
1653727867,H,MIC,3.0
1653727869,C,Temperature,22.584999084472656
1653727869,C,Humidity,35.26599884033203
1653727869,C,Pressure,102233.0
1653727869,C,Gas,523.64697265625
1653727869,C,Accelerometer,0.0
1653727869,C,Light,5573.0
1653727869,C,MIC,1.0
1653727869,C,RSSI,78.0
1653727870,H,Temperature,21.756000518798828
1653727870,H,Humidity,36.03499984741211
1653727870,H,Pressure,102229.0
1653727870,H,Gas,1177.8590087890625
1653727870,H,Accelerometer,0.0
1653727870,H,Light,59.0
1653727870,H,IR,0.0
1653727870,H,MIC,3.0
1653727870,B,Temperature,21.51499938964844
1653727870,B,Humidity,38.915000915527344
1653727870,B,Pressure,102172.0
1653727870,B,Gas,964.510986328125
1653727870,B,Accelerometer,0.0
1653727870,B,Light,25.0
1653727870,B,MIC,3.0
1653727870,B,RSSI,65.0
1653727872,D,Temperature,21.084999084472656
1653727872,D,Humidity,36.95299911499024
1653727872,D,Pressure,102238.0
1653727872,D,Gas,602.6400146484375
1653727872,D,Accelerometer,0.0
1653727872,D,Light,470.0
1653727872,D,MIC,3.0
1653727872,D,RSSI,67.0
1653727873,H,Temperature,21.766000747680664
1653727873,H,Humidity,36.000999450683594
1653727873,H,Pressure,102233.0
1653727873,H,Gas,1181.5570068359375
1653727873,H,Accelerometer,0.0
1653727873,H,Light,60.0
1653727873,H,IR,0.0
1653727873,H,MIC,3.0
1653727873,F,Temperature,22.024999618530273
1653727873,F,Humidity,35.720001220703125
1653727873,F,Pressure,102248.0
1653727873,F,Gas,604.7969970703125
1653727873,F,Accelerometer,0.0
1653727873,F,Light,682.0
1653727873,F,MIC,3.0
1653727873,F,RSSI,83.0
1653727873,E,Temperature,20.545000076293945
1653727873,E,Humidity,38.06100082397461
1653727873,E,Pressure,102211.0
1653727873,E,Gas,653.2059936523438
1653727873,E,Accelerometer,0.0
1653727873,E,Light,1047.0
1653727873,E,MIC,3.0
1653727873,E,RSSI,94.0
1653727875,G,Temperature,22.075000762939453
1653727875,G,Humidity,36.91999816894531
1653727875,G,Pressure,102231.0
1653727875,G,Gas,523.52099609375
1653727875,G,Accelerometer,0.0
1653727875,G,Light,1819.0
1653727875,G,MIC,3.0
1653727875,G,RSSI,72.0
1653727876,H,Temperature,21.746000289916992
1653727876,H,Humidity,36.04499816894531
1653727876,H,Pressure,102229.0
1653727876,H,Gas,1181.468017578125
1653727876,H,Accelerometer,0.0
1653727876,H,Light,60.0
1653727876,H,IR,0.0
1653727876,H,MIC,3.0
1653727878,A,Temperature,22.19499969482422
1653727878,A,Humidity,36.19300079345703
1653727878,A,Pressure,102202.0
1653727878,A,Gas,568.8140258789062
1653727878,A,Accelerometer,0.0
1653727878,A,Light,115.0
1653727878,A,MIC,3.0
1653727878,A,RSSI,84.0
1653727879,H,Temperature,21.746000289916992
1653727879,H,Humidity,36.055999755859375
1653727879,H,Pressure,102229.0
1653727879,H,Gas,1182.7359619140625
1653727879,H,Accelerometer,0.0
1653727879,H,Light,60.0
1653727879,H,IR,0.0
1653727879,H,MIC,3.0
1653727879,C,Temperature,22.584999084472656
1653727879,C,Humidity,35.262001037597656
1653727879,C,Pressure,102231.0
1653727879,C,Gas,520.5540161132811
1653727879,C,Accelerometer,0.0
1653727879,C,Light,5541.0
1653727879,C,MIC,1.0
1653727879,C,RSSI,78.0
1653727880,B,Temperature,21.5049991607666
1653727880,B,Humidity,38.94300079345703
1653727880,B,Pressure,102172.0
1653727880,B,Gas,955.2949829101562
1653727880,B,Accelerometer,0.0
1653727880,B,Light,24.0
1653727880,B,MIC,3.0
1653727880,B,RSSI,70.0
1653727882,H,Temperature,21.756000518798828
1653727882,H,Humidity,36.040000915527344
1653727882,H,Pressure,102233.0
1653727882,H,Gas,1189.008056640625
1653727882,H,Accelerometer,0.0
1653727882,H,Light,60.0
1653727882,H,IR,0.0
1653727882,H,MIC,3.0
1653727882,D,Temperature,21.075000762939453
1653727882,D,Humidity,36.95500183105469
1653727882,D,Pressure,102240.0
1653727882,D,Gas,604.094970703125
1653727882,D,Accelerometer,0.0
1653727882,D,Light,469.0
1653727882,D,MIC,3.0
1653727882,D,RSSI,67.0
1653727883,F,Temperature,22.024999618530273
1653727883,F,Humidity,35.72700119018555
1653727883,F,Pressure,102248.0
1653727883,F,Gas,607.7039794921875
1653727883,F,Accelerometer,0.0
1653727883,F,Light,670.0
1653727883,F,MIC,3.0
1653727883,F,RSSI,83.0
1653727883,E,Temperature,20.55500030517578
1653727883,E,Humidity,38.040000915527344
1653727883,E,Pressure,102211.0
1653727883,E,Gas,653.7860107421875
1653727883,E,Accelerometer,0.0
1653727883,E,Light,1037.0
1653727883,E,MIC,3.0
1653727883,E,RSSI,94.0
1653727885,G,Temperature,22.075000762939453
1653727885,G,Humidity,36.92399978637695
1653727885,G,Pressure,102233.0
1653727885,G,Gas,528.3900146484375
1653727885,G,Accelerometer,0.0
1653727885,G,Light,1819.0
1653727885,G,MIC,3.0
1653727885,G,RSSI,72.0
1653727885,H,Temperature,21.746000289916992
1653727885,H,Humidity,36.0620002746582
1653727885,H,Pressure,102231.0
1653727885,H,Gas,1194.748046875
1653727885,H,Accelerometer,0.0
1653727885,H,Light,60.0
1653727885,H,IR,0.0
1653727885,H,MIC,3.0
1653727888,H,Temperature,21.756000518798828
1653727888,H,Humidity,36.04800033569336
1653727888,H,Pressure,102229.0
1653727888,H,Gas,1179.137939453125
1653727888,H,Accelerometer,0.0
1653727888,H,Light,60.0
1653727888,H,IR,0.0
1653727888,H,MIC,3.0
1653727891,B,Temperature,21.4950008392334
1653727891,B,Humidity,38.96699905395508
1653727891,B,Pressure,102174.0
1653727891,B,Gas,947.7219848632812
1653727891,B,Accelerometer,0.0
1653727891,B,Light,24.0
1653727891,B,MIC,3.0
1653727891,B,RSSI,70.0
1653727891,H,Temperature,21.756000518798828
1653727891,H,Humidity,36.0369987487793
1653727891,H,Pressure,102229.0
1653727891,H,Gas,1182.2879638671875
1653727891,H,Accelerometer,0.0
1653727891,H,Light,60.0
1653727891,H,IR,0.0
1653727891,H,MIC,3.0
1653727891,C,Temperature,22.59499931335449
1653727891,C,Humidity,35.2599983215332
1653727891,C,Pressure,102231.0
1653727891,C,Gas,516.3670043945311
1653727891,C,Accelerometer,0.0
1653727891,C,Light,5382.0
1653727891,C,MIC,1.0
1653727891,C,RSSI,80.0
1653727893,D,Temperature,21.084999084472656
1653727893,D,Humidity,36.95299911499024
1653727893,D,Pressure,102238.0
1653727893,D,Gas,598.0989990234375
1653727893,D,Accelerometer,0.0
1653727893,D,Light,470.0
1653727893,D,MIC,3.0
1653727893,D,RSSI,67.0
1653727893,E,Temperature,20.55500030517578
1653727893,E,Humidity,38.05500030517578
1653727893,E,Pressure,102211.0
1653727893,E,Gas,651.031005859375
1653727893,E,Accelerometer,0.0
1653727893,E,Light,1033.0
1653727893,E,MIC,3.0
1653727893,E,RSSI,94.0
1653727893,F,Temperature,22.03499984741211
1653727893,F,Humidity,35.71200180053711
1653727893,F,Pressure,102248.0
1653727893,F,Gas,610.8079833984375
1653727893,F,Accelerometer,0.0
1653727893,F,Light,662.0
1653727893,F,MIC,3.0
1653727893,F,RSSI,84.0
1653727894,H,Temperature,21.746000289916992
1653727894,H,Humidity,36.06700134277344
1653727894,H,Pressure,102229.0
1653727894,H,Gas,1183.0849609375
1653727894,H,Accelerometer,0.0
1653727894,H,Light,60.0
1653727894,H,IR,0.0
1653727894,H,MIC,3.0
1653727895,G,Temperature,22.075000762939453
1653727895,G,Humidity,36.92599868774414
1653727895,G,Pressure,102233.0
1653727895,G,Gas,526.3079833984375
1653727895,G,Accelerometer,0.0
1653727895,G,Light,1833.0
1653727895,G,MIC,3.0
1653727895,G,RSSI,72.0
1653727895,A,Temperature,22.20499992370605
1653727895,A,Humidity,36.13199996948242
1653727895,A,Pressure,102200.0
1653727895,A,Gas,569.4630126953125
1653727895,A,Accelerometer,0.0
1653727895,A,Light,114.0
1653727895,A,MIC,3.0
1653727895,A,RSSI,84.0
1653727897,H,Temperature,21.756000518798828
1653727897,H,Humidity,36.04600143432617
1653727897,H,Pressure,102229.0
1653727897,H,Gas,1172.4010009765625
1653727897,H,Accelerometer,0.0
1653727897,H,Light,60.0
1653727897,H,IR,0.0
1653727897,H,MIC,3.0
1653727900,B,Temperature,21.5049991607666
1653727900,B,Humidity,38.933998107910156
1653727900,B,Pressure,102172.0
1653727900,B,Gas,941.7830200195312
1653727900,B,Accelerometer,0.0
1653727900,B,Light,24.0
1653727900,B,MIC,3.0
1653727900,B,RSSI,70.0
1653727902,H,Temperature,21.756000518798828
1653727902,H,Humidity,36.04800033569336
1653727902,H,Pressure,102229.0
1653727902,H,Gas,1183.012939453125
1653727902,H,Accelerometer,0.0
1653727902,H,Light,61.0
1653727902,H,IR,0.0
1653727902,H,MIC,3.0
1653727902,D,Temperature,21.084999084472656
1653727902,D,Humidity,36.972999572753906
1653727902,D,Pressure,102238.0
1653727902,D,Gas,599.8300170898438
1653727902,D,Accelerometer,0.0
1653727902,D,Light,471.0
1653727902,D,MIC,3.0
1653727902,D,RSSI,67.0
1653727903,C,Temperature,22.584999084472656
1653727903,C,Humidity,35.25299835205078
1653727903,C,Pressure,102233.0
1653727903,C,Gas,515.8709716796875
1653727903,C,Accelerometer,0.0
1653727903,C,Light,5288.0
1653727903,C,MIC,1.0
1653727903,C,RSSI,80.0
1653727903,H,Temperature,21.746000289916992
1653727903,H,Humidity,36.04800033569336
1653727903,H,Pressure,102229.0
1653727903,H,Gas,1175.2349853515625
1653727903,H,Accelerometer,0.0
1653727903,H,Light,61.0
1653727903,H,IR,0.0
1653727903,H,MIC,3.0
1653727903,E,Temperature,20.545000076293945
1653727903,E,Humidity,38.04700088500977
1653727903,E,Pressure,102213.0
1653727903,E,Gas,649.1740112304688
1653727903,E,Accelerometer,0.0
1653727903,E,Light,1025.0
1653727903,E,MIC,3.0
1653727903,E,RSSI,94.0
1653727903,F,Temperature,22.024999618530273
1653727903,F,Humidity,35.72900009155273
1653727903,F,Pressure,102246.0
1653727903,F,Gas,606.64599609375
1653727903,F,Accelerometer,0.0
1653727903,F,Light,653.0
1653727903,F,MIC,3.0
1653727903,F,RSSI,84.0
1653727906,G,Temperature,22.075000762939453
1653727906,G,Humidity,36.930999755859375
1653727906,G,Pressure,102233.0
1653727906,G,Gas,522.9190063476561
1653727906,G,Accelerometer,0.0
1653727906,G,Light,1828.0
1653727906,G,MIC,3.0
1653727906,G,RSSI,72.0
1653727906,A,Temperature,22.20499992370605
1653727906,A,Humidity,36.17699813842773
1653727906,A,Pressure,102200.0
1653727906,A,Gas,576.6589965820312
1653727906,A,Accelerometer,0.0
1653727906,A,Light,114.0
1653727906,A,MIC,3.0
1653727906,A,RSSI,84.0
1653727906,H,Temperature,21.756000518798828
1653727906,H,Humidity,36.02799987792969
1653727906,H,Pressure,102231.0
1653727906,H,Gas,1173.946044921875
1653727906,H,Accelerometer,0.0
1653727906,H,Light,61.0
1653727906,H,IR,0.0
1653727906,H,MIC,3.0
1653727909,H,Temperature,21.756000518798828
1653727909,H,Humidity,36.040000915527344
1653727909,H,Pressure,102231.0
1653727909,H,Gas,1185.4320068359375
1653727909,H,Accelerometer,0.0
1653727909,H,Light,61.0
1653727909,H,IR,0.0
1653727909,H,MIC,3.0
1653727909,C,Temperature,22.57500076293945
1653727909,C,Humidity,35.26100158691406
1653727909,C,Pressure,102229.0
1653727909,C,Gas,515.9329833984375
1653727909,C,Accelerometer,0.0
1653727909,C,Light,5264.0
1653727909,C,MIC,1.0
1653727909,C,RSSI,80.0
1653727910,B,Temperature,21.4950008392334
1653727910,B,Humidity,38.96799850463867
1653727910,B,Pressure,102174.0
1653727910,B,Gas,943.9530029296876
1653727910,B,Accelerometer,0.0
1653727910,B,Light,24.0
1653727910,B,MIC,3.0
1653727910,B,RSSI,70.0
1653727912,H,Temperature,21.756000518798828
1653727912,H,Humidity,36.01300048828125
1653727912,H,Pressure,102229.0
1653727912,H,Gas,1187.9169921875
1653727912,H,Accelerometer,0.0
1653727912,H,Light,61.0
1653727912,H,IR,0.0
1653727912,H,MIC,3.0
1653727912,D,Temperature,21.09499931335449
1653727912,D,Humidity,36.94200134277344
1653727912,D,Pressure,102240.0
1653727912,D,Gas,598.0170288085938
1653727912,D,Accelerometer,0.0
1653727912,D,Light,472.0
1653727912,D,MIC,3.0
1653727912,D,RSSI,60.0
1653727913,F,Temperature,22.01499938964844
1653727913,F,Humidity,35.74300003051758
1653727913,F,Pressure,102250.0
1653727913,F,Gas,601.7899780273438
1653727913,F,Accelerometer,0.0
1653727913,F,Light,640.0
1653727913,F,MIC,3.0
1653727913,F,RSSI,84.0
1653727913,E,Temperature,20.545000076293945
1653727913,E,Humidity,38.04299926757813
1653727913,E,Pressure,102211.0
1653727913,E,Gas,643.1270141601562
1653727913,E,Accelerometer,0.0
1653727913,E,Light,1024.0
1653727913,E,MIC,3.0
1653727913,E,RSSI,68.0
1653727914,G,Temperature,22.075000762939453
1653727914,G,Humidity,36.94599914550781
1653727914,G,Pressure,102233.0
1653727914,G,Gas,527.8270263671875
1653727914,G,Accelerometer,0.0
1653727914,G,Light,1823.0
1653727914,G,MIC,3.0
1653727914,G,RSSI,72.0
1653727915,A,Temperature,22.20499992370605
1653727915,A,Humidity,36.17499923706055
1653727915,A,Pressure,102202.0
1653727915,A,Gas,575.5980224609375
1653727915,A,Accelerometer,0.0
1653727915,A,Light,113.0
1653727915,A,MIC,3.0
1653727915,A,RSSI,84.0
1653727915,H,Temperature,21.756000518798828
1653727915,H,Humidity,36.013999938964844
1653727915,H,Pressure,102231.0
1653727915,H,Gas,1188.260009765625
1653727915,H,Accelerometer,0.0
1653727915,H,Light,62.0
1653727915,H,IR,0.0
1653727915,H,MIC,3.0
1653727919,H,Temperature,21.756000518798828
1653727919,H,Humidity,36.03200149536133
1653727919,H,Pressure,102229.0
1653727919,H,Gas,1182.8690185546875
1653727919,H,Accelerometer,0.0
1653727919,H,Light,62.0
1653727919,H,IR,0.0
1653727919,H,MIC,3.0
1653727919,C,Temperature,22.57500076293945
1653727919,C,Humidity,35.277000427246094
1653727919,C,Pressure,102229.0
1653727919,C,Gas,510.7359924316406
1653727919,C,Accelerometer,0.0
1653727919,C,Light,5168.0
1653727919,C,MIC,1.0
1653727919,C,RSSI,80.0
1653727920,B,Temperature,21.5049991607666
1653727920,B,Humidity,38.94300079345703
1653727920,B,Pressure,102172.0
1653727920,B,Gas,944.323974609375
1653727920,B,Accelerometer,0.0
1653727920,B,Light,24.0
1653727920,B,MIC,3.0
1653727920,B,RSSI,70.0
1653727921,H,Temperature,21.756000518798828
1653727921,H,Humidity,36.020999908447266
1653727921,H,Pressure,102229.0
1653727921,H,Gas,1175.02001953125
1653727921,H,Accelerometer,0.0
1653727921,H,Light,62.0
1653727921,H,IR,0.0
1653727921,H,MIC,3.0
1653727922,D,Temperature,21.084999084472656
1653727922,D,Humidity,36.9640007019043
1653727922,D,Pressure,102238.0
1653727922,D,Gas,594.1199951171875
1653727922,D,Accelerometer,0.0
1653727922,D,Light,471.0
1653727922,D,MIC,3.0
1653727922,D,RSSI,60.0
1653727923,E,Temperature,20.55500030517578
1653727923,E,Humidity,38.0369987487793
1653727923,E,Pressure,102213.0
1653727923,E,Gas,641.8179931640625
1653727923,E,Accelerometer,0.0
1653727923,E,Light,1024.0
1653727923,E,MIC,3.0
1653727923,E,RSSI,68.0
1653727924,F,Temperature,22.01499938964844
1653727924,F,Humidity,35.71699905395508
1653727924,F,Pressure,102248.0
1653727924,F,Gas,600.9840087890625
1653727924,F,Accelerometer,0.0
1653727924,F,Light,631.0
1653727924,F,MIC,3.0
1653727924,F,RSSI,84.0
1653727924,H,Temperature,21.746000289916992
1653727924,H,Humidity,36.03900146484375
1653727924,H,Pressure,102229.0
1653727924,H,Gas,1166.9210205078125
1653727924,H,Accelerometer,0.0
1653727924,H,Light,62.0
1653727924,H,IR,0.0
1653727924,H,MIC,3.0
1653727925,G,Temperature,22.075000762939453
1653727925,G,Humidity,36.935001373291016
1653727925,G,Pressure,102231.0
1653727925,G,Gas,528.2570190429689
1653727925,G,Accelerometer,0.0
1653727925,G,Light,1826.0
1653727925,G,MIC,3.0
1653727925,G,RSSI,72.0
1653727925,A,Temperature,22.19499969482422
1653727925,A,Humidity,36.21200180053711
1653727925,A,Pressure,102200.0
1653727925,A,Gas,575.1400146484375
1653727925,A,Accelerometer,0.0
1653727925,A,Light,113.0
1653727925,A,MIC,3.0
1653727925,A,RSSI,84.0
1653727927,H,Temperature,21.756000518798828
1653727927,H,Humidity,36.02399826049805
1653727927,H,Pressure,102229.0
1653727927,H,Gas,1173.72998046875
1653727927,H,Accelerometer,0.0
1653727927,H,Light,63.0
1653727927,H,IR,0.0
1653727927,H,MIC,3.0
1653727930,B,Temperature,21.5049991607666
1653727930,B,Humidity,38.93999862670898
1653727930,B,Pressure,102172.0
1653727930,B,Gas,927.1530151367188
1653727930,B,Accelerometer,0.0
1653727930,B,Light,25.0
1653727930,B,MIC,3.0
1653727930,B,RSSI,70.0
1653727931,H,Temperature,21.756000518798828
1653727931,H,Humidity,36.02999877929688
1653727931,H,Pressure,102231.0
1653727931,H,Gas,1170.06494140625
1653727931,H,Accelerometer,0.0
1653727931,H,Light,63.0
1653727931,H,IR,0.0
1653727931,H,MIC,3.0
1653727933,D,Temperature,21.084999084472656
1653727933,D,Humidity,36.941001892089844
1653727933,D,Pressure,102238.0
1653727933,D,Gas,589.1890258789062
1653727933,D,Accelerometer,0.0
1653727933,D,Light,474.0
1653727933,D,MIC,3.0
1653727933,D,RSSI,60.0
1653727933,H,Temperature,21.746000289916992
1653727933,H,Humidity,36.05500030517578
1653727933,H,Pressure,102229.0
1653727933,H,Gas,1173.1319580078125
1653727933,H,Accelerometer,0.0
1653727933,H,Light,64.0
1653727933,H,IR,0.0
1653727933,H,MIC,3.0
1653727933,E,Temperature,20.55500030517578
1653727933,E,Humidity,38.06399917602539
1653727933,E,Pressure,102213.0
1653727933,E,Gas,646.4990234375
1653727933,E,Accelerometer,0.0
1653727933,E,Light,1022.0
1653727933,E,MIC,3.0
1653727933,E,RSSI,68.0
1653727934,F,Temperature,22.01499938964844
1653727934,F,Humidity,35.69300079345703
1653727934,F,Pressure,102248.0
1653727934,F,Gas,591.8619995117188
1653727934,F,Accelerometer,0.0
1653727934,F,Light,624.0
1653727934,F,MIC,3.0
1653727934,F,RSSI,84.0
1653727935,G,Temperature,22.084999084472656
1653727935,G,Humidity,36.92200088500977
1653727935,G,Pressure,102235.0
1653727935,G,Gas,526.8800048828125
1653727935,G,Accelerometer,0.0
1653727935,G,Light,1844.0
1653727935,G,MIC,3.0
1653727935,G,RSSI,72.0
1653727935,A,Temperature,22.19499969482422
1653727935,A,Humidity,36.22700119018555
1653727935,A,Pressure,102200.0
1653727935,A,Gas,577.7990112304688
1653727935,A,Accelerometer,0.0
1653727935,A,Light,112.0
1653727935,A,MIC,3.0
1653727935,A,RSSI,84.0
1653727937,H,Temperature,21.746000289916992
1653727937,H,Humidity,36.02799987792969
1653727937,H,Pressure,102229.0
1653727937,H,Gas,1162.842041015625
1653727937,H,Accelerometer,0.0
1653727937,H,Light,64.0
1653727937,H,IR,0.0
1653727937,H,MIC,3.0
1653727939,H,Temperature,21.756000518798828
1653727939,H,Humidity,36.007999420166016
1653727939,H,Pressure,102229.0
1653727939,H,Gas,1168.1939697265625
1653727939,H,Accelerometer,0.0
1653727939,H,Light,65.0
1653727939,H,IR,0.0
1653727939,H,MIC,3.0
1653727940,B,Temperature,21.5049991607666
1653727940,B,Humidity,38.95199966430664
1653727940,B,Pressure,102174.0
1653727940,B,Gas,911.97998046875
1653727940,B,Accelerometer,0.0
1653727940,B,Light,26.0
1653727940,B,MIC,3.0
1653727940,B,RSSI,70.0
1653727942,H,Temperature,21.756000518798828
1653727942,H,Humidity,36.01100158691406
1653727942,H,Pressure,102229.0
1653727942,H,Gas,1167.718017578125
1653727942,H,Accelerometer,0.0
1653727942,H,Light,66.0
1653727942,H,IR,0.0
1653727942,H,MIC,3.0
1653727943,D,Temperature,21.084999084472656
1653727943,D,Humidity,36.95199966430664
1653727943,D,Pressure,102238.0
1653727943,D,Gas,589.9000244140625
1653727943,D,Accelerometer,0.0
1653727943,D,Light,473.0
1653727943,D,MIC,3.0
1653727943,D,RSSI,60.0
1653727943,C,Temperature,22.57500076293945
1653727943,C,Humidity,35.292999267578125
1653727943,C,Pressure,102229.0
1653727943,C,Gas,508.18499755859375
1653727943,C,Accelerometer,0.0
1653727943,C,Light,5120.0
1653727943,C,MIC,1.0
1653727943,C,RSSI,85.0
1653727943,F,Temperature,22.01499938964844
1653727943,F,Humidity,35.71699905395508
1653727943,F,Pressure,102250.0
1653727943,F,Gas,588.7839965820312
1653727943,F,Accelerometer,0.0
1653727943,F,Light,613.0
1653727943,F,MIC,3.0
1653727943,F,RSSI,78.0
1653727944,E,Temperature,20.565000534057614
1653727944,E,Humidity,38.03300094604492
1653727944,E,Pressure,102213.0
1653727944,E,Gas,650.1119995117188
1653727944,E,Accelerometer,0.0
1653727944,E,Light,1021.0
1653727944,E,MIC,3.0
1653727944,E,RSSI,68.0
1653727945,G,Temperature,22.075000762939453
1653727945,G,Humidity,36.94300079345703
1653727945,G,Pressure,102235.0
1653727945,G,Gas,532.9819946289061
1653727945,G,Accelerometer,0.0
1653727945,G,Light,1848.0
1653727945,G,MIC,3.0
1653727945,G,RSSI,72.0
1653727948,H,Temperature,21.756000518798828
1653727948,H,Humidity,36.0
1653727948,H,Pressure,102233.0
1653727948,H,Gas,1168.8310546875
1653727948,H,Accelerometer,0.0
1653727948,H,Light,67.0
1653727948,H,IR,0.0
1653727948,H,MIC,3.0
1653727948,A,Temperature,22.20499992370605
1653727948,A,Humidity,36.21500015258789
1653727948,A,Pressure,102202.0
1653727948,A,Gas,577.4869995117188
1653727948,A,Accelerometer,0.0
1653727948,A,Light,113.0
1653727948,A,MIC,3.0
1653727948,A,RSSI,84.0
1653727949,H,Temperature,21.756000518798828
1653727949,H,Humidity,36.00199890136719
1653727949,H,Pressure,102231.0
1653727949,H,Gas,1166.8380126953125
1653727949,H,Accelerometer,0.0
1653727949,H,Light,70.0
1653727949,H,IR,0.0
1653727949,H,MIC,3.0
1653727950,B,Temperature,21.5049991607666
1653727950,B,Humidity,38.96500015258789
1653727950,B,Pressure,102174.0
1653727950,B,Gas,924.5009765625
1653727950,B,Accelerometer,0.0
1653727950,B,Light,28.0
1653727950,B,MIC,3.0
1653727950,B,RSSI,70.0
1653727951,C,Temperature,22.59499931335449
1653727951,C,Humidity,35.27799987792969
1653727951,C,Pressure,102231.0
1653727951,C,Gas,510.1449890136719
1653727951,C,Accelerometer,0.0
1653727951,C,Light,4986.0
1653727951,C,MIC,1.0
1653727951,C,RSSI,85.0
1653727952,H,Temperature,21.756000518798828
1653727952,H,Humidity,35.992000579833984
1653727952,H,Pressure,102231.0
1653727952,H,Gas,1162.741943359375
1653727952,H,Accelerometer,0.0
1653727952,H,Light,84.0
1653727952,H,IR,0.0
1653727952,H,MIC,3.0
1653727952,D,Temperature,21.09499931335449
1653727952,D,Humidity,36.9370002746582
1653727952,D,Pressure,102242.0
1653727952,D,Gas,593.6129760742188
1653727952,D,Accelerometer,0.0
1653727952,D,Light,477.0
1653727952,D,MIC,3.0
1653727952,D,RSSI,60.0
1653727953,E,Temperature,20.565000534057614
1653727953,E,Humidity,38.02999877929688
1653727953,E,Pressure,102213.0
1653727953,E,Gas,643.969970703125
1653727953,E,Accelerometer,0.0
1653727953,E,Light,1029.0
1653727953,E,MIC,3.0
1653727953,E,RSSI,68.0
1653727954,F,Temperature,22.0049991607666
1653727954,F,Humidity,35.74100112915039
1653727954,F,Pressure,102248.0
1653727954,F,Gas,588.739990234375
1653727954,F,Accelerometer,0.0
1653727954,F,Light,610.0
1653727954,F,MIC,3.0
1653727954,F,RSSI,78.0
1653727955,H,Temperature,21.756000518798828
1653727955,H,Humidity,35.99800109863281
1653727955,H,Pressure,102231.0
1653727955,H,Gas,1168.25
1653727955,H,Accelerometer,0.0
1653727955,H,Light,104.0
1653727955,H,IR,0.0
1653727955,H,MIC,3.0
1653727956,A,Temperature,22.20499992370605
1653727956,A,Humidity,36.20700073242188
1653727956,A,Pressure,102202.0
1653727956,A,Gas,585.0709838867188
1653727956,A,Accelerometer,0.0
1653727956,A,Light,120.0
1653727956,A,MIC,3.0
1653727956,A,RSSI,74.0
1653727956,G,Temperature,22.075000762939453
1653727956,G,Humidity,36.92399978637695
1653727956,G,Pressure,102235.0
1653727956,G,Gas,533.239013671875
1653727956,G,Accelerometer,0.0
1653727956,G,Light,1912.0
1653727956,G,MIC,3.0
1653727956,G,RSSI,72.0
1653727959,H,Temperature,21.766000747680664
1653727959,H,Humidity,35.999000549316406
1653727959,H,Pressure,102231.0
1653727959,H,Gas,1155.1639404296875
1653727959,H,Accelerometer,0.0
1653727959,H,Light,103.0
1653727959,H,IR,0.0
1653727959,H,MIC,3.0
1653727960,B,Temperature,21.5049991607666
1653727960,B,Humidity,38.95000076293945
1653727960,B,Pressure,102172.0
1653727960,B,Gas,899.7849731445312
1653727960,B,Accelerometer,0.0
1653727960,B,Light,61.0
1653727960,B,MIC,3.0
1653727960,B,RSSI,70.0
1653727961,H,Temperature,21.756000518798828
1653727961,H,Humidity,35.99700164794922
1653727961,H,Pressure,102231.0
1653727961,H,Gas,1146.323974609375
1653727961,H,Accelerometer,0.0
1653727961,H,Light,138.0
1653727961,H,IR,0.0
1653727961,H,MIC,3.0
1653727963,D,Temperature,21.084999084472656
1653727963,D,Humidity,36.98899841308594
1653727963,D,Pressure,102236.0
1653727963,D,Gas,595.10302734375
1653727963,D,Accelerometer,0.0
1653727963,D,Light,513.0
1653727963,D,MIC,3.0
1653727963,D,RSSI,61.0
1653727963,F,Temperature,22.01499938964844
1653727963,F,Humidity,35.71900177001953
1653727963,F,Pressure,102252.0
1653727963,F,Gas,586.0560302734375
1653727963,F,Accelerometer,0.0
1653727963,F,Light,638.0
1653727963,F,MIC,3.0
1653727963,F,RSSI,78.0
1653727963,E,Temperature,20.55500030517578
1653727963,E,Humidity,38.02999877929688
1653727963,E,Pressure,102213.0
1653727963,E,Gas,636.3400268554688
1653727963,E,Accelerometer,0.0
1653727963,E,Light,1087.0
1653727963,E,MIC,3.0
1653727963,E,RSSI,94.0
1653727964,H,Temperature,21.756000518798828
1653727964,H,Humidity,36.00299835205078
1653727964,H,Pressure,102231.0
1653727964,H,Gas,1148.60400390625
1653727964,H,Accelerometer,0.0
1653727964,H,Light,128.0
1653727964,H,IR,0.0
1653727964,H,MIC,3.0
1653727965,G,Temperature,22.09499931335449
1653727965,G,Humidity,36.92100143432617
1653727965,G,Pressure,102235.0
1653727965,G,Gas,532.7210083007811
1653727965,G,Accelerometer,0.0
1653727965,G,Light,1988.0
1653727965,G,MIC,3.0
1653727965,G,RSSI,72.0
1653727965,A,Temperature,22.20499992370605
1653727965,A,Humidity,36.183998107910156
1653727965,A,Pressure,102202.0
1653727965,A,Gas,583.426025390625
1653727965,A,Accelerometer,0.0
1653727965,A,Light,136.0
1653727965,A,MIC,3.0
1653727965,A,RSSI,74.0
1653727967,H,Temperature,21.766000747680664
1653727967,H,Humidity,35.98199844360352
1653727967,H,Pressure,102229.0
1653727967,H,Gas,1151.4990234375
1653727967,H,Accelerometer,0.0
1653727967,H,Light,103.0
1653727967,H,IR,0.0
1653727967,H,MIC,3.0
1653727970,C,Temperature,22.604999542236328
1653727970,C,Humidity,35.28099822998047
1653727970,C,Pressure,102231.0
1653727970,C,Gas,521.0189819335939
1653727970,C,Accelerometer,0.0
1653727970,C,Light,4988.0
1653727970,C,MIC,1.0
1653727970,C,RSSI,85.0
1653727970,H,Temperature,21.766000747680664
1653727970,H,Humidity,35.97800064086914
1653727970,H,Pressure,102229.0
1653727970,H,Gas,1142.343994140625
1653727970,H,Accelerometer,0.0
1653727970,H,Light,82.0
1653727970,H,IR,0.0
1653727970,H,MIC,3.0
1653727970,B,Temperature,21.5049991607666
1653727970,B,Humidity,38.9630012512207
1653727970,B,Pressure,102174.0
1653727970,B,Gas,895.7670288085938
1653727970,B,Accelerometer,0.0
1653727970,B,Light,40.0
1653727970,B,MIC,3.0
1653727970,B,RSSI,70.0
1653727973,D,Temperature,21.084999084472656
1653727973,D,Humidity,36.95600128173828
1653727973,D,Pressure,102240.0
1653727973,D,Gas,591.406005859375
1653727973,D,Accelerometer,0.0
1653727973,D,Light,488.0
1653727973,D,MIC,3.0
1653727973,D,RSSI,61.0
1653727973,H,Temperature,21.766000747680664
1653727973,H,Humidity,35.98699951171875
1653727973,H,Pressure,102231.0
1653727973,H,Gas,1142.9969482421875
1653727973,H,Accelerometer,0.0
1653727973,H,Light,74.0
1653727973,H,IR,0.0
1653727973,H,MIC,3.0
1653727973,F,Temperature,22.0049991607666
1653727973,F,Humidity,35.72999954223633
1653727973,F,Pressure,102248.0
1653727973,F,Gas,585.302978515625
1653727973,F,Accelerometer,0.0
1653727973,F,Light,611.0
1653727973,F,MIC,3.0
1653727973,F,RSSI,78.0
1653727973,E,Temperature,20.55500030517578
1653727973,E,Humidity,38.02799987792969
1653727973,E,Pressure,102213.0
1653727973,E,Gas,638.9879760742188
1653727973,E,Accelerometer,0.0
1653727973,E,Light,1041.0
1653727973,E,MIC,3.0
1653727973,E,RSSI,94.0
1653727975,G,Temperature,22.09499931335449
1653727975,G,Humidity,36.95000076293945
1653727975,G,Pressure,102233.0
1653727975,G,Gas,533.27001953125
1653727975,G,Accelerometer,0.0
1653727975,G,Light,1852.0
1653727975,G,MIC,3.0
1653727975,G,RSSI,72.0
1653727975,A,Temperature,22.19499969482422
1653727975,A,Humidity,36.209999084472656
1653727975,A,Pressure,102202.0
1653727975,A,Gas,580.8770141601562
1653727975,A,Accelerometer,0.0
1653727975,A,Light,115.0
1653727975,A,MIC,3.0
1653727975,A,RSSI,74.0
1653727976,H,Temperature,21.775999069213867
1653727976,H,Humidity,35.95600128173828
1653727976,H,Pressure,102229.0
1653727976,H,Gas,1142.02294921875
1653727976,H,Accelerometer,0.0
1653727976,H,Light,70.0
1653727976,H,IR,0.0
1653727976,H,MIC,3.0
1653727979,H,Temperature,21.766000747680664
1653727979,H,Humidity,35.97700119018555
1653727979,H,Pressure,102231.0
1653727979,H,Gas,1138.6409912109375
1653727979,H,Accelerometer,0.0
1653727979,H,Light,66.0
1653727979,H,IR,0.0
1653727979,H,MIC,3.0
1653727980,C,Temperature,22.625
1653727980,C,Humidity,35.23500061035156
1653727980,C,Pressure,102231.0
1653727980,C,Gas,518.9970092773439
1653727980,C,Accelerometer,0.0
1653727980,C,Light,4753.0
1653727980,C,MIC,1.0
1653727980,C,RSSI,85.0
1653727980,B,Temperature,21.5049991607666
1653727980,B,Humidity,38.95800018310547
1653727980,B,Pressure,102172.0
1653727980,B,Gas,894.9089965820312
1653727980,B,Accelerometer,0.0
1653727980,B,Light,27.0
1653727980,B,MIC,3.0
1653727980,B,RSSI,65.0
1653727982,H,Temperature,21.775999069213867
1653727982,H,Humidity,35.97700119018555
1653727982,H,Pressure,102231.0
1653727982,H,Gas,1144.5140380859375
1653727982,H,Accelerometer,0.0
1653727982,H,Light,66.0
1653727982,H,IR,0.0
1653727982,H,MIC,3.0
1653727983,D,Temperature,21.09499931335449
1653727983,D,Humidity,36.95899963378906
1653727983,D,Pressure,102242.0
1653727983,D,Gas,588.5670166015625
1653727983,D,Accelerometer,0.0
1653727983,D,Light,475.0
1653727983,D,MIC,3.0
1653727983,D,RSSI,61.0
1653727983,E,Temperature,20.55500030517578
1653727983,E,Humidity,38.04700088500977
1653727983,E,Pressure,102213.0
1653727983,E,Gas,633.1719970703125
1653727983,E,Accelerometer,0.0
1653727983,E,Light,1024.0
1653727983,E,MIC,3.0
1653727983,E,RSSI,94.0
1653727984,F,Temperature,22.0049991607666
1653727984,F,Humidity,35.73899841308594
1653727984,F,Pressure,102250.0
1653727984,F,Gas,581.2529907226562
1653727984,F,Accelerometer,0.0
1653727984,F,Light,598.0
1653727984,F,MIC,3.0
1653727984,F,RSSI,78.0
1653727985,A,Temperature,22.20499992370605
1653727985,A,Humidity,36.20399856567383
1653727985,A,Pressure,102202.0
1653727985,A,Gas,582.083984375
1653727985,A,Accelerometer,0.0
1653727985,A,Light,112.0
1653727985,A,MIC,3.0
1653727985,A,RSSI,74.0
1653727985,G,Temperature,22.09499931335449
1653727985,G,Humidity,36.96099853515625
1653727985,G,Pressure,102233.0
1653727985,G,Gas,534.7139892578125
1653727985,G,Accelerometer,0.0
1653727985,G,Light,1847.0
1653727985,G,MIC,3.0
1653727985,G,RSSI,72.0
1653727986,H,Temperature,21.775999069213867
1653727986,H,Humidity,35.970001220703125
1653727986,H,Pressure,102231.0
1653727986,H,Gas,1136.0059814453125
1653727986,H,Accelerometer,0.0
1653727986,H,Light,65.0
1653727986,H,IR,0.0
1653727986,H,MIC,3.0
1653727988,H,Temperature,21.766000747680664
1653727988,H,Humidity,36.00199890136719
1653727988,H,Pressure,102233.0
1653727988,H,Gas,1131.5660400390625
1653727988,H,Accelerometer,0.0
1653727988,H,Light,65.0
1653727988,H,IR,0.0
1653727988,H,MIC,3.0
1653727990,C,Temperature,22.625
1653727990,C,Humidity,35.24100112915039
1653727990,C,Pressure,102233.0
1653727990,C,Gas,527.5
1653727990,C,Accelerometer,0.0
1653727990,C,Light,4798.0
1653727990,C,MIC,1.0
1653727990,C,RSSI,66.0
1653727990,B,Temperature,21.51499938964844
1653727990,B,Humidity,38.94400024414063
1653727990,B,Pressure,102176.0
1653727990,B,Gas,894.1339721679688
1653727990,B,Accelerometer,0.0
1653727990,B,Light,25.0
1653727990,B,MIC,3.0
1653727990,B,RSSI,65.0
1653727991,H,Temperature,21.766000747680664
1653727991,H,Humidity,36.000999450683594
1653727991,H,Pressure,102231.0
1653727991,H,Gas,1141.06494140625
1653727991,H,Accelerometer,0.0
1653727991,H,Light,65.0
1653727991,H,IR,0.0
1653727991,H,MIC,3.0
1653727993,D,Temperature,21.09499931335449
1653727993,D,Humidity,36.94900131225586
1653727993,D,Pressure,102240.0
1653727993,D,Gas,588.2130126953125
1653727993,D,Accelerometer,0.0
1653727993,D,Light,471.0
1653727993,D,MIC,3.0
1653727993,D,RSSI,61.0
1653727993,F,Temperature,22.0049991607666
1653727993,F,Humidity,35.73199844360352
1653727993,F,Pressure,102250.0
1653727993,F,Gas,582.7589721679688
1653727993,F,Accelerometer,0.0
1653727993,F,Light,597.0
1653727993,F,MIC,3.0
1653727993,F,RSSI,79.0
1653727993,E,Temperature,20.55500030517578
1653727993,E,Humidity,38.05099868774414
1653727993,E,Pressure,102213.0
1653727993,E,Gas,627.739990234375
1653727993,E,Accelerometer,0.0
1653727993,E,Light,1021.0
1653727993,E,MIC,3.0
1653727993,E,RSSI,94.0
1653727994,H,Temperature,21.775999069213867
1653727994,H,Humidity,35.97700119018555
1653727994,H,Pressure,102231.0
1653727994,H,Gas,1130.758056640625
1653727994,H,Accelerometer,0.0
1653727994,H,Light,66.0
1653727994,H,IR,0.0
1653727994,H,MIC,3.0
1653727998,G,Temperature,22.09499931335449
1653727998,G,Humidity,36.93899917602539
1653727998,G,Pressure,102233.0
1653727998,G,Gas,533.2919921875
1653727998,G,Accelerometer,0.0
1653727998,G,Light,1844.0
1653727998,G,MIC,3.0
1653727998,G,RSSI,72.0
1653727998,A,Temperature,22.19499969482422
1653727998,A,Humidity,36.198001861572266
1653727998,A,Pressure,102204.0
1653727998,A,Gas,583.3170166015625
1653727998,A,Accelerometer,0.0
1653727998,A,Light,112.0
1653727998,A,MIC,3.0
1653727998,A,RSSI,74.0
1653727999,H,Temperature,21.775999069213867
1653727999,H,Humidity,35.96900177001953
1653727999,H,Pressure,102233.0
1653727999,H,Gas,1122.2779541015623
1653727999,H,Accelerometer,0.0
1653727999,H,Light,66.0
1653727999,H,IR,0.0
1653727999,H,MIC,3.0
1653728000,C,Temperature,22.625
1653728000,C,Humidity,35.2400016784668
1653728000,C,Pressure,102229.0
1653728000,C,Gas,524.7559814453125
1653728000,C,Accelerometer,0.0
1653728000,C,Light,4849.0
1653728000,C,MIC,1.0
1653728000,C,RSSI,66.0
1653728001,B,Temperature,21.51499938964844
1653728001,B,Humidity,38.93299865722656
1653728001,B,Pressure,102174.0
1653728001,B,Gas,899.6519775390625
1653728001,B,Accelerometer,0.0
1653728001,B,Light,26.0
1653728001,B,MIC,3.0
1653728001,B,RSSI,65.0
1653728001,H,Temperature,21.766000747680664
1653728001,H,Humidity,36.0
1653728001,H,Pressure,102233.0
1653728001,H,Gas,1117.883056640625
1653728001,H,Accelerometer,0.0
1653728001,H,Light,67.0
1653728001,H,IR,0.0
1653728001,H,MIC,3.0
1653728003,D,Temperature,21.084999084472656
1653728003,D,Humidity,36.97200012207031
1653728003,D,Pressure,102238.0
1653728003,D,Gas,590.2559814453125
1653728003,D,Accelerometer,0.0
1653728003,D,Light,473.0
1653728003,D,MIC,3.0
1653728003,D,RSSI,61.0
1653728003,H,Temperature,21.766000747680664
1653728003,H,Humidity,35.98199844360352
1653728003,H,Pressure,102231.0
1653728003,H,Gas,1105.0679931640623
1653728003,H,Accelerometer,0.0
1653728003,H,Light,68.0
1653728003,H,IR,0.0
1653728003,H,MIC,3.0
1653728004,E,Temperature,20.55500030517578
1653728004,E,Humidity,38.06499862670898
1653728004,E,Pressure,102213.0
1653728004,E,Gas,616.9039916992188
1653728004,E,Accelerometer,0.0
1653728004,E,Light,1017.0
1653728004,E,MIC,3.0
1653728004,E,RSSI,94.0
1653728004,F,Temperature,22.01499938964844
1653728004,F,Humidity,35.749000549316406
1653728004,F,Pressure,102252.0
1653728004,F,Gas,584.2360229492188
1653728004,F,Accelerometer,0.0
1653728004,F,Light,609.0
1653728004,F,MIC,3.0
1653728004,F,RSSI,79.0
1653728005,G,Temperature,22.09499931335449
1653728005,G,Humidity,36.93899917602539
1653728005,G,Pressure,102235.0
1653728005,G,Gas,536.0380249023439
1653728005,G,Accelerometer,0.0
1653728005,G,Light,1854.0
1653728005,G,MIC,3.0
1653728005,G,RSSI,71.0
1653728005,A,Temperature,22.20499992370605
1653728005,A,Humidity,36.18000030517578
1653728005,A,Pressure,102202.0
1653728005,A,Gas,582.1719970703125
1653728005,A,Accelerometer,0.0
1653728005,A,Light,113.0
1653728005,A,MIC,3.0
1653728005,A,RSSI,82.0
1653728006,H,Temperature,21.766000747680664
1653728006,H,Humidity,35.96799850463867
1653728006,H,Pressure,102231.0
1653728006,H,Gas,1104.7750244140623
1653728006,H,Accelerometer,0.0
1653728006,H,Light,70.0
1653728006,H,IR,0.0
1653728006,H,MIC,3.0
1653728010,H,Temperature,21.756000518798828
1653728010,H,Humidity,35.987998962402344
1653728010,H,Pressure,102231.0
1653728010,H,Gas,1100.4620361328123
1653728010,H,Accelerometer,0.0
1653728010,H,Light,73.0
1653728010,H,IR,0.0
1653728010,H,MIC,3.0
1653728010,C,Temperature,22.63500022888184
1653728010,C,Humidity,35.237998962402344
1653728010,C,Pressure,102229.0
1653728010,C,Gas,518.9349975585939
1653728010,C,Accelerometer,0.0
1653728010,C,Light,4944.0
1653728010,C,MIC,1.0
1653728010,C,RSSI,66.0
1653728010,B,Temperature,21.51499938964844
1653728010,B,Humidity,38.95700073242188
1653728010,B,Pressure,102172.0
1653728010,B,Gas,896.9229736328125
1653728010,B,Accelerometer,0.0
1653728010,B,Light,29.0
1653728010,B,MIC,3.0
1653728010,B,RSSI,65.0
1653728012,H,Temperature,21.766000747680664
1653728012,H,Humidity,35.96200180053711
1653728012,H,Pressure,102231.0
1653728012,H,Gas,1091.8160400390623
1653728012,H,Accelerometer,0.0
1653728012,H,Light,82.0
1653728012,H,IR,0.0
1653728012,H,MIC,3.0
1653728013,D,Temperature,21.09499931335449
1653728013,D,Humidity,36.96200180053711
1653728013,D,Pressure,102242.0
1653728013,D,Gas,590.8809814453125
1653728013,D,Accelerometer,0.0
1653728013,D,Light,479.0
1653728013,D,MIC,3.0
1653728013,D,RSSI,61.0
1653728013,E,Temperature,20.55500030517578
1653728013,E,Humidity,38.05400085449219
1653728013,E,Pressure,102213.0
1653728013,E,Gas,615.3300170898438
1653728013,E,Accelerometer,0.0
1653728013,E,Light,1028.0
1653728013,E,MIC,3.0
1653728013,E,RSSI,77.0
1653728014,F,Temperature,22.01499938964844
1653728014,F,Humidity,35.75
1653728014,F,Pressure,102250.0
1653728014,F,Gas,580.7459716796875
1653728014,F,Accelerometer,0.0
1653728014,F,Light,623.0
1653728014,F,MIC,3.0
1653728014,F,RSSI,79.0
1653728015,G,Temperature,22.09499931335449
1653728015,G,Humidity,36.95000076293945
1653728015,G,Pressure,102235.0
1653728015,G,Gas,537.4569702148439
1653728015,G,Accelerometer,0.0
1653728015,G,Light,1869.0
1653728015,G,MIC,3.0
1653728015,G,RSSI,71.0
1653728015,A,Temperature,22.20499992370605
1653728015,A,Humidity,36.18600082397461
1653728015,A,Pressure,102202.0
1653728015,A,Gas,589.0759887695312
1653728015,A,Accelerometer,0.0
1653728015,A,Light,116.0
1653728015,A,MIC,3.0
1653728015,A,RSSI,82.0
1653728015,H,Temperature,21.766000747680664
1653728015,H,Humidity,35.98500061035156
1653728015,H,Pressure,102231.0
1653728015,H,Gas,1088.60595703125
1653728015,H,Accelerometer,0.0
1653728015,H,Light,95.0
1653728015,H,IR,0.0
1653728015,H,MIC,3.0
1653728019,H,Temperature,21.775999069213867
1653728019,H,Humidity,35.95800018310547
1653728019,H,Pressure,102231.0
1653728019,H,Gas,1097.612060546875
1653728019,H,Accelerometer,0.0
1653728019,H,Light,112.0
1653728019,H,IR,0.0
1653728019,H,MIC,3.0
1653728020,C,Temperature,22.645000457763672
1653728020,C,Humidity,35.20199966430664
1653728020,C,Pressure,102231.0
1653728020,C,Gas,524.7830200195311
1653728020,C,Accelerometer,0.0
1653728020,C,Light,5095.0
1653728020,C,MIC,1.0
1653728020,C,RSSI,66.0
1653728020,B,Temperature,21.524999618530273
1653728020,B,Humidity,38.93299865722656
1653728020,B,Pressure,102176.0
1653728020,B,Gas,881.052978515625
1653728020,B,Accelerometer,0.0
1653728020,B,Light,72.0
1653728020,B,MIC,3.0
1653728020,B,RSSI,65.0
1653728021,H,Temperature,21.766000747680664
1653728021,H,Humidity,35.98899841308594
1653728021,H,Pressure,102233.0
1653728021,H,Gas,1103.844970703125
1653728021,H,Accelerometer,0.0
1653728021,H,Light,155.0
1653728021,H,IR,0.0
1653728021,H,MIC,3.0
1653728023,D,Temperature,21.104999542236328
1653728023,D,Humidity,36.93000030517578
1653728023,D,Pressure,102242.0
1653728023,D,Gas,585.1699829101562
1653728023,D,Accelerometer,0.0
1653728023,D,Light,503.0
1653728023,D,MIC,3.0
1653728023,D,RSSI,61.0
1653728023,F,Temperature,22.01499938964844
1653728023,F,Humidity,35.7599983215332
1653728023,F,Pressure,102252.0
1653728023,F,Gas,580.7860107421875
1653728023,F,Accelerometer,0.0
1653728023,F,Light,667.0
1653728023,F,MIC,3.0
1653728023,F,RSSI,79.0
1653728023,E,Temperature,20.55500030517578
1653728023,E,Humidity,38.066001892089844
1653728023,E,Pressure,102215.0
1653728023,E,Gas,618.5120239257812
1653728023,E,Accelerometer,0.0
1653728023,E,Light,1072.0
1653728023,E,MIC,3.0
1653728023,E,RSSI,77.0
1653728025,H,Temperature,21.756000518798828
1653728025,H,Humidity,35.99300003051758
1653728025,H,Pressure,102231.0
1653728025,H,Gas,1106.9000244140623
1653728025,H,Accelerometer,0.0
1653728025,H,Light,107.0
1653728025,H,IR,0.0
1653728025,H,MIC,3.0
1653728026,G,Temperature,22.09499931335449
1653728026,G,Humidity,36.93999862670898
1653728026,G,Pressure,102233.0
1653728026,G,Gas,532.0570068359375
1653728026,G,Accelerometer,0.0
1653728026,G,Light,2031.0
1653728026,G,MIC,3.0
1653728026,G,RSSI,71.0
1653728026,A,Temperature,22.19499969482422
1653728026,A,Humidity,36.198001861572266
1653728026,A,Pressure,102204.0
1653728026,A,Gas,585.6749877929688
1653728026,A,Accelerometer,0.0
1653728026,A,Light,138.0
1653728026,A,MIC,3.0
1653728026,A,RSSI,82.0
1653728028,H,Temperature,21.766000747680664
1653728028,H,Humidity,35.97800064086914
1653728028,H,Pressure,102233.0
1653728028,H,Gas,1094.81103515625
1653728028,H,Accelerometer,0.0
1653728028,H,Light,91.0
1653728028,H,IR,0.0
1653728028,H,MIC,3.0
1653728030,C,Temperature,22.645000457763672
1653728030,C,Humidity,35.2140007019043
1653728030,C,Pressure,102233.0
1653728030,C,Gas,522.927001953125
1653728030,C,Accelerometer,0.0
1653728030,C,Light,5198.0
1653728030,C,MIC,1.0
1653728030,C,RSSI,66.0
1653728030,B,Temperature,21.51499938964844
1653728030,B,Humidity,38.96200180053711
1653728030,B,Pressure,102172.0
1653728030,B,Gas,883.0349731445312
1653728030,B,Accelerometer,0.0
1653728030,B,Light,46.0
1653728030,B,MIC,3.0
1653728030,B,RSSI,70.0
1653728031,H,Temperature,21.756000518798828
1653728031,H,Humidity,35.9900016784668
1653728031,H,Pressure,102231.0
1653728031,H,Gas,1090.864013671875
1653728031,H,Accelerometer,0.0
1653728031,H,Light,113.0
1653728031,H,IR,0.0
1653728031,H,MIC,3.0
1653728033,D,Temperature,21.084999084472656
1653728033,D,Humidity,36.9739990234375
1653728033,D,Pressure,102240.0
1653728033,D,Gas,581.9439697265625
1653728033,D,Accelerometer,0.0
1653728033,D,Light,549.0
1653728033,D,MIC,3.0
1653728033,D,RSSI,61.0
1653728033,E,Temperature,20.55500030517578
1653728033,E,Humidity,38.07899856567383
1653728033,E,Pressure,102213.0
1653728033,E,Gas,617.5679931640625
1653728033,E,Accelerometer,0.0
1653728033,E,Light,1149.0
1653728033,E,MIC,3.0
1653728033,E,RSSI,77.0
1653728034,H,Temperature,21.766000747680664
1653728034,H,Humidity,35.97100067138672
1653728034,H,Pressure,102233.0
1653728034,H,Gas,1095.1209716796877
1653728034,H,Accelerometer,0.0
1653728034,H,Light,107.0
1653728034,H,IR,0.0
1653728034,H,MIC,3.0
1653728034,F,Temperature,22.01499938964844
1653728034,F,Humidity,35.770999908447266
1653728034,F,Pressure,102252.0
1653728034,F,Gas,581.385986328125
1653728034,F,Accelerometer,0.0
1653728034,F,Light,684.0
1653728034,F,MIC,3.0
1653728034,F,RSSI,79.0
1653728035,G,Temperature,22.09499931335449
1653728035,G,Humidity,36.91699981689453
1653728035,G,Pressure,102233.0
1653728035,G,Gas,537.8400268554689
1653728035,G,Accelerometer,0.0
1653728035,G,Light,2076.0
1653728035,G,MIC,3.0
1653728035,G,RSSI,71.0
1653728035,A,Temperature,22.19499969482422
1653728035,A,Humidity,36.20100021362305
1653728035,A,Pressure,102202.0
1653728035,A,Gas,586.5830078125
1653728035,A,Accelerometer,0.0
1653728035,A,Light,142.0
1653728035,A,MIC,3.0
1653728035,A,RSSI,82.0
1653728037,H,Temperature,21.766000747680664
1653728037,H,Humidity,35.98199844360352
1653728037,H,Pressure,102231.0
1653728037,H,Gas,1088.135009765625
1653728037,H,Accelerometer,0.0
1653728037,H,Light,126.0
1653728037,H,IR,0.0
1653728037,H,MIC,3.0
1653728040,C,Temperature,22.65500068664551
1653728040,C,Humidity,35.18399810791016
1653728040,C,Pressure,102229.0
1653728040,C,Gas,526.2069702148439
1653728040,C,Accelerometer,0.0
1653728040,C,Light,5335.0
1653728040,C,MIC,1.0
1653728040,C,RSSI,66.0
1653728041,H,Temperature,21.775999069213867
1653728041,H,Humidity,35.97100067138672
1653728041,H,Pressure,102229.0
1653728041,H,Gas,1094.4730224609377
1653728041,H,Accelerometer,0.0
1653728041,H,Light,140.0
1653728041,H,IR,0.0
1653728041,H,MIC,3.0
1653728042,B,Temperature,21.524999618530273
1653728042,B,Humidity,38.95299911499024
1653728042,B,Pressure,102174.0
1653728042,B,Gas,882.6090087890625
1653728042,B,Accelerometer,0.0
1653728042,B,Light,74.0
1653728042,B,MIC,3.0
1653728042,B,RSSI,70.0
1653728043,D,Temperature,21.09499931335449
1653728043,D,Humidity,36.94499969482422
1653728043,D,Pressure,102242.0
1653728043,D,Gas,578.31298828125
1653728043,D,Accelerometer,0.0
1653728043,D,Light,566.0
1653728043,D,MIC,3.0
1653728043,D,RSSI,61.0
1653728043,H,Temperature,21.766000747680664
1653728043,H,Humidity,36.00899887084961
1653728043,H,Pressure,102231.0
1653728043,H,Gas,1086.1199951171877
1653728043,H,Accelerometer,0.0
1653728043,H,Light,94.0
1653728043,H,IR,0.0
1653728043,H,MIC,3.0
1653728044,E,Temperature,20.55500030517578
1653728044,E,Humidity,38.06700134277344
1653728044,E,Pressure,102213.0
1653728044,E,Gas,614.2470092773438
1653728044,E,Accelerometer,0.0
1653728044,E,Light,1176.0
1653728044,E,MIC,3.0
1653728044,E,RSSI,77.0
1653728044,F,Temperature,22.01499938964844
1653728044,F,Humidity,35.736000061035156
1653728044,F,Pressure,102250.0
1653728044,F,Gas,582.7210083007812
1653728044,F,Accelerometer,0.0
1653728044,F,Light,719.0
1653728044,F,MIC,3.0
1653728044,F,RSSI,84.0
1653728045,A,Temperature,22.19499969482422
1653728045,A,Humidity,36.222999572753906
1653728045,A,Pressure,102202.0
1653728045,A,Gas,590.0260009765625
1653728045,A,Accelerometer,0.0
1653728045,A,Light,133.0
1653728045,A,MIC,3.0
1653728045,A,RSSI,82.0
1653728045,G,Temperature,22.104999542236328
1653728045,G,Humidity,36.90499877929688
1653728045,G,Pressure,102235.0
1653728045,G,Gas,534.64697265625
1653728045,G,Accelerometer,0.0
1653728045,G,Light,1950.0
1653728045,G,MIC,3.0
1653728045,G,RSSI,71.0
1653728046,H,Temperature,21.766000747680664
1653728046,H,Humidity,35.992000579833984
1653728046,H,Pressure,102233.0
1653728046,H,Gas,1095.9119873046877
1653728046,H,Accelerometer,0.0
1653728046,H,Light,83.0
1653728046,H,IR,0.0
1653728046,H,MIC,3.0
1653728049,H,Temperature,21.766000747680664
1653728049,H,Humidity,35.99800109863281
1653728049,H,Pressure,102235.0
1653728049,H,Gas,1089.9510498046877
1653728049,H,Accelerometer,0.0
1653728049,H,Light,76.0
1653728049,H,IR,0.0
1653728049,H,MIC,3.0
1653728051,C,Temperature,22.665000915527344
1653728051,C,Humidity,35.15700149536133
1653728051,C,Pressure,102231.0
1653728051,C,Gas,534.573974609375
1653728051,C,Accelerometer,0.0
1653728051,C,Light,5366.0
1653728051,C,MIC,1.0
1653728051,C,RSSI,66.0
1653728051,B,Temperature,21.51499938964844
1653728051,B,Humidity,38.97600173950195
1653728051,B,Pressure,102172.0
1653728051,B,Gas,888.4929809570312
1653728051,B,Accelerometer,0.0
1653728051,B,Light,32.0
1653728051,B,MIC,3.0
1653728051,B,RSSI,70.0
1653728052,H,Temperature,21.756000518798828
1653728052,H,Humidity,36.01300048828125
1653728052,H,Pressure,102231.0
1653728052,H,Gas,1100.009033203125
1653728052,H,Accelerometer,0.0
1653728052,H,Light,73.0
1653728052,H,IR,0.0
1653728052,H,MIC,3.0
1653728053,D,Temperature,21.09499931335449
1653728053,D,Humidity,36.94499969482422
1653728053,D,Pressure,102244.0
1653728053,D,Gas,575.0449829101562
1653728053,D,Accelerometer,0.0
1653728053,D,Light,503.0
1653728053,D,MIC,3.0
1653728053,D,RSSI,61.0
1653728053,F,Temperature,22.024999618530273
1653728053,F,Humidity,35.70899963378906
1653728053,F,Pressure,102252.0
1653728053,F,Gas,579.2210083007812
1653728053,F,Accelerometer,0.0
1653728053,F,Light,660.0
1653728053,F,MIC,3.0
1653728053,F,RSSI,84.0
1653728054,E,Temperature,20.55500030517578
1653728054,E,Humidity,38.05799865722656
1653728054,E,Pressure,102217.0
1653728054,E,Gas,615.8060302734375
1653728054,E,Accelerometer,0.0
1653728054,E,Light,1060.0
1653728054,E,MIC,3.0
1653728054,E,RSSI,77.0
1653728056,H,Temperature,21.756000518798828
1653728056,H,Humidity,36.01499938964844
1653728056,H,Pressure,102233.0
1653728056,H,Gas,1085.760009765625
1653728056,H,Accelerometer,0.0
1653728056,H,Light,67.0
1653728056,H,IR,0.0
1653728056,H,MIC,3.0
1653728056,A,Temperature,22.19499969482422
1653728056,A,Humidity,36.233001708984375
1653728056,A,Pressure,102204.0
1653728056,A,Gas,587.0170288085938
1653728056,A,Accelerometer,0.0
1653728056,A,Light,117.0
1653728056,A,MIC,3.0
1653728056,A,RSSI,83.0
1653728058,H,Temperature,21.766000747680664
1653728058,H,Humidity,35.99100112915039
1653728058,H,Pressure,102235.0
1653728058,H,Gas,1088.593994140625
1653728058,H,Accelerometer,0.0
1653728058,H,Light,65.0
1653728058,H,IR,0.0
1653728058,H,MIC,3.0
1653728059,G,Temperature,22.104999542236328
1653728059,G,Humidity,36.92200088500977
1653728059,G,Pressure,102237.0
1653728059,G,Gas,533.1389770507811
1653728059,G,Accelerometer,0.0
1653728059,G,Light,1865.0
1653728059,G,MIC,3.0
1653728059,G,RSSI,89.0
1653728060,C,Temperature,22.67499923706055
1653728060,C,Humidity,35.145999908447266
1653728060,C,Pressure,102229.0
1653728060,C,Gas,533.135009765625
1653728060,C,Accelerometer,0.0
1653728060,C,Light,5451.0
1653728060,C,MIC,1.0
1653728060,C,RSSI,66.0
1653728061,B,Temperature,21.51499938964844
1653728061,B,Humidity,38.96500015258789
1653728061,B,Pressure,102174.0
1653728061,B,Gas,870.5689697265625
1653728061,B,Accelerometer,0.0
1653728061,B,Light,26.0
1653728061,B,MIC,3.0
1653728061,B,RSSI,70.0
1653728062,H,Temperature,21.766000747680664
1653728062,H,Humidity,35.98099899291992
1653728062,H,Pressure,102233.0
1653728062,H,Gas,1083.5240478515623
1653728062,H,Accelerometer,0.0
1653728062,H,Light,65.0
1653728062,H,IR,0.0
1653728062,H,MIC,3.0
1653728063,D,Temperature,21.104999542236328
1653728063,D,Humidity,36.933998107910156
1653728063,D,Pressure,102244.0
1653728063,D,Gas,576.4400024414062
1653728063,D,Accelerometer,0.0
1653728063,D,Light,493.0
1653728063,D,MIC,3.0
1653728063,D,RSSI,60.0
1653728064,E,Temperature,20.55500030517578
1653728064,E,Humidity,38.053001403808594
1653728064,E,Pressure,102213.0
1653728064,E,Gas,605.9970092773438
1653728064,E,Accelerometer,0.0
1653728064,E,Light,1047.0
1653728064,E,MIC,3.0
1653728064,E,RSSI,69.0
1653728064,F,Temperature,22.01499938964844
1653728064,F,Humidity,35.749000549316406
1653728064,F,Pressure,102252.0
1653728064,F,Gas,578.56298828125
1653728064,F,Accelerometer,0.0
1653728064,F,Light,651.0
1653728064,F,MIC,3.0
1653728064,F,RSSI,84.0
1653728064,H,Temperature,21.756000518798828
1653728064,H,Humidity,35.99800109863281
1653728064,H,Pressure,102235.0
1653728064,H,Gas,1082.958984375
1653728064,H,Accelerometer,0.0
1653728064,H,Light,64.0
1653728064,H,IR,0.0
1653728064,H,MIC,3.0
1653728065,A,Temperature,22.20499992370605
1653728065,A,Humidity,36.18600082397461
1653728065,A,Pressure,102202.0
1653728065,A,Gas,592.7100219726562
1653728065,A,Accelerometer,0.0
1653728065,A,Light,112.0
1653728065,A,MIC,3.0
1653728065,A,RSSI,83.0
1653728067,G,Temperature,22.09499931335449
1653728067,G,Humidity,36.95600128173828
1653728067,G,Pressure,102237.0
1653728067,G,Gas,532.7160034179689
1653728067,G,Accelerometer,0.0
1653728067,G,Light,1829.0
1653728067,G,MIC,3.0
1653728067,G,RSSI,89.0
1653728067,H,Temperature,21.766000747680664
1653728067,H,Humidity,35.96900177001953
1653728067,H,Pressure,102233.0
1653728067,H,Gas,1086.77294921875
1653728067,H,Accelerometer,0.0
1653728067,H,Light,64.0
1653728067,H,IR,0.0
1653728067,H,MIC,3.0
1653728070,C,Temperature,22.684999465942386
1653728070,C,Humidity,35.138999938964844
1653728070,C,Pressure,102235.0
1653728070,C,Gas,532.2579956054689
1653728070,C,Accelerometer,0.0
1653728070,C,Light,5509.0
1653728070,C,MIC,1.0
1653728070,C,RSSI,66.0
1653728070,H,Temperature,21.766000747680664
1653728070,H,Humidity,35.97999954223633
1653728070,H,Pressure,102233.0
1653728070,H,Gas,1087.947021484375
1653728070,H,Accelerometer,0.0
1653728070,H,Light,64.0
1653728070,H,IR,0.0
1653728070,H,MIC,3.0
1653728070,B,Temperature,21.51499938964844
1653728070,B,Humidity,38.97200012207031
1653728070,B,Pressure,102172.0
1653728070,B,Gas,872.8720092773438
1653728070,B,Accelerometer,0.0
1653728070,B,Light,25.0
1653728070,B,MIC,3.0
1653728070,B,RSSI,70.0
1653728073,D,Temperature,21.09499931335449
1653728073,D,Humidity,36.95299911499024
1653728073,D,Pressure,102240.0
1653728073,D,Gas,573.7009887695312
1653728073,D,Accelerometer,0.0
1653728073,D,Light,489.0
1653728073,D,MIC,3.0
1653728073,D,RSSI,60.0
1653728073,H,Temperature,21.766000747680664
1653728073,H,Humidity,35.97200012207031
1653728073,H,Pressure,102229.0
1653728073,H,Gas,1078.89599609375
1653728073,H,Accelerometer,0.0
1653728073,H,Light,65.0
1653728073,H,IR,0.0
1653728073,H,MIC,3.0
1653728074,F,Temperature,22.024999618530273
1653728074,F,Humidity,35.73400115966797
1653728074,F,Pressure,102250.0
1653728074,F,Gas,581.5239868164062
1653728074,F,Accelerometer,0.0
1653728074,F,Light,651.0
1653728074,F,MIC,3.0
1653728074,F,RSSI,84.0
1653728074,E,Temperature,20.55500030517578
1653728074,E,Humidity,38.060001373291016
1653728074,E,Pressure,102213.0
1653728074,E,Gas,608.4749755859375
1653728074,E,Accelerometer,0.0
1653728074,E,Light,1046.0
1653728074,E,MIC,3.0
1653728074,E,RSSI,69.0
1653728076,G,Temperature,22.114999771118164
1653728076,G,Humidity,36.91899871826172
1653728076,G,Pressure,102235.0
1653728076,G,Gas,536.2520141601561
1653728076,G,Accelerometer,0.0
1653728076,G,Light,1837.0
1653728076,G,MIC,3.0
1653728076,G,RSSI,89.0
1653728076,H,Temperature,21.766000747680664
1653728076,H,Humidity,35.97100067138672
1653728076,H,Pressure,102233.0
1653728076,H,Gas,1072.6629638671877
1653728076,H,Accelerometer,0.0
1653728076,H,Light,65.0
1653728076,H,IR,0.0
1653728076,H,MIC,3.0
1653728079,A,Temperature,22.20499992370605
1653728079,A,Humidity,36.17300033569336
1653728079,A,Pressure,102202.0
1653728079,A,Gas,588.9719848632812
1653728079,A,Accelerometer,0.0
1653728079,A,Light,112.0
1653728079,A,MIC,3.0
1653728079,A,RSSI,83.0
1653728079,H,Temperature,21.766000747680664
1653728079,H,Humidity,35.96699905395508
1653728079,H,Pressure,102231.0
1653728079,H,Gas,1076.89794921875
1653728079,H,Accelerometer,0.0
1653728079,H,Light,66.0
1653728079,H,IR,0.0
1653728079,H,MIC,3.0
1653728080,C,Temperature,22.684999465942386
1653728080,C,Humidity,35.139999389648445
1653728080,C,Pressure,102233.0
1653728080,C,Gas,532.135986328125
1653728080,C,Accelerometer,0.0
1653728080,C,Light,5505.0
1653728080,C,MIC,1.0
1653728080,C,RSSI,66.0
1653728082,B,Temperature,21.51499938964844
1653728082,B,Humidity,38.974998474121094
1653728082,B,Pressure,102172.0
1653728082,B,Gas,850.3870239257812
1653728082,B,Accelerometer,0.0
1653728082,B,Light,25.0
1653728082,B,MIC,3.0
1653728082,B,RSSI,65.0
1653728082,H,Temperature,21.766000747680664
1653728082,H,Humidity,35.96699905395508
1653728082,H,Pressure,102231.0
1653728082,H,Gas,1065.655029296875
1653728082,H,Accelerometer,0.0
1653728082,H,Light,66.0
1653728082,H,IR,0.0
1653728082,H,MIC,3.0
1653728083,D,Temperature,21.09499931335449
1653728083,D,Humidity,36.95600128173828
1653728083,D,Pressure,102242.0
1653728083,D,Gas,574.5289916992188
1653728083,D,Accelerometer,0.0
1653728083,D,Light,488.0
1653728083,D,MIC,3.0
1653728083,D,RSSI,60.0
1653728083,F,Temperature,22.024999618530273
1653728083,F,Humidity,35.73500061035156
1653728083,F,Pressure,102250.0
1653728083,F,Gas,583.4229736328125
1653728083,F,Accelerometer,0.0
1653728083,F,Light,651.0
1653728083,F,MIC,3.0
1653728083,F,RSSI,84.0
1653728084,E,Temperature,20.565000534057614
1653728084,E,Humidity,38.04499816894531
1653728084,E,Pressure,102215.0
1653728084,E,Gas,607.4849853515625
1653728084,E,Accelerometer,0.0
1653728084,E,Light,1056.0
1653728084,E,MIC,3.0
1653728084,E,RSSI,69.0
1653728085,G,Temperature,22.114999771118164
1653728085,G,Humidity,36.941001892089844
1653728085,G,Pressure,102233.0
1653728085,G,Gas,540.7490234375
1653728085,G,Accelerometer,0.0
1653728085,G,Light,1831.0
1653728085,G,MIC,3.0
1653728085,G,RSSI,89.0
1653728085,A,Temperature,22.20499992370605
1653728085,A,Humidity,36.17399978637695
1653728085,A,Pressure,102202.0
1653728085,A,Gas,587.3359985351562
1653728085,A,Accelerometer,0.0
1653728085,A,Light,112.0
1653728085,A,MIC,3.0
1653728085,A,RSSI,83.0
1653728086,H,Temperature,21.766000747680664
1653728086,H,Humidity,35.98500061035156
1653728086,H,Pressure,102229.0
1653728086,H,Gas,1062.10205078125
1653728086,H,Accelerometer,0.0
1653728086,H,Light,66.0
1653728086,H,IR,0.0
1653728086,H,MIC,3.0
1653728089,H,Temperature,21.766000747680664
1653728089,H,Humidity,35.96699905395508
1653728089,H,Pressure,102231.0
1653728089,H,Gas,1059.72705078125
1653728089,H,Accelerometer,0.0
1653728089,H,Light,67.0
1653728089,H,IR,0.0
1653728089,H,MIC,3.0
1653728090,C,Temperature,22.67499923706055
1653728090,C,Humidity,35.14400100708008
1653728090,C,Pressure,102227.0
1653728090,C,Gas,529.489990234375
1653728090,C,Accelerometer,0.0
1653728090,C,Light,5401.0
1653728090,C,MIC,1.0
1653728090,C,RSSI,79.0
1653728090,B,Temperature,21.51499938964844
1653728090,B,Humidity,38.94200134277344
1653728090,B,Pressure,102178.0
1653728090,B,Gas,853.3040161132812
1653728090,B,Accelerometer,0.0
1653728090,B,Light,26.0
1653728090,B,MIC,3.0
1653728090,B,RSSI,65.0
1653728091,H,Temperature,21.756000518798828
1653728091,H,Humidity,35.99399948120117
1653728091,H,Pressure,102231.0
1653728091,H,Gas,1058.1600341796877
1653728091,H,Accelerometer,0.0
1653728091,H,Light,67.0
1653728091,H,IR,0.0
1653728091,H,MIC,3.0
1653728093,D,Temperature,21.09499931335449
1653728093,D,Humidity,36.96699905395508
1653728093,D,Pressure,102240.0
1653728093,D,Gas,570.1339721679688
1653728093,D,Accelerometer,0.0
1653728093,D,Light,495.0
1653728093,D,MIC,3.0
1653728093,D,RSSI,60.0
1653728094,F,Temperature,22.024999618530273
1653728094,F,Humidity,35.73400115966797
1653728094,F,Pressure,102250.0
1653728094,F,Gas,577.7969970703125
1653728094,F,Accelerometer,0.0
1653728094,F,Light,650.0
1653728094,F,MIC,3.0
1653728094,F,RSSI,81.0
1653728094,E,Temperature,20.565000534057614
1653728094,E,Humidity,38.0620002746582
1653728094,E,Pressure,102215.0
1653728094,E,Gas,601.666015625
1653728094,E,Accelerometer,0.0
1653728094,E,Light,1069.0
1653728094,E,MIC,3.0
1653728094,E,RSSI,69.0
1653728094,H,Temperature,21.766000747680664
1653728094,H,Humidity,35.97100067138672
1653728094,H,Pressure,102231.0
1653728094,H,Gas,1059.85400390625
1653728094,H,Accelerometer,0.0
1653728094,H,Light,68.0
1653728094,H,IR,0.0
1653728094,H,MIC,3.0
1653728095,G,Temperature,22.104999542236328
1653728095,G,Humidity,36.95899963378906
1653728095,G,Pressure,102233.0
1653728095,G,Gas,535.1589965820311
1653728095,G,Accelerometer,0.0
1653728095,G,Light,1850.0
1653728095,G,MIC,3.0
1653728095,G,RSSI,89.0
1653728096,A,Temperature,22.19499969482422
1653728096,A,Humidity,36.1879997253418
1653728096,A,Pressure,102202.0
1653728096,A,Gas,585.1950073242188
1653728096,A,Accelerometer,0.0
1653728096,A,Light,114.0
1653728096,A,MIC,3.0
1653728096,A,RSSI,83.0
1653728098,H,Temperature,21.766000747680664
1653728098,H,Humidity,35.97100067138672
1653728098,H,Pressure,102231.0
1653728098,H,Gas,1062.4449462890623
1653728098,H,Accelerometer,0.0
1653728098,H,Light,71.0
1653728098,H,IR,0.0
1653728098,H,MIC,3.0
1653728100,C,Temperature,22.684999465942386
1653728100,C,Humidity,35.12099838256836
1653728100,C,Pressure,102231.0
1653728100,C,Gas,529.4949951171875
1653728100,C,Accelerometer,0.0
1653728100,C,Light,5266.0
1653728100,C,MIC,1.0
1653728100,C,RSSI,79.0
1653728102,H,Temperature,21.756000518798828
1653728102,H,Humidity,35.970001220703125
1653728102,H,Pressure,102231.0
1653728102,H,Gas,1054.4739990234377
1653728102,H,Accelerometer,0.0
1653728102,H,Light,71.0
1653728102,H,IR,0.0
1653728102,H,MIC,3.0
1653728103,D,Temperature,21.09499931335449
1653728103,D,Humidity,36.96599960327149
1653728103,D,Pressure,102240.0
1653728103,D,Gas,569.2789916992188
1653728103,D,Accelerometer,0.0
1653728103,D,Light,497.0
1653728103,D,MIC,3.0
1653728103,D,RSSI,60.0
1653728103,H,Temperature,21.756000518798828
1653728103,H,Humidity,35.972999572753906
1653728103,H,Pressure,102229.0
1653728103,H,Gas,1049.0050048828123
1653728103,H,Accelerometer,0.0
1653728103,H,Light,67.0
1653728103,H,IR,0.0
1653728103,H,MIC,3.0
1653728104,E,Temperature,20.565000534057614
1653728104,E,Humidity,38.06499862670898
1653728104,E,Pressure,102213.0
1653728104,E,Gas,600.8250122070312
1653728104,E,Accelerometer,0.0
1653728104,E,Light,1077.0
1653728104,E,MIC,3.0
1653728104,E,RSSI,69.0
1653728104,F,Temperature,22.01499938964844
1653728104,F,Humidity,35.75699996948242
1653728104,F,Pressure,102250.0
1653728104,F,Gas,573.8629760742188
1653728104,F,Accelerometer,0.0
1653728104,F,Light,657.0
1653728104,F,MIC,3.0
1653728104,F,RSSI,81.0
1653728105,B,Temperature,21.51499938964844
1653728105,B,Humidity,38.9379997253418
1653728105,B,Pressure,102176.0
1653728105,B,Gas,850.2650146484375
1653728105,B,Accelerometer,0.0
1653728105,B,Light,28.0
1653728105,B,MIC,3.0
1653728105,B,RSSI,65.0
1653728105,A,Temperature,22.19499969482422
1653728105,A,Humidity,36.165000915527344
1653728105,A,Pressure,102200.0
1653728105,A,Gas,582.677001953125
1653728105,A,Accelerometer,0.0
1653728105,A,Light,113.0
1653728105,A,MIC,3.0
1653728105,A,RSSI,83.0
1653728106,G,Temperature,22.114999771118164
1653728106,G,Humidity,36.93199920654297
1653728106,G,Pressure,102233.0
1653728106,G,Gas,536.9520263671875
1653728106,G,Accelerometer,0.0
1653728106,G,Light,1834.0
1653728106,G,MIC,3.0
1653728106,G,RSSI,73.0
1653728106,H,Temperature,21.746000289916992
1653728106,H,Humidity,35.999000549316406
1653728106,H,Pressure,102231.0
1653728106,H,Gas,1041.0450439453123
1653728106,H,Accelerometer,0.0
1653728106,H,Light,66.0
1653728106,H,IR,0.0
1653728106,H,MIC,3.0
1653728109,H,Temperature,21.756000518798828
1653728109,H,Humidity,35.98199844360352
1653728109,H,Pressure,102231.0
1653728109,H,Gas,1035.4820556640623
1653728109,H,Accelerometer,0.0
1653728109,H,Light,66.0
1653728109,H,IR,0.0
1653728109,H,MIC,3.0
1653728110,C,Temperature,22.684999465942386
1653728110,C,Humidity,35.11800003051758
1653728110,C,Pressure,102231.0
1653728110,C,Gas,526.9550170898439
1653728110,C,Accelerometer,0.0
1653728110,C,Light,5203.0
1653728110,C,MIC,1.0
1653728110,C,RSSI,79.0
1653728110,B,Temperature,21.51499938964844
1653728110,B,Humidity,38.928001403808594
1653728110,B,Pressure,102174.0
1653728110,B,Gas,841.656982421875
1653728110,B,Accelerometer,0.0
1653728110,B,Light,26.0
1653728110,B,MIC,3.0
1653728110,B,RSSI,65.0
1653728112,H,Temperature,21.756000518798828
1653728112,H,Humidity,35.96900177001953
1653728112,H,Pressure,102233.0
1653728112,H,Gas,1027.427978515625
1653728112,H,Accelerometer,0.0
1653728112,H,Light,66.0
1653728112,H,IR,0.0
1653728112,H,MIC,3.0
1653728113,D,Temperature,21.104999542236328
1653728113,D,Humidity,36.97600173950195
1653728113,D,Pressure,102240.0
1653728113,D,Gas,572.8480224609375
1653728113,D,Accelerometer,0.0
1653728113,D,Light,492.0
1653728113,D,MIC,3.0
1653728113,D,RSSI,61.0
1653728114,E,Temperature,20.565000534057614
1653728114,E,Humidity,38.06800079345703
1653728114,E,Pressure,102213.0
1653728114,E,Gas,601.5020141601562
1653728114,E,Accelerometer,0.0
1653728114,E,Light,1068.0
1653728114,E,MIC,3.0
1653728114,E,RSSI,68.0
1653728114,F,Temperature,22.01499938964844
1653728114,F,Humidity,35.74599838256836
1653728114,F,Pressure,102250.0
1653728114,F,Gas,578.3259887695312
1653728114,F,Accelerometer,0.0
1653728114,F,Light,656.0
1653728114,F,MIC,3.0
1653728114,F,RSSI,81.0
1653728115,G,Temperature,22.125
1653728115,G,Humidity,36.92200088500977
1653728115,G,Pressure,102237.0
1653728115,G,Gas,541.9959716796875
1653728115,G,Accelerometer,0.0
1653728115,G,Light,1817.0
1653728115,G,MIC,3.0
1653728115,G,RSSI,73.0
1653728115,A,Temperature,22.20499992370605
1653728115,A,Humidity,36.15499877929688
1653728115,A,Pressure,102202.0
1653728115,A,Gas,575.1489868164062
1653728115,A,Accelerometer,0.0
1653728115,A,Light,111.0
1653728115,A,MIC,3.0
1653728115,A,RSSI,83.0
1653728116,H,Temperature,21.746000289916992
1653728116,H,Humidity,35.99700164794922
1653728116,H,Pressure,102233.0
1653728116,H,Gas,1033.373046875
1653728116,H,Accelerometer,0.0
1653728116,H,Light,66.0
1653728116,H,IR,0.0
1653728116,H,MIC,3.0
1653728119,H,Temperature,21.746000289916992
1653728119,H,Humidity,35.999000549316406
1653728119,H,Pressure,102231.0
1653728119,H,Gas,1031.7779541015623
1653728119,H,Accelerometer,0.0
1653728119,H,Light,67.0
1653728119,H,IR,0.0
1653728119,H,MIC,3.0
1653728120,C,Temperature,22.69499969482422
1653728120,C,Humidity,35.10800170898437
1653728120,C,Pressure,102231.0
1653728120,C,Gas,530.864990234375
1653728120,C,Accelerometer,0.0
1653728120,C,Light,5182.0
1653728120,C,MIC,1.0
1653728120,C,RSSI,79.0
1653728120,B,Temperature,21.51499938964844
1653728120,B,Humidity,38.935001373291016
1653728120,B,Pressure,102174.0
1653728120,B,Gas,841.97802734375
1653728120,B,Accelerometer,0.0
1653728120,B,Light,26.0
1653728120,B,MIC,3.0
1653728120,B,RSSI,65.0
1653728122,H,Temperature,21.73600006103516
1653728122,H,Humidity,36.01300048828125
1653728122,H,Pressure,102229.0
1653728122,H,Gas,1025.0860595703123
1653728122,H,Accelerometer,0.0
1653728122,H,Light,68.0
1653728122,H,IR,0.0
1653728122,H,MIC,3.0
1653728123,D,Temperature,21.09499931335449
1653728123,D,Humidity,36.99100112915039
1653728123,D,Pressure,102240.0
1653728123,D,Gas,574.1439819335938
1653728123,D,Accelerometer,0.0
1653728123,D,Light,488.0
1653728123,D,MIC,3.0
1653728123,D,RSSI,61.0
1653728124,F,Temperature,22.01499938964844
1653728124,F,Humidity,35.74800109863281
1653728124,F,Pressure,102248.0
1653728124,F,Gas,574.3779907226562
1653728124,F,Accelerometer,0.0
1653728124,F,Light,646.0
1653728124,F,MIC,3.0
1653728124,F,RSSI,81.0
1653728124,E,Temperature,20.565000534057614
1653728124,E,Humidity,38.04800033569336
1653728124,E,Pressure,102213.0
1653728124,E,Gas,599.1019897460938
1653728124,E,Accelerometer,0.0
1653728124,E,Light,1066.0
1653728124,E,MIC,3.0
1653728124,E,RSSI,68.0
1653728124,H,Temperature,21.746000289916992
1653728124,H,Humidity,36.0
1653728124,H,Pressure,102231.0
1653728124,H,Gas,1020.375
1653728124,H,Accelerometer,0.0
1653728124,H,Light,70.0
1653728124,H,IR,0.0
1653728124,H,MIC,3.0
1653728125,G,Temperature,22.125
1653728125,G,Humidity,36.92599868774414
1653728125,G,Pressure,102235.0
1653728125,G,Gas,541.47998046875
1653728125,G,Accelerometer,0.0
1653728125,G,Light,1821.0
1653728125,G,MIC,3.0
1653728125,G,RSSI,73.0
1653728125,A,Temperature,22.19499969482422
1653728125,A,Humidity,36.20399856567383
1653728125,A,Pressure,102202.0
1653728125,A,Gas,579.7830200195312
1653728125,A,Accelerometer,0.0
1653728125,A,Light,112.0
1653728125,A,MIC,3.0
1653728125,A,RSSI,83.0
1653728129,H,Temperature,21.746000289916992
1653728129,H,Humidity,35.999000549316406
1653728129,H,Pressure,102233.0
1653728129,H,Gas,1020.0040283203124
1653728129,H,Accelerometer,0.0
1653728129,H,Light,70.0
1653728129,H,IR,0.0
1653728129,H,MIC,3.0
1653728130,C,Temperature,22.69499969482422
1653728130,C,Humidity,35.102001190185554
1653728130,C,Pressure,102231.0
1653728130,C,Gas,532.0170288085939
1653728130,C,Accelerometer,0.0
1653728130,C,Light,5107.0
1653728130,C,MIC,1.0
1653728130,C,RSSI,79.0
1653728130,B,Temperature,21.51499938964844
1653728130,B,Humidity,38.93999862670898
1653728130,B,Pressure,102172.0
1653728130,B,Gas,833.5369873046875
1653728130,B,Accelerometer,0.0
1653728130,B,Light,28.0
1653728130,B,MIC,3.0
1653728130,B,RSSI,68.0
1653728132,H,Temperature,21.746000289916992
1653728132,H,Humidity,36.00899887084961
1653728132,H,Pressure,102233.0
1653728132,H,Gas,1011.10400390625
1653728132,H,Accelerometer,0.0
1653728132,H,Light,72.0
1653728132,H,IR,0.0
1653728132,H,MIC,3.0
1653728133,D,Temperature,21.09499931335449
1653728133,D,Humidity,36.9900016784668
1653728133,D,Pressure,102240.0
1653728133,D,Gas,573.9400024414062
1653728133,D,Accelerometer,0.0
1653728133,D,Light,496.0
1653728133,D,MIC,3.0
1653728133,D,RSSI,61.0
1653728134,E,Temperature,20.575000762939453
1653728134,E,Humidity,38.04399871826172
1653728134,E,Pressure,102217.0
1653728134,E,Gas,603.6810302734375
1653728134,E,Accelerometer,0.0
1653728134,E,Light,1079.0
1653728134,E,MIC,3.0
1653728134,E,RSSI,68.0
1653728134,H,Temperature,21.756000518798828
1653728134,H,Humidity,35.992000579833984
1653728134,H,Pressure,102231.0
1653728134,H,Gas,1013.4730224609376
1653728134,H,Accelerometer,0.0
1653728134,H,Light,73.0
1653728134,H,IR,0.0
1653728134,H,MIC,3.0
1653728134,F,Temperature,22.024999618530273
1653728134,F,Humidity,35.722999572753906
1653728134,F,Pressure,102250.0
1653728134,F,Gas,571.7369995117188
1653728134,F,Accelerometer,0.0
1653728134,F,Light,647.0
1653728134,F,MIC,3.0
1653728134,F,RSSI,81.0
1653728135,G,Temperature,22.114999771118164
1653728135,G,Humidity,36.948001861572266
1653728135,G,Pressure,102235.0
1653728135,G,Gas,541.739013671875
1653728135,G,Accelerometer,0.0
1653728135,G,Light,1827.0
1653728135,G,MIC,3.0
1653728135,G,RSSI,73.0
1653728135,A,Temperature,22.19499969482422
1653728135,A,Humidity,36.21799850463867
1653728135,A,Pressure,102202.0
1653728135,A,Gas,583.7689819335938
1653728135,A,Accelerometer,0.0
1653728135,A,Light,114.0
1653728135,A,MIC,3.0
1653728135,A,RSSI,83.0
1653728137,H,Temperature,21.756000518798828
1653728137,H,Humidity,35.98300170898437
1653728137,H,Pressure,102231.0
1653728137,H,Gas,1007.9539794921876
1653728137,H,Accelerometer,0.0
1653728137,H,Light,71.0
1653728137,H,IR,0.0
1653728137,H,MIC,3.0
1653728141,H,Temperature,21.746000289916992
1653728141,H,Humidity,36.00899887084961
1653728141,H,Pressure,102231.0
1653728141,H,Gas,1007.073974609375
1653728141,H,Accelerometer,0.0
1653728141,H,Light,72.0
1653728141,H,IR,0.0
1653728141,H,MIC,3.0
1653728141,C,Temperature,22.69499969482422
1653728141,C,Humidity,35.101001739501946
1653728141,C,Pressure,102233.0
1653728141,C,Gas,531.14697265625
1653728141,C,Accelerometer,0.0
1653728141,C,Light,5081.0
1653728141,C,MIC,1.0
1653728141,C,RSSI,79.0
1653728141,B,Temperature,21.5049991607666
1653728141,B,Humidity,38.96500015258789
1653728141,B,Pressure,102172.0
1653728141,B,Gas,823.1580200195312
1653728141,B,Accelerometer,0.0
1653728141,B,Light,29.0
1653728141,B,MIC,3.0
1653728141,B,RSSI,68.0
1653728143,D,Temperature,21.09499931335449
1653728143,D,Humidity,36.983001708984375
1653728143,D,Pressure,102240.0
1653728143,D,Gas,574.0910034179688
1653728143,D,Accelerometer,0.0
1653728143,D,Light,501.0
1653728143,D,MIC,3.0
1653728143,D,RSSI,61.0
1653728144,E,Temperature,20.575000762939453
1653728144,E,Humidity,38.0629997253418
1653728144,E,Pressure,102215.0
1653728144,E,Gas,603.4619750976562
1653728144,E,Accelerometer,0.0
1653728144,E,Light,1089.0
1653728144,E,MIC,3.0
1653728144,E,RSSI,68.0
1653728145,F,Temperature,22.024999618530273
1653728145,F,Humidity,35.71799850463867
1653728145,F,Pressure,102250.0
1653728145,F,Gas,573.280029296875
1653728145,F,Accelerometer,0.0
1653728145,F,Light,649.0
1653728145,F,MIC,3.0
1653728145,F,RSSI,78.0
1653728146,H,Temperature,21.756000518798828
1653728146,H,Humidity,35.97900009155273
1653728146,H,Pressure,102229.0
1653728146,H,Gas,999.2349853515624
1653728146,H,Accelerometer,0.0
1653728146,H,Light,72.0
1653728146,H,IR,0.0
1653728146,H,MIC,3.0
1653728146,A,Temperature,22.20499992370605
1653728146,A,Humidity,36.165000915527344
1653728146,A,Pressure,102200.0
1653728146,A,Gas,580.864013671875
1653728146,A,Accelerometer,0.0
1653728146,A,Light,117.0
1653728146,A,MIC,3.0
1653728146,A,RSSI,83.0
1653728146,G,Temperature,22.125
1653728146,G,Humidity,36.90499877929688
1653728146,G,Pressure,102235.0
1653728146,G,Gas,544.6220092773439
1653728146,G,Accelerometer,0.0
1653728146,G,Light,1861.0
1653728146,G,MIC,3.0
1653728146,G,RSSI,73.0
1653728146,H,Temperature,21.746000289916992
1653728146,H,Humidity,35.986000061035156
1653728146,H,Pressure,102229.0
1653728146,H,Gas,1002.6069946289062
1653728146,H,Accelerometer,0.0
1653728146,H,Light,73.0
1653728146,H,IR,0.0
1653728146,H,MIC,3.0
1653728149,H,Temperature,21.756000518798828
1653728149,H,Humidity,35.96699905395508
1653728149,H,Pressure,102231.0
1653728149,H,Gas,1000.552978515625
1653728149,H,Accelerometer,0.0
1653728149,H,Light,75.0
1653728149,H,IR,0.0
1653728149,H,MIC,3.0
1653728150,C,Temperature,22.665000915527344
1653728150,C,Humidity,35.11999893188477
1653728150,C,Pressure,102229.0
1653728150,C,Gas,524.1719970703125
1653728150,C,Accelerometer,0.0
1653728150,C,Light,5082.0
1653728150,C,MIC,1.0
1653728150,C,RSSI,79.0
1653728150,B,Temperature,21.51499938964844
1653728150,B,Humidity,38.9630012512207
1653728150,B,Pressure,102172.0
1653728150,B,Gas,827.3980102539062
1653728150,B,Accelerometer,0.0
1653728150,B,Light,31.0
1653728150,B,MIC,3.0
1653728150,B,RSSI,68.0
1653728152,H,Temperature,21.746000289916992
1653728152,H,Humidity,35.98699951171875
1653728152,H,Pressure,102229.0
1653728152,H,Gas,999.2459716796876
1653728152,H,Accelerometer,0.0
1653728152,H,Light,104.0
1653728152,H,IR,0.0
1653728152,H,MIC,3.0
1653728153,D,Temperature,21.104999542236328
1653728153,D,Humidity,36.95700073242188
1653728153,D,Pressure,102236.0
1653728153,D,Gas,568.35400390625
1653728153,D,Accelerometer,0.0
1653728153,D,Light,542.0
1653728153,D,MIC,3.0
1653728153,D,RSSI,61.0
1653728154,F,Temperature,22.024999618530273
1653728154,F,Humidity,35.72700119018555
1653728154,F,Pressure,102250.0
1653728154,F,Gas,571.4580078125
1653728154,F,Accelerometer,0.0
1653728154,F,Light,664.0
1653728154,F,MIC,3.0
1653728154,F,RSSI,78.0
1653728154,E,Temperature,20.575000762939453
1653728154,E,Humidity,38.06800079345703
1653728154,E,Pressure,102211.0
1653728154,E,Gas,606.7899780273438
1653728154,E,Accelerometer,0.0
1653728154,E,Light,1168.0
1653728154,E,MIC,3.0
1653728154,E,RSSI,68.0
1653728155,G,Temperature,22.13500022888184
1653728155,G,Humidity,36.89099884033203
1653728155,G,Pressure,102233.0
1653728155,G,Gas,539.5490112304689
1653728155,G,Accelerometer,0.0
1653728155,G,Light,2050.0
1653728155,G,MIC,3.0
1653728155,G,RSSI,73.0
1653728155,H,Temperature,21.756000518798828
1653728155,H,Humidity,35.96799850463867
1653728155,H,Pressure,102229.0
1653728155,H,Gas,989.6199951171876
1653728155,H,Accelerometer,0.0
1653728155,H,Light,136.0
1653728155,H,IR,0.0
1653728155,H,MIC,3.0
1653728156,A,Temperature,22.20499992370605
1653728156,A,Humidity,36.13999938964844
1653728156,A,Pressure,102200.0
1653728156,A,Gas,575.8150024414062
1653728156,A,Accelerometer,0.0
1653728156,A,Light,141.0
1653728156,A,MIC,3.0
1653728156,A,RSSI,76.0
1653728158,H,Temperature,21.746000289916992
1653728158,H,Humidity,35.97600173950195
1653728158,H,Pressure,102229.0
1653728158,H,Gas,994.6630249023438
1653728158,H,Accelerometer,0.0
1653728158,H,Light,147.0
1653728158,H,IR,0.0
1653728158,H,MIC,3.0
1653728160,C,Temperature,22.645000457763672
1653728160,C,Humidity,35.117000579833984
1653728160,C,Pressure,102227.0
1653728160,C,Gas,514.2429809570311
1653728160,C,Accelerometer,0.0
1653728160,C,Light,5214.0
1653728160,C,MIC,1.0
1653728160,C,RSSI,79.0
1653728160,B,Temperature,21.5049991607666
1653728160,B,Humidity,38.98199844360352
1653728160,B,Pressure,102172.0
1653728160,B,Gas,812.64599609375
1653728160,B,Accelerometer,0.0
1653728160,B,Light,76.0
1653728160,B,MIC,3.0
1653728160,B,RSSI,68.0
1653728162,H,Temperature,21.746000289916992
1653728162,H,Humidity,35.97999954223633
1653728162,H,Pressure,102229.0
1653728162,H,Gas,992.3989868164062
1653728162,H,Accelerometer,0.0
1653728162,H,Light,152.0
1653728162,H,IR,0.0
1653728162,H,MIC,3.0
1653728163,D,Temperature,21.09499931335449
1653728163,D,Humidity,36.979000091552734
1653728163,D,Pressure,102238.0
1653728163,D,Gas,574.0859985351562
1653728163,D,Accelerometer,0.0
1653728163,D,Light,604.0
1653728163,D,MIC,3.0
1653728163,D,RSSI,67.0
1653728164,E,Temperature,20.575000762939453
1653728164,E,Humidity,38.06800079345703
1653728164,E,Pressure,102209.0
1653728164,E,Gas,611.6699829101562
1653728164,E,Accelerometer,0.0
1653728164,E,Light,1258.0
1653728164,E,MIC,3.0
1653728164,E,RSSI,83.0
1653728164,F,Temperature,22.024999618530273
1653728164,F,Humidity,35.71500015258789
1653728164,F,Pressure,102248.0
1653728164,F,Gas,568.6439819335938
1653728164,F,Accelerometer,0.0
1653728164,F,Light,747.0
1653728164,F,MIC,3.0
1653728164,F,RSSI,78.0
1653728164,H,Temperature,21.746000289916992
1653728164,H,Humidity,35.96799850463867
1653728164,H,Pressure,102233.0
1653728164,H,Gas,988.0479736328124
1653728164,H,Accelerometer,0.0
1653728164,H,Light,150.0
1653728164,H,IR,0.0
1653728164,H,MIC,3.0
1653728165,G,Temperature,22.13500022888184
1653728165,G,Humidity,36.90299987792969
1653728165,G,Pressure,102231.0
1653728165,G,Gas,540.7379760742189
1653728165,G,Accelerometer,0.0
1653728165,G,Light,2052.0
1653728165,G,MIC,3.0
1653728165,G,RSSI,73.0
1653728165,A,Temperature,22.20499992370605
1653728165,A,Humidity,36.13600158691406
1653728165,A,Pressure,102200.0
1653728165,A,Gas,575.9970092773438
1653728165,A,Accelerometer,0.0
1653728165,A,Light,150.0
1653728165,A,MIC,3.0
1653728165,A,RSSI,76.0
1653728167,H,Temperature,21.73600006103516
1653728167,H,Humidity,35.97700119018555
1653728167,H,Pressure,102227.0
1653728167,H,Gas,980.885009765625
1653728167,H,Accelerometer,0.0
1653728167,H,Light,129.0
1653728167,H,IR,0.0
1653728167,H,MIC,3.0
1653728170,C,Temperature,22.63500022888184
1653728170,C,Humidity,35.143001556396484
1653728170,C,Pressure,102227.0
1653728170,C,Gas,507.3840026855469
1653728170,C,Accelerometer,0.0
1653728170,C,Light,5130.0
1653728170,C,MIC,1.0
1653728170,C,RSSI,79.0
1653728170,H,Temperature,21.746000289916992
1653728170,H,Humidity,35.96699905395508
1653728170,H,Pressure,102231.0
1653728170,H,Gas,978.7650146484376
1653728170,H,Accelerometer,0.0
1653728170,H,Light,152.0
1653728170,H,IR,0.0
1653728170,H,MIC,3.0
1653728171,B,Temperature,21.51499938964844
1653728171,B,Humidity,38.93600082397461
1653728171,B,Pressure,102170.0
1653728171,B,Gas,814.6110229492188
1653728171,B,Accelerometer,0.0
1653728171,B,Light,77.0
1653728171,B,MIC,3.0
1653728171,B,RSSI,68.0
1653728173,D,Temperature,21.09499931335449
1653728173,D,Humidity,36.98799896240234
1653728173,D,Pressure,102238.0
1653728173,D,Gas,574.0679931640625
1653728173,D,Accelerometer,0.0
1653728173,D,Light,580.0
1653728173,D,MIC,3.0
1653728173,D,RSSI,67.0
1653728173,H,Temperature,21.746000289916992
1653728173,H,Humidity,35.972999572753906
1653728173,H,Pressure,102229.0
1653728173,H,Gas,977.3040161132812
1653728173,H,Accelerometer,0.0
1653728173,H,Light,144.0
1653728173,H,IR,0.0
1653728173,H,MIC,3.0
1653728174,F,Temperature,22.01499938964844
1653728174,F,Humidity,35.75299835205078
1653728174,F,Pressure,102248.0
1653728174,F,Gas,568.614990234375
1653728174,F,Accelerometer,0.0
1653728174,F,Light,733.0
1653728174,F,MIC,3.0
1653728174,F,RSSI,78.0
1653728174,E,Temperature,20.584999084472656
1653728174,E,Humidity,38.02799987792969
1653728174,E,Pressure,102215.0
1653728174,E,Gas,604.6259765625
1653728174,E,Accelerometer,0.0
1653728174,E,Light,1205.0
1653728174,E,MIC,3.0
1653728174,E,RSSI,83.0
1653728175,G,Temperature,22.13500022888184
1653728175,G,Humidity,36.87900161743164
1653728175,G,Pressure,102231.0
1653728175,G,Gas,541.60400390625
1653728175,G,Accelerometer,0.0
1653728175,G,Light,2012.0
1653728175,G,MIC,3.0
1653728175,G,RSSI,73.0
1653728176,A,Temperature,22.20499992370605
1653728176,A,Humidity,36.14300155639648
1653728176,A,Pressure,102198.0
1653728176,A,Gas,578.0540161132812
1653728176,A,Accelerometer,0.0
1653728176,A,Light,146.0
1653728176,A,MIC,3.0
1653728176,A,RSSI,76.0
1653728176,H,Temperature,21.746000289916992
1653728176,H,Humidity,35.96200180053711
1653728176,H,Pressure,102231.0
1653728176,H,Gas,979.2579956054688
1653728176,H,Accelerometer,0.0
1653728176,H,Light,145.0
1653728176,H,IR,0.0
1653728176,H,MIC,3.0
1653728179,H,Temperature,21.73600006103516
1653728179,H,Humidity,36.000999450683594
1653728179,H,Pressure,102227.0
1653728179,H,Gas,984.947998046875
1653728179,H,Accelerometer,0.0
1653728179,H,Light,148.0
1653728179,H,IR,0.0
1653728179,H,MIC,3.0
1653728180,C,Temperature,22.65500068664551
1653728180,C,Humidity,35.13399887084961
1653728180,C,Pressure,102225.0
1653728180,C,Gas,509.114990234375
1653728180,C,Accelerometer,0.0
1653728180,C,Light,4973.0
1653728180,C,MIC,1.0
1653728180,C,RSSI,79.0
1653728180,B,Temperature,21.51499938964844
1653728180,B,Humidity,38.92399978637695
1653728180,B,Pressure,102170.0
1653728180,B,Gas,807.8079833984375
1653728180,B,Accelerometer,0.0
1653728180,B,Light,75.0
1653728180,B,MIC,3.0
1653728180,B,RSSI,68.0
1653728182,H,Temperature,21.73600006103516
1653728182,H,Humidity,35.97999954223633
1653728182,H,Pressure,102229.0
1653728182,H,Gas,973.0859985351562
1653728182,H,Accelerometer,0.0
1653728182,H,Light,124.0
1653728182,H,IR,0.0
1653728182,H,MIC,3.0
1653728183,D,Temperature,21.09499931335449
1653728183,D,Humidity,36.98099899291992
1653728183,D,Pressure,102238.0
1653728183,D,Gas,571.9940185546875
1653728183,D,Accelerometer,0.0
1653728183,D,Light,567.0
1653728183,D,MIC,3.0
1653728183,D,RSSI,67.0
1653728184,E,Temperature,20.584999084472656
1653728184,E,Humidity,38.0359992980957
1653728184,E,Pressure,102215.0
1653728184,E,Gas,603.6740112304688
1653728184,E,Accelerometer,0.0
1653728184,E,Light,1181.0
1653728184,E,MIC,3.0
1653728184,E,RSSI,83.0
1653728184,F,Temperature,22.01499938964844
1653728184,F,Humidity,35.755001068115234
1653728184,F,Pressure,102248.0
1653728184,F,Gas,564.8489990234375
1653728184,F,Accelerometer,0.0
1653728184,F,Light,742.0
1653728184,F,MIC,3.0
1653728184,F,RSSI,78.0
1653728188,G,Temperature,22.125
1653728188,G,Humidity,36.89599990844727
1653728188,G,Pressure,102231.0
1653728188,G,Gas,537.6719970703125
1653728188,G,Accelerometer,0.0
1653728188,G,Light,1907.0
1653728188,G,MIC,3.0
1653728188,G,RSSI,73.0
1653728189,A,Temperature,22.21500015258789
1653728189,A,Humidity,36.12699890136719
1653728189,A,Pressure,102204.0
1653728189,A,Gas,579.47802734375
1653728189,A,Accelerometer,0.0
1653728189,A,Light,133.0
1653728189,A,MIC,3.0
1653728189,A,RSSI,76.0
1653728189,H,Temperature,21.73600006103516
1653728189,H,Humidity,35.98400115966797
1653728189,H,Pressure,102229.0
1653728189,H,Gas,966.3989868164062
1653728189,H,Accelerometer,0.0
1653728189,H,Light,103.0
1653728189,H,IR,0.0
1653728189,H,MIC,3.0
1653728192,H,Temperature,21.73600006103516
1653728192,H,Humidity,35.98199844360352
1653728192,H,Pressure,102227.0
1653728192,H,Gas,960.3759765625
1653728192,H,Accelerometer,0.0
1653728192,H,Light,107.0
1653728192,H,IR,0.0
1653728192,H,MIC,3.0
1653728193,C,Temperature,22.65500068664551
1653728193,C,Humidity,35.143001556396484
1653728193,C,Pressure,102225.0
1653728193,C,Gas,511.2720031738281
1653728193,C,Accelerometer,0.0
1653728193,C,Light,4707.0
1653728193,C,MIC,1.0
1653728193,C,RSSI,66.0
1653728193,B,Temperature,21.5049991607666
1653728193,B,Humidity,38.93999862670898
1653728193,B,Pressure,102170.0
1653728193,B,Gas,803.9000244140625
1653728193,B,Accelerometer,0.0
1653728193,B,Light,51.0
1653728193,B,MIC,3.0
1653728193,B,RSSI,68.0
1653728193,D,Temperature,21.104999542236328
1653728193,D,Humidity,36.96799850463867
1653728193,D,Pressure,102236.0
1653728193,D,Gas,566.7990112304688
1653728193,D,Accelerometer,0.0
1653728193,D,Light,544.0
1653728193,D,MIC,3.0
1653728193,D,RSSI,67.0
1653728194,E,Temperature,20.575000762939453
1653728194,E,Humidity,38.05400085449219
1653728194,E,Pressure,102211.0
1653728194,E,Gas,598.1920166015625
1653728194,E,Accelerometer,0.0
1653728194,E,Light,1140.0
1653728194,E,MIC,3.0
1653728194,E,RSSI,83.0
1653728194,H,Temperature,21.746000289916992
1653728194,H,Humidity,35.99499893188477
1653728194,H,Pressure,102231.0
1653728194,H,Gas,961.8049926757812
1653728194,H,Accelerometer,0.0
1653728194,H,Light,139.0
1653728194,H,IR,0.0
1653728194,H,MIC,3.0
1653728194,F,Temperature,22.024999618530273
1653728194,F,Humidity,35.73099899291992
1653728194,F,Pressure,102244.0
1653728194,F,Gas,562.6740112304689
1653728194,F,Accelerometer,0.0
1653728194,F,Light,720.0
1653728194,F,MIC,3.0
1653728194,F,RSSI,83.0
1653728195,H,Temperature,21.756000518798828
1653728195,H,Humidity,35.95899963378906
1653728195,H,Pressure,102229.0
1653728195,H,Gas,952.60498046875
1653728195,H,Accelerometer,0.0
1653728195,H,Light,128.0
1653728195,H,IR,0.0
1653728195,H,MIC,3.0
1653728195,A,Temperature,22.21500015258789
1653728195,A,Humidity,36.12300109863281
1653728195,A,Pressure,102202.0
1653728195,A,Gas,574.0089721679688
1653728195,A,Accelerometer,0.0
1653728195,A,Light,137.0
1653728195,A,MIC,3.0
1653728195,A,RSSI,76.0
1653728197,G,Temperature,22.13500022888184
1653728197,G,Humidity,36.8849983215332
1653728197,G,Pressure,102231.0
1653728197,G,Gas,540.5369873046875
1653728197,G,Accelerometer,0.0
1653728197,G,Light,1969.0
1653728197,G,MIC,3.0
1653728197,G,RSSI,73.0
1653728199,H,Temperature,21.756000518798828
1653728199,H,Humidity,35.95800018310547
1653728199,H,Pressure,102229.0
1653728199,H,Gas,960.7639770507812
1653728199,H,Accelerometer,0.0
1653728199,H,Light,127.0
1653728199,H,IR,0.0
1653728199,H,MIC,3.0
1653728200,C,Temperature,22.67499923706055
1653728200,C,Humidity,35.09999847412109
1653728200,C,Pressure,102227.0
1653728200,C,Gas,507.86700439453125
1653728200,C,Accelerometer,0.0
1653728200,C,Light,4678.0
1653728200,C,MIC,1.0
1653728200,C,RSSI,66.0
1653728201,B,Temperature,21.51499938964844
1653728201,B,Humidity,38.93999862670898
1653728201,B,Pressure,102170.0
1653728201,B,Gas,791.06298828125
1653728201,B,Accelerometer,0.0
1653728201,B,Light,70.0
1653728201,B,MIC,3.0
1653728201,B,RSSI,68.0
1653728202,H,Temperature,21.746000289916992
1653728202,H,Humidity,35.9739990234375
1653728202,H,Pressure,102229.0
1653728202,H,Gas,960.697998046875
1653728202,H,Accelerometer,0.0
1653728202,H,Light,139.0
1653728202,H,IR,0.0
1653728202,H,MIC,3.0
1653728203,D,Temperature,21.09499931335449
1653728203,D,Humidity,36.96900177001953
1653728203,D,Pressure,102238.0
1653728203,D,Gas,564.7020263671875
1653728203,D,Accelerometer,0.0
1653728203,D,Light,555.0
1653728203,D,MIC,3.0
1653728203,D,RSSI,67.0
1653728204,H,Temperature,21.73600006103516
1653728204,H,Humidity,35.99700164794922
1653728204,H,Pressure,102229.0
1653728204,H,Gas,962.1920166015624
1653728204,H,Accelerometer,0.0
1653728204,H,Light,127.0
1653728204,H,IR,0.0
1653728204,H,MIC,3.0
1653728204,F,Temperature,22.024999618530273
1653728204,F,Humidity,35.722999572753906
1653728204,F,Pressure,102248.0
1653728204,F,Gas,559.9730224609375
1653728204,F,Accelerometer,0.0
1653728204,F,Light,731.0
1653728204,F,MIC,3.0
1653728204,F,RSSI,83.0
1653728204,E,Temperature,20.575000762939453
1653728204,E,Humidity,38.04600143432617
1653728204,E,Pressure,102213.0
1653728204,E,Gas,596.0599975585938
1653728204,E,Accelerometer,0.0
1653728204,E,Light,1141.0
1653728204,E,MIC,3.0
1653728204,E,RSSI,83.0
1653728205,G,Temperature,22.145000457763672
1653728205,G,Humidity,36.86000061035156
1653728205,G,Pressure,102233.0
1653728205,G,Gas,534.656005859375
1653728205,G,Accelerometer,0.0
1653728205,G,Light,1969.0
1653728205,G,MIC,3.0
1653728205,G,RSSI,73.0
1653728205,A,Temperature,22.21500015258789
1653728205,A,Humidity,36.10900115966797
1653728205,A,Pressure,102204.0
1653728205,A,Gas,571.9869995117188
1653728205,A,Accelerometer,0.0
1653728205,A,Light,136.0
1653728205,A,MIC,3.0
1653728205,A,RSSI,75.0
1653728206,H,Temperature,21.73600006103516
1653728206,H,Humidity,36.00400161743164
1653728206,H,Pressure,102231.0
1653728206,H,Gas,957.3980102539062
1653728206,H,Accelerometer,0.0
1653728206,H,Light,118.0
1653728206,H,IR,0.0
1653728206,H,MIC,3.0
1653728209,H,Temperature,21.73600006103516
1653728209,H,Humidity,35.99499893188477
1653728209,H,Pressure,102229.0
1653728209,H,Gas,948.3259887695312
1653728209,H,Accelerometer,0.0
1653728209,H,Light,106.0
1653728209,H,IR,0.0
1653728209,H,MIC,3.0
1653728210,C,Temperature,22.665000915527344
1653728210,C,Humidity,35.141998291015625
1653728210,C,Pressure,102227.0
1653728210,C,Gas,509.9389953613281
1653728210,C,Accelerometer,0.0
1653728210,C,Light,4591.0
1653728210,C,MIC,1.0
1653728210,C,RSSI,66.0
1653728210,B,Temperature,21.5049991607666
1653728210,B,Humidity,38.96699905395508
1653728210,B,Pressure,102170.0
1653728210,B,Gas,794.916015625
1653728210,B,Accelerometer,0.0
1653728210,B,Light,52.0
1653728210,B,MIC,3.0
1653728210,B,RSSI,68.0
1653728213,D,Temperature,21.104999542236328
1653728213,D,Humidity,36.94400024414063
1653728213,D,Pressure,102238.0
1653728213,D,Gas,561.114990234375
1653728213,D,Accelerometer,0.0
1653728213,D,Light,572.0
1653728213,D,MIC,3.0
1653728213,D,RSSI,61.0
1653728213,H,Temperature,21.73600006103516
1653728213,H,Humidity,36.0099983215332
1653728213,H,Pressure,102231.0
1653728213,H,Gas,942.0150146484376
1653728213,H,Accelerometer,0.0
1653728213,H,Light,85.0
1653728213,H,IR,0.0
1653728213,H,MIC,3.0
1653728214,E,Temperature,20.59499931335449
1653728214,E,Humidity,37.99700164794922
1653728214,E,Pressure,102213.0
1653728214,E,Gas,589.7670288085938
1653728214,E,Accelerometer,0.0
1653728214,E,Light,1173.0
1653728214,E,MIC,3.0
1653728214,E,RSSI,77.0
1653728214,F,Temperature,22.01499938964844
1653728214,F,Humidity,35.73899841308594
1653728214,F,Pressure,102250.0
1653728214,F,Gas,563.0679931640625
1653728214,F,Accelerometer,0.0
1653728214,F,Light,723.0
1653728214,F,MIC,3.0
1653728214,F,RSSI,83.0
1653728215,G,Temperature,22.13500022888184
1653728215,G,Humidity,36.89599990844727
1653728215,G,Pressure,102231.0
1653728215,G,Gas,537.7540283203125
1653728215,G,Accelerometer,0.0
1653728215,G,Light,1938.0
1653728215,G,MIC,3.0
1653728215,G,RSSI,73.0
1653728216,A,Temperature,22.20499992370605
1653728216,A,Humidity,36.117000579833984
1653728216,A,Pressure,102198.0
1653728216,A,Gas,568.8519897460938
1653728216,A,Accelerometer,0.0
1653728216,A,Light,132.0
1653728216,A,MIC,3.0
1653728216,A,RSSI,75.0
1653728216,H,Temperature,21.72599983215332
1653728216,H,Humidity,36.027000427246094
1653728216,H,Pressure,102233.0
1653728216,H,Gas,940.6699829101562
1653728216,H,Accelerometer,0.0
1653728216,H,Light,76.0
1653728216,H,IR,0.0
1653728216,H,MIC,3.0
1653728219,H,Temperature,21.715999603271484
1653728219,H,Humidity,36.040000915527344
1653728219,H,Pressure,102233.0
1653728219,H,Gas,945.6740112304688
1653728219,H,Accelerometer,0.0
1653728219,H,Light,77.0
1653728219,H,IR,0.0
1653728219,H,MIC,3.0
1653728220,C,Temperature,22.65500068664551
1653728220,C,Humidity,35.12900161743164
1653728220,C,Pressure,102227.0
1653728220,C,Gas,507.3059997558594
1653728220,C,Accelerometer,0.0
1653728220,C,Light,4303.0
1653728220,C,MIC,1.0
1653728220,C,RSSI,66.0
1653728220,B,Temperature,21.51499938964844
1653728220,B,Humidity,38.94200134277344
1653728220,B,Pressure,102174.0
1653728220,B,Gas,789.6849975585938
1653728220,B,Accelerometer,0.0
1653728220,B,Light,33.0
1653728220,B,MIC,3.0
1653728220,B,RSSI,68.0
1653728222,H,Temperature,21.72599983215332
1653728222,H,Humidity,36.027000427246094
1653728222,H,Pressure,102233.0
1653728222,H,Gas,940.2830200195312
1653728222,H,Accelerometer,0.0
1653728222,H,Light,70.0
1653728222,H,IR,0.0
1653728222,H,MIC,3.0
1653728223,D,Temperature,21.114999771118164
1653728223,D,Humidity,36.92699813842773
1653728223,D,Pressure,102242.0
1653728223,D,Gas,554.7960205078125
1653728223,D,Accelerometer,0.0
1653728223,D,Light,536.0
1653728223,D,MIC,3.0
1653728223,D,RSSI,61.0
1653728224,E,Temperature,20.584999084472656
1653728224,E,Humidity,38.0260009765625
1653728224,E,Pressure,102215.0
1653728224,E,Gas,586.280029296875
1653728224,E,Accelerometer,0.0
1653728224,E,Light,1108.0
1653728224,E,MIC,3.0
1653728224,E,RSSI,77.0
1653728224,F,Temperature,22.024999618530273
1653728224,F,Humidity,35.71699905395508
1653728224,F,Pressure,102250.0
1653728224,F,Gas,563.5819702148438
1653728224,F,Accelerometer,0.0
1653728224,F,Light,685.0
1653728224,F,MIC,3.0
1653728224,F,RSSI,83.0
1653728225,H,Temperature,21.73600006103516
1653728225,H,Humidity,36.007999420166016
1653728225,H,Pressure,102231.0
1653728225,H,Gas,948.0770263671876
1653728225,H,Accelerometer,0.0
1653728225,H,Light,69.0
1653728225,H,IR,0.0
1653728225,H,MIC,3.0
1653728225,G,Temperature,22.13500022888184
1653728225,G,Humidity,36.9010009765625
1653728225,G,Pressure,102235.0
1653728225,G,Gas,541.0260009765625
1653728225,G,Accelerometer,0.0
1653728225,G,Light,1836.0
1653728225,G,MIC,3.0
1653728225,G,RSSI,73.0
1653728226,A,Temperature,22.21500015258789
1653728226,A,Humidity,36.08399963378906
1653728226,A,Pressure,102206.0
1653728226,A,Gas,570.2689819335938
1653728226,A,Accelerometer,0.0
1653728226,A,Light,116.0
1653728226,A,MIC,3.0
1653728226,A,RSSI,75.0
1653728228,H,Temperature,21.73600006103516
1653728228,H,Humidity,36.01599884033203
1653728228,H,Pressure,102231.0
1653728228,H,Gas,947.594970703125
1653728228,H,Accelerometer,0.0
1653728228,H,Light,69.0
1653728228,H,IR,0.0
1653728228,H,MIC,3.0
1653728230,C,Temperature,22.65500068664551
1653728230,C,Humidity,35.12400054931641
1653728230,C,Pressure,102229.0
1653728230,C,Gas,511.34698486328125
1653728230,C,Accelerometer,0.0
1653728230,C,Light,4049.0
1653728230,C,MIC,1.0
1653728230,C,RSSI,66.0
1653728231,B,Temperature,21.51499938964844
1653728231,B,Humidity,38.93600082397461
1653728231,B,Pressure,102172.0
1653728231,B,Gas,792.2150268554688
1653728231,B,Accelerometer,0.0
1653728231,B,Light,27.0
1653728231,B,MIC,3.0
1653728231,B,RSSI,65.0
1653728232,H,Temperature,21.73600006103516
1653728232,H,Humidity,36.00699996948242
1653728232,H,Pressure,102229.0
1653728232,H,Gas,947.291015625
1653728232,H,Accelerometer,0.0
1653728232,H,Light,69.0
1653728232,H,IR,0.0
1653728232,H,MIC,3.0
1653728233,D,Temperature,21.104999542236328
1653728233,D,Humidity,36.94900131225586
1653728233,D,Pressure,102238.0
1653728233,D,Gas,563.2139892578125
1653728233,D,Accelerometer,0.0
1653728233,D,Light,500.0
1653728233,D,MIC,3.0
1653728233,D,RSSI,61.0
1653728234,H,Temperature,21.746000289916992
1653728234,H,Humidity,35.99599838256836
1653728234,H,Pressure,102231.0
1653728234,H,Gas,942.573974609375
1653728234,H,Accelerometer,0.0
1653728234,H,Light,68.0
1653728234,H,IR,0.0
1653728234,H,MIC,3.0
1653728234,E,Temperature,20.584999084472656
1653728234,E,Humidity,38.04600143432617
1653728234,E,Pressure,102215.0
1653728234,E,Gas,589.541015625
1653728234,E,Accelerometer,0.0
1653728234,E,Light,1054.0
1653728234,E,MIC,3.0
1653728234,E,RSSI,77.0
1653728235,F,Temperature,22.03499984741211
1653728235,F,Humidity,35.70399856567383
1653728235,F,Pressure,102250.0
1653728235,F,Gas,557.6300048828125
1653728235,F,Accelerometer,0.0
1653728235,F,Light,675.0
1653728235,F,MIC,3.0
1653728235,F,RSSI,83.0
1653728237,G,Temperature,22.13500022888184
1653728237,G,Humidity,36.89599990844727
1653728237,G,Pressure,102233.0
1653728237,G,Gas,542.85302734375
1653728237,G,Accelerometer,0.0
1653728237,G,Light,1812.0
1653728237,G,MIC,3.0
1653728237,G,RSSI,73.0
1653728237,A,Temperature,22.20499992370605
1653728237,A,Humidity,36.1150016784668
1653728237,A,Pressure,102200.0
1653728237,A,Gas,568.0679931640625
1653728237,A,Accelerometer,0.0
1653728237,A,Light,112.0
1653728237,A,MIC,3.0
1653728237,A,RSSI,75.0
1653728238,H,Temperature,21.73600006103516
1653728238,H,Humidity,36.012001037597656
1653728238,H,Pressure,102231.0
1653728238,H,Gas,939.39697265625
1653728238,H,Accelerometer,0.0
1653728238,H,Light,68.0
1653728238,H,IR,0.0
1653728238,H,MIC,3.0
1653728241,H,Temperature,21.73600006103516
1653728241,H,Humidity,36.02899932861328
1653728241,H,Pressure,102233.0
1653728241,H,Gas,935.655029296875
1653728241,H,Accelerometer,0.0
1653728241,H,Light,69.0
1653728241,H,IR,0.0
1653728241,H,MIC,3.0
1653728242,C,Temperature,22.645000457763672
1653728242,C,Humidity,35.150001525878906
1653728242,C,Pressure,102229.0
1653728242,C,Gas,510.7850036621094
1653728242,C,Accelerometer,0.0
1653728242,C,Light,3813.0
1653728242,C,MIC,1.0
1653728242,C,RSSI,66.0
1653728243,B,Temperature,21.51499938964844
1653728243,B,Humidity,38.95399856567383
1653728243,B,Pressure,102176.0
1653728243,B,Gas,787.1279907226562
1653728243,B,Accelerometer,0.0
1653728243,B,Light,27.0
1653728243,B,MIC,3.0
1653728243,B,RSSI,65.0
1653728243,D,Temperature,21.09499931335449
1653728243,D,Humidity,36.98899841308594
1653728243,D,Pressure,102238.0
1653728243,D,Gas,557.3200073242189
1653728243,D,Accelerometer,0.0
1653728243,D,Light,491.0
1653728243,D,MIC,3.0
1653728243,D,RSSI,61.0
1653728244,E,Temperature,20.584999084472656
1653728244,E,Humidity,38.040000915527344
1653728244,E,Pressure,102215.0
1653728244,E,Gas,588.5869750976562
1653728244,E,Accelerometer,0.0
1653728244,E,Light,1043.0
1653728244,E,MIC,3.0
1653728244,E,RSSI,77.0
1653728244,H,Temperature,21.746000289916992
1653728244,H,Humidity,36.00600051879883
1653728244,H,Pressure,102231.0
1653728244,H,Gas,930.0479736328124
1653728244,H,Accelerometer,0.0
1653728244,H,Light,69.0
1653728244,H,IR,0.0
1653728244,H,MIC,3.0
1653728244,F,Temperature,22.01499938964844
1653728244,F,Humidity,35.749000549316406
1653728244,F,Pressure,102248.0
1653728244,F,Gas,562.7030029296875
1653728244,F,Accelerometer,0.0
1653728244,F,Light,678.0
1653728244,F,MIC,3.0
1653728244,F,RSSI,78.0
1653728245,G,Temperature,22.145000457763672
1653728245,G,Humidity,36.85900115966797
1653728245,G,Pressure,102233.0
1653728245,G,Gas,542.56298828125
1653728245,G,Accelerometer,0.0
1653728245,G,Light,1816.0
1653728245,G,MIC,3.0
1653728245,G,RSSI,73.0
1653728246,A,Temperature,22.20499992370605
1653728246,A,Humidity,36.152000427246094
1653728246,A,Pressure,102198.0
1653728246,A,Gas,569.3720092773438
1653728246,A,Accelerometer,0.0
1653728246,A,Light,112.0
1653728246,A,MIC,3.0
1653728246,A,RSSI,75.0
1653728246,H,Temperature,21.746000289916992
1653728246,H,Humidity,36.00400161743164
1653728246,H,Pressure,102231.0
1653728246,H,Gas,931.9910278320312
1653728246,H,Accelerometer,0.0
1653728246,H,Light,70.0
1653728246,H,IR,0.0
1653728246,H,MIC,3.0
1653728249,H,Temperature,21.746000289916992
1653728249,H,Humidity,36.02999877929688
1653728249,H,Pressure,102229.0
1653728249,H,Gas,940.4320068359376
1653728249,H,Accelerometer,0.0
1653728249,H,Light,71.0
1653728249,H,IR,0.0
1653728249,H,MIC,3.0
1653728250,C,Temperature,22.645000457763672
1653728250,C,Humidity,35.16299819946289
1653728250,C,Pressure,102227.0
1653728250,C,Gas,503.6109924316406
1653728250,C,Accelerometer,0.0
1653728250,C,Light,3550.0
1653728250,C,MIC,1.0
1653728250,C,RSSI,66.0
1653728251,B,Temperature,21.51499938964844
1653728251,B,Humidity,38.92900085449219
1653728251,B,Pressure,102170.0
1653728251,B,Gas,770.614990234375
1653728251,B,Accelerometer,0.0
1653728251,B,Light,28.0
1653728251,B,MIC,3.0
1653728251,B,RSSI,65.0
1653728253,H,Temperature,21.756000518798828
1653728253,H,Humidity,36.00299835205078
1653728253,H,Pressure,102229.0
1653728253,H,Gas,946.1279907226562
1653728253,H,Accelerometer,0.0
1653728253,H,Light,73.0
1653728253,H,IR,0.0
1653728253,H,MIC,3.0
1653728253,D,Temperature,21.114999771118164
1653728253,D,Humidity,36.915000915527344
1653728253,D,Pressure,102240.0
1653728253,D,Gas,551.7340087890625
1653728253,D,Accelerometer,0.0
1653728253,D,Light,488.0
1653728253,D,MIC,3.0
1653728253,D,RSSI,61.0
1653728254,E,Temperature,20.575000762939453
1653728254,E,Humidity,38.058998107910156
1653728254,E,Pressure,102215.0
1653728254,E,Gas,593.801025390625
1653728254,E,Accelerometer,0.0
1653728254,E,Light,1042.0
1653728254,E,MIC,3.0
1653728254,E,RSSI,77.0
1653728254,F,Temperature,22.024999618530273
1653728254,F,Humidity,35.74300003051758
1653728254,F,Pressure,102248.0
1653728254,F,Gas,562.5549926757811
1653728254,F,Accelerometer,0.0
1653728254,F,Light,684.0
1653728254,F,MIC,3.0
1653728254,F,RSSI,78.0
1653728256,G,Temperature,22.145000457763672
1653728256,G,Humidity,36.87200164794922
1653728256,G,Pressure,102233.0
1653728256,G,Gas,545.375
1653728256,G,Accelerometer,0.0
1653728256,G,Light,1863.0
1653728256,G,MIC,3.0
1653728256,G,RSSI,70.0
1653728256,A,Temperature,22.20499992370605
1653728256,A,Humidity,36.18000030517578
1653728256,A,Pressure,102200.0
1653728256,A,Gas,567.3709716796875
1653728256,A,Accelerometer,0.0
1653728256,A,Light,116.0
1653728256,A,MIC,3.0
1653728256,A,RSSI,75.0
1653728257,H,Temperature,21.756000518798828
1653728257,H,Humidity,36.00899887084961
1653728257,H,Pressure,102229.0
1653728257,H,Gas,949.9749755859376
1653728257,H,Accelerometer,0.0
1653728257,H,Light,75.0
1653728257,H,IR,0.0
1653728257,H,MIC,3.0
1653728258,H,Temperature,21.746000289916992
1653728258,H,Humidity,36.02399826049805
1653728258,H,Pressure,102229.0
1653728258,H,Gas,946.8759765625
1653728258,H,Accelerometer,0.0
1653728258,H,Light,79.0
1653728258,H,IR,0.0
1653728258,H,MIC,3.0
1653728260,C,Temperature,22.645000457763672
1653728260,C,Humidity,35.185001373291016
1653728260,C,Pressure,102229.0
1653728260,C,Gas,509.2699890136719
1653728260,C,Accelerometer,0.0
1653728260,C,Light,3385.0
1653728260,C,MIC,1.0
1653728260,C,RSSI,66.0
1653728260,B,Temperature,21.5049991607666
1653728260,B,Humidity,38.9640007019043
1653728260,B,Pressure,102170.0
1653728260,B,Gas,762.052001953125
1653728260,B,Accelerometer,0.0
1653728260,B,Light,37.0
1653728260,B,MIC,3.0
1653728260,B,RSSI,65.0
1653728261,H,Temperature,21.756000518798828
1653728261,H,Humidity,35.9900016784668
1653728261,H,Pressure,102229.0
1653728261,H,Gas,940.3049926757812
1653728261,H,Accelerometer,0.0
1653728261,H,Light,89.0
1653728261,H,IR,0.0
1653728261,H,MIC,3.0
1653728263,D,Temperature,21.104999542236328
1653728263,D,Humidity,36.946998596191406
1653728263,D,Pressure,102238.0
1653728263,D,Gas,546.7030029296875
1653728263,D,Accelerometer,0.0
1653728263,D,Light,498.0
1653728263,D,MIC,3.0
1653728263,D,RSSI,61.0
1653728264,E,Temperature,20.584999084472656
1653728264,E,Humidity,38.01800155639648
1653728264,E,Pressure,102217.0
1653728264,E,Gas,590.6389770507812
1653728264,E,Accelerometer,0.0
1653728264,E,Light,1055.0
1653728264,E,MIC,3.0
1653728264,E,RSSI,92.0
1653728264,F,Temperature,22.03499984741211
1653728264,F,Humidity,35.71900177001953
1653728264,F,Pressure,102250.0
1653728264,F,Gas,561.7509765625
1653728264,F,Accelerometer,0.0
1653728264,F,Light,695.0
1653728264,F,MIC,3.0
1653728264,F,RSSI,78.0
1653728264,H,Temperature,21.756000518798828
1653728264,H,Humidity,35.999000549316406
1653728264,H,Pressure,102229.0
1653728264,H,Gas,931.3369750976562
1653728264,H,Accelerometer,0.0
1653728264,H,Light,95.0
1653728264,H,IR,0.0
1653728264,H,MIC,3.0
1653728265,G,Temperature,22.13500022888184
1653728265,G,Humidity,36.861000061035156
1653728265,G,Pressure,102231.0
1653728265,G,Gas,542.4429931640625
1653728265,G,Accelerometer,0.0
1653728265,G,Light,1889.0
1653728265,G,MIC,3.0
1653728265,G,RSSI,70.0
1653728265,A,Temperature,22.20499992370605
1653728265,A,Humidity,36.18999862670898
1653728265,A,Pressure,102202.0
1653728265,A,Gas,571.8920288085938
1653728265,A,Accelerometer,0.0
1653728265,A,Light,122.0
1653728265,A,MIC,3.0
1653728265,A,RSSI,75.0
1653728268,H,Temperature,21.756000518798828
1653728268,H,Humidity,36.00299835205078
1653728268,H,Pressure,102231.0
1653728268,H,Gas,939.64599609375
1653728268,H,Accelerometer,0.0
1653728268,H,Light,114.0
1653728268,H,IR,0.0
1653728268,H,MIC,3.0
1653728270,C,Temperature,22.645000457763672
1653728270,C,Humidity,35.18600082397461
1653728270,C,Pressure,102229.0
1653728270,C,Gas,511.3210144042969
1653728270,C,Accelerometer,0.0
1653728270,C,Light,3385.0
1653728270,C,MIC,1.0
1653728270,C,RSSI,66.0
1653728270,H,Temperature,21.756000518798828
1653728270,H,Humidity,36.03200149536133
1653728270,H,Pressure,102231.0
1653728270,H,Gas,937.9359741210938
1653728270,H,Accelerometer,0.0
1653728270,H,Light,145.0
1653728270,H,IR,0.0
1653728270,H,MIC,3.0
1653728271,B,Temperature,21.51499938964844
1653728271,B,Humidity,38.941001892089844
1653728271,B,Pressure,102174.0
1653728271,B,Gas,764.0999755859375
1653728271,B,Accelerometer,0.0
1653728271,B,Light,67.0
1653728271,B,MIC,3.0
1653728271,B,RSSI,65.0
1653728273,D,Temperature,21.104999542236328
1653728273,D,Humidity,36.94200134277344
1653728273,D,Pressure,102240.0
1653728273,D,Gas,547.3369750976561
1653728273,D,Accelerometer,0.0
1653728273,D,Light,541.0
1653728273,D,MIC,3.0
1653728273,D,RSSI,61.0
1653728273,H,Temperature,21.756000518798828
1653728273,H,Humidity,35.987998962402344
1653728273,H,Pressure,102233.0
1653728273,H,Gas,933.9829711914062
1653728273,H,Accelerometer,0.0
1653728273,H,Light,149.0
1653728273,H,IR,0.0
1653728273,H,MIC,3.0
1653728274,E,Temperature,20.584999084472656
1653728274,E,Humidity,38.00699996948242
1653728274,E,Pressure,102217.0
1653728274,E,Gas,583.1950073242188
1653728274,E,Accelerometer,0.0
1653728274,E,Light,1140.0
1653728274,E,MIC,3.0
1653728274,E,RSSI,92.0
1653728274,F,Temperature,22.024999618530273
1653728274,F,Humidity,35.762001037597656
1653728274,F,Pressure,102248.0
1653728274,F,Gas,570.052001953125
1653728274,F,Accelerometer,0.0
1653728274,F,Light,784.0
1653728274,F,MIC,3.0
1653728274,F,RSSI,78.0
1653728275,G,Temperature,22.145000457763672
1653728275,G,Humidity,36.847999572753906
1653728275,G,Pressure,102235.0
1653728275,G,Gas,543.1500244140625
1653728275,G,Accelerometer,0.0
1653728275,G,Light,2046.0
1653728275,G,MIC,3.0
1653728275,G,RSSI,70.0
1653728276,A,Temperature,22.20499992370605
1653728276,A,Humidity,36.191001892089844
1653728276,A,Pressure,102202.0
1653728276,A,Gas,576.2030029296875
1653728276,A,Accelerometer,0.0
1653728276,A,Light,147.0
1653728276,A,MIC,3.0
1653728276,A,RSSI,75.0
1653728276,H,Temperature,21.766000747680664
1653728276,H,Humidity,36.00400161743164
1653728276,H,Pressure,102233.0
1653728276,H,Gas,930.9829711914062
1653728276,H,Accelerometer,0.0
1653728276,H,Light,155.0
1653728276,H,IR,0.0
1653728276,H,MIC,3.0
1653728279,H,Temperature,21.766000747680664
1653728279,H,Humidity,35.99700164794922
1653728279,H,Pressure,102231.0
1653728279,H,Gas,941.9539794921876
1653728279,H,Accelerometer,0.0
1653728279,H,Light,160.0
1653728279,H,IR,0.0
1653728279,H,MIC,3.0
1653728280,C,Temperature,22.645000457763672
1653728280,C,Humidity,35.1879997253418
1653728280,C,Pressure,102231.0
1653728280,C,Gas,518.7559814453125
1653728280,C,Accelerometer,0.0
1653728280,C,Light,3482.0
1653728280,C,MIC,1.0
1653728280,C,RSSI,66.0
1653728280,B,Temperature,21.51499938964844
1653728280,B,Humidity,38.91600036621094
1653728280,B,Pressure,102172.0
1653728280,B,Gas,757.97802734375
1653728280,B,Accelerometer,0.0
1653728280,B,Light,79.0
1653728280,B,MIC,3.0
1653728280,B,RSSI,65.0
1653728283,H,Temperature,21.766000747680664
1653728283,H,Humidity,35.98899841308594
1653728283,H,Pressure,102231.0
1653728283,H,Gas,948.0549926757812
1653728283,H,Accelerometer,0.0
1653728283,H,Light,158.0
1653728283,H,IR,0.0
1653728283,H,MIC,3.0
1653728283,D,Temperature,21.114999771118164
1653728283,D,Humidity,36.91699981689453
1653728283,D,Pressure,102238.0
1653728283,D,Gas,545.9639892578125
1653728283,D,Accelerometer,0.0
1653728283,D,Light,576.0
1653728283,D,MIC,3.0
1653728283,D,RSSI,61.0
1653728284,F,Temperature,22.03499984741211
1653728284,F,Humidity,35.736000061035156
1653728284,F,Pressure,102250.0
1653728284,F,Gas,572.5670166015625
1653728284,F,Accelerometer,0.0
1653728284,F,Light,804.0
1653728284,F,MIC,3.0
1653728284,F,RSSI,78.0
1653728284,E,Temperature,20.584999084472656
1653728284,E,Humidity,38.00400161743164
1653728284,E,Pressure,102215.0
1653728284,E,Gas,578.5590209960938
1653728284,E,Accelerometer,0.0
1653728284,E,Light,1206.0
1653728284,E,MIC,3.0
1653728284,E,RSSI,92.0
1653728286,G,Temperature,22.145000457763672
1653728286,G,Humidity,36.8380012512207
1653728286,G,Pressure,102233.0
1653728286,G,Gas,541.7039794921875
1653728286,G,Accelerometer,0.0
1653728286,G,Light,2086.0
1653728286,G,MIC,3.0
1653728286,G,RSSI,70.0
1653728286,H,Temperature,21.766000747680664
1653728286,H,Humidity,35.99300003051758
1653728286,H,Pressure,102229.0
1653728286,H,Gas,955.0960083007812
1653728286,H,Accelerometer,0.0
1653728286,H,Light,154.0
1653728286,H,IR,0.0
1653728286,H,MIC,3.0
1653728286,A,Temperature,22.21500015258789
1653728286,A,Humidity,36.150001525878906
1653728286,A,Pressure,102206.0
1653728286,A,Gas,573.72998046875
1653728286,A,Accelerometer,0.0
1653728286,A,Light,154.0
1653728286,A,MIC,3.0
1653728286,A,RSSI,75.0
1653728289,H,Temperature,21.766000747680664
1653728289,H,Humidity,35.99499893188477
1653728289,H,Pressure,102229.0
1653728289,H,Gas,958.4559936523438
1653728289,H,Accelerometer,0.0
1653728289,H,Light,144.0
1653728289,H,IR,0.0
1653728289,H,MIC,3.0
1653728290,C,Temperature,22.645000457763672
1653728290,C,Humidity,35.18099975585937
1653728290,C,Pressure,102229.0
1653728290,C,Gas,517.427001953125
1653728290,C,Accelerometer,0.0
1653728290,C,Light,3484.0
1653728290,C,MIC,1.0
1653728290,C,RSSI,66.0
1653728290,B,Temperature,21.51499938964844
1653728290,B,Humidity,38.93299865722656
1653728290,B,Pressure,102172.0
1653728290,B,Gas,753.60498046875
1653728290,B,Accelerometer,0.0
1653728290,B,Light,68.0
1653728290,B,MIC,3.0
1653728290,B,RSSI,65.0
1653728291,H,Temperature,21.766000747680664
1653728291,H,Humidity,36.012001037597656
1653728291,H,Pressure,102229.0
1653728291,H,Gas,947.5789794921876
1653728291,H,Accelerometer,0.0
1653728291,H,Light,133.0
1653728291,H,IR,0.0
1653728291,H,MIC,3.0
1653728293,D,Temperature,21.114999771118164
1653728293,D,Humidity,36.94400024414063
1653728293,D,Pressure,102240.0
1653728293,D,Gas,554.3380126953125
1653728293,D,Accelerometer,0.0
1653728293,D,Light,556.0
1653728293,D,MIC,3.0
1653728293,D,RSSI,61.0
1653728294,F,Temperature,22.024999618530273
1653728294,F,Humidity,35.749000549316406
1653728294,F,Pressure,102246.0
1653728294,F,Gas,571.531005859375
1653728294,F,Accelerometer,0.0
1653728294,F,Light,791.0
1653728294,F,MIC,3.0
1653728294,F,RSSI,83.0
1653728294,E,Temperature,20.584999084472656
1653728294,E,Humidity,37.99599838256836
1653728294,E,Pressure,102213.0
1653728294,E,Gas,572.1530151367188
1653728294,E,Accelerometer,0.0
1653728294,E,Light,1180.0
1653728294,E,MIC,3.0
1653728294,E,RSSI,92.0
1653728295,H,Temperature,21.766000747680664
1653728295,H,Humidity,36.00199890136719
1653728295,H,Pressure,102229.0
1653728295,H,Gas,945.89599609375
1653728295,H,Accelerometer,0.0
1653728295,H,Light,120.0
1653728295,H,IR,0.0
1653728295,H,MIC,3.0
1653728295,G,Temperature,22.155000686645508
1653728295,G,Humidity,36.83599853515625
1653728295,G,Pressure,102231.0
1653728295,G,Gas,544.5
1653728295,G,Accelerometer,0.0
1653728295,G,Light,1954.0
1653728295,G,MIC,3.0
1653728295,G,RSSI,70.0
1653728296,A,Temperature,22.21500015258789
1653728296,A,Humidity,36.1609992980957
1653728296,A,Pressure,102204.0
1653728296,A,Gas,576.4530029296875
1653728296,A,Accelerometer,0.0
1653728296,A,Light,136.0
1653728296,A,MIC,3.0
1653728296,A,RSSI,75.0
1653728299,H,Temperature,21.775999069213867
1653728299,H,Humidity,35.99700164794922
1653728299,H,Pressure,102229.0
1653728299,H,Gas,947.4400024414062
1653728299,H,Accelerometer,0.0
1653728299,H,Light,132.0
1653728299,H,IR,0.0
1653728299,H,MIC,3.0
1653728300,C,Temperature,22.645000457763672
1653728300,C,Humidity,35.174999237060554
1653728300,C,Pressure,102227.0
1653728300,C,Gas,518.7540283203125
1653728300,C,Accelerometer,0.0
1653728300,C,Light,3363.0
1653728300,C,MIC,1.0
1653728300,C,RSSI,66.0
1653728301,B,Temperature,21.51499938964844
1653728301,B,Humidity,38.915000915527344
1653728301,B,Pressure,102172.0
1653728301,B,Gas,739.2570190429688
1653728301,B,Accelerometer,0.0
1653728301,B,Light,63.0
1653728301,B,MIC,3.0
1653728301,B,RSSI,65.0
1653728302,H,Temperature,21.766000747680664
1653728302,H,Humidity,35.99800109863281
1653728302,H,Pressure,102229.0
1653728302,H,Gas,945.718994140625
1653728302,H,Accelerometer,0.0
1653728302,H,Light,130.0
1653728302,H,IR,0.0
1653728302,H,MIC,3.0
1653728303,D,Temperature,21.104999542236328
1653728303,D,Humidity,36.95700073242188
1653728303,D,Pressure,102236.0
1653728303,D,Gas,551.4530029296875
1653728303,D,Accelerometer,0.0
1653728303,D,Light,505.0
1653728303,D,MIC,3.0
1653728303,D,RSSI,61.0
1653728304,F,Temperature,22.045000076293945
1653728304,F,Humidity,35.72100067138672
1653728304,F,Pressure,102248.0
1653728304,F,Gas,568.5460205078125
1653728304,F,Accelerometer,0.0
1653728304,F,Light,759.0
1653728304,F,MIC,3.0
1653728304,F,RSSI,83.0
1653728304,E,Temperature,20.584999084472656
1653728304,E,Humidity,38.00299835205078
1653728304,E,Pressure,102213.0
1653728304,E,Gas,574.5490112304688
1653728304,E,Accelerometer,0.0
1653728304,E,Light,1089.0
1653728304,E,MIC,3.0
1653728304,E,RSSI,92.0
1653728304,H,Temperature,21.766000747680664
1653728304,H,Humidity,36.00899887084961
1653728304,H,Pressure,102229.0
1653728304,H,Gas,945.9010009765624
1653728304,H,Accelerometer,0.0
1653728304,H,Light,110.0
1653728304,H,IR,0.0
1653728304,H,MIC,3.0
1653728306,G,Temperature,22.155000686645508
1653728306,G,Humidity,36.83599853515625
1653728306,G,Pressure,102229.0
1653728306,G,Gas,538.0969848632811
1653728306,G,Accelerometer,0.0
1653728306,G,Light,1913.0
1653728306,G,MIC,3.0
1653728306,G,RSSI,70.0
1653728306,A,Temperature,22.21500015258789
1653728306,A,Humidity,36.15599822998047
1653728306,A,Pressure,102202.0
1653728306,A,Gas,575.6539916992188
1653728306,A,Accelerometer,0.0
1653728306,A,Light,129.0
1653728306,A,MIC,3.0
1653728306,A,RSSI,83.0
1653728307,H,Temperature,21.756000518798828
1653728307,H,Humidity,36.012001037597656
1653728307,H,Pressure,102229.0
1653728307,H,Gas,940.3380126953124
1653728307,H,Accelerometer,0.0
1653728307,H,Light,107.0
1653728307,H,IR,0.0
1653728307,H,MIC,3.0
1653728310,H,Temperature,21.766000747680664
1653728310,H,Humidity,35.99300003051758
1653728310,H,Pressure,102229.0
1653728310,H,Gas,946.5490112304688
1653728310,H,Accelerometer,0.0
1653728310,H,Light,105.0
1653728310,H,IR,0.0
1653728310,H,MIC,3.0
1653728310,C,Temperature,22.63500022888184
1653728310,C,Humidity,35.18399810791016
1653728310,C,Pressure,102225.0
1653728310,C,Gas,516.1480102539061
1653728310,C,Accelerometer,0.0
1653728310,C,Light,3331.0
1653728310,C,MIC,1.0
1653728310,C,RSSI,66.0
1653728310,B,Temperature,21.51499938964844
1653728310,B,Humidity,38.9119987487793
1653728310,B,Pressure,102170.0
1653728310,B,Gas,737.0430297851562
1653728310,B,Accelerometer,0.0
1653728310,B,Light,47.0
1653728310,B,MIC,3.0
1653728310,B,RSSI,65.0
1653728313,D,Temperature,21.114999771118164
1653728313,D,Humidity,36.95000076293945
1653728313,D,Pressure,102240.0
1653728313,D,Gas,547.7440185546875
1653728313,D,Accelerometer,0.0
1653728313,D,Light,499.0
1653728313,D,MIC,3.0
1653728313,D,RSSI,61.0
1653728313,H,Temperature,21.766000747680664
1653728313,H,Humidity,36.01599884033203
1653728313,H,Pressure,102227.0
1653728313,H,Gas,944.8989868164062
1653728313,H,Accelerometer,0.0
1653728313,H,Light,96.0
1653728313,H,IR,0.0
1653728313,H,MIC,3.0
1653728314,E,Temperature,20.584999084472656
1653728314,E,Humidity,37.999000549316406
1653728314,E,Pressure,102215.0
1653728314,E,Gas,567.9819946289062
1653728314,E,Accelerometer,0.0
1653728314,E,Light,1086.0
1653728314,E,MIC,3.0
1653728314,E,RSSI,68.0
1653728314,F,Temperature,22.03499984741211
1653728314,F,Humidity,35.76900100708008
1653728314,F,Pressure,102246.0
1653728314,F,Gas,572.2969970703125
1653728314,F,Accelerometer,0.0
1653728314,F,Light,747.0
1653728314,F,MIC,3.0
1653728314,F,RSSI,83.0
1653728316,G,Temperature,22.155000686645508
1653728316,G,Humidity,36.82699966430664
1653728316,G,Pressure,102233.0
1653728316,G,Gas,538.6729736328125
1653728316,G,Accelerometer,0.0
1653728316,G,Light,1929.0
1653728316,G,MIC,3.0
1653728316,G,RSSI,70.0
1653728316,A,Temperature,22.21500015258789
1653728316,A,Humidity,36.14699935913086
1653728316,A,Pressure,102204.0
1653728316,A,Gas,575.531982421875
1653728316,A,Accelerometer,0.0
1653728316,A,Light,129.0
1653728316,A,MIC,3.0
1653728316,A,RSSI,83.0
1653728316,H,Temperature,21.775999069213867
1653728316,H,Humidity,35.98300170898437
1653728316,H,Pressure,102229.0
1653728316,H,Gas,946.593017578125
1653728316,H,Accelerometer,0.0
1653728316,H,Light,79.0
1653728316,H,IR,0.0
1653728316,H,MIC,3.0
1653728319,H,Temperature,21.775999069213867
1653728319,H,Humidity,35.992000579833984
1653728319,H,Pressure,102229.0
1653728319,H,Gas,938.9539794921876
1653728319,H,Accelerometer,0.0
1653728319,H,Light,73.0
1653728319,H,IR,0.0
1653728319,H,MIC,3.0
1653728320,C,Temperature,22.63500022888184
1653728320,C,Humidity,35.198001861572266
1653728320,C,Pressure,102225.0
1653728320,C,Gas,516.68798828125
1653728320,C,Accelerometer,0.0
1653728320,C,Light,3219.0
1653728320,C,MIC,1.0
1653728320,C,RSSI,66.0
1653728321,B,Temperature,21.524999618530273
1653728321,B,Humidity,38.88800048828125
1653728321,B,Pressure,102170.0
1653728321,B,Gas,732.7360229492188
1653728321,B,Accelerometer,0.0
1653728321,B,Light,28.0
1653728321,B,MIC,3.0
1653728321,B,RSSI,65.0
1653728322,H,Temperature,21.756000518798828
1653728322,H,Humidity,36.02799987792969
1653728322,H,Pressure,102229.0
1653728322,H,Gas,946.9030151367188
1653728322,H,Accelerometer,0.0
1653728322,H,Light,73.0
1653728322,H,IR,0.0
1653728322,H,MIC,3.0
1653728323,D,Temperature,21.114999771118164
1653728323,D,Humidity,36.92100143432617
1653728323,D,Pressure,102238.0
1653728323,D,Gas,543.8800048828125
1653728323,D,Accelerometer,0.0
1653728323,D,Light,471.0
1653728323,D,MIC,3.0
1653728323,D,RSSI,61.0
1653728324,E,Temperature,20.584999084472656
1653728324,E,Humidity,37.97600173950195
1653728324,E,Pressure,102213.0
1653728324,E,Gas,568.47998046875
1653728324,E,Accelerometer,0.0
1653728324,E,Light,1031.0
1653728324,E,MIC,3.0
1653728324,E,RSSI,68.0
1653728328,F,Temperature,22.045000076293945
1653728328,F,Humidity,35.736000061035156
1653728328,F,Pressure,102244.0
1653728328,F,Gas,575.5830078125
1653728328,F,Accelerometer,0.0
1653728328,F,Light,709.0
1653728328,F,MIC,3.0
1653728328,F,RSSI,83.0
1653728328,G,Temperature,22.165000915527344
1653728328,G,Humidity,36.777000427246094
1653728328,G,Pressure,102233.0
1653728328,G,Gas,536.666015625
1653728328,G,Accelerometer,0.0
1653728328,G,Light,1792.0
1653728328,G,MIC,3.0
1653728328,G,RSSI,70.0
1653728328,A,Temperature,22.21500015258789
1653728328,A,Humidity,36.1609992980957
1653728328,A,Pressure,102204.0
1653728328,A,Gas,580.4190063476562
1653728328,A,Accelerometer,0.0
1653728328,A,Light,111.0
1653728328,A,MIC,3.0
1653728328,A,RSSI,83.0
1653728328,H,Temperature,21.746000289916992
1653728328,H,Humidity,36.007999420166016
1653728328,H,Pressure,102231.0
1653728328,H,Gas,945.3980102539062
1653728328,H,Accelerometer,0.0
1653728328,H,Light,71.0
1653728328,H,IR,0.0
1653728328,H,MIC,3.0
1653728330,H,Temperature,21.746000289916992
1653728330,H,Humidity,35.98300170898437
1653728330,H,Pressure,102229.0
1653728330,H,Gas,943.06201171875
1653728330,H,Accelerometer,0.0
1653728330,H,Light,70.0
1653728330,H,IR,0.0
1653728330,H,MIC,3.0
1653728331,B,Temperature,21.51499938964844
1653728331,B,Humidity,38.891998291015625
1653728331,B,Pressure,102172.0
1653728331,B,Gas,734.2689819335938
1653728331,B,Accelerometer,0.0
1653728331,B,Light,27.0
1653728331,B,MIC,3.0
1653728331,B,RSSI,65.0
1653728331,C,Temperature,22.63500022888184
1653728331,C,Humidity,35.20399856567383
1653728331,C,Pressure,102225.0
1653728331,C,Gas,520.083984375
1653728331,C,Accelerometer,0.0
1653728331,C,Light,3128.0
1653728331,C,MIC,1.0
1653728331,C,RSSI,66.0
1653728332,H,Temperature,21.756000518798828
1653728332,H,Humidity,35.98199844360352
1653728332,H,Pressure,102229.0
1653728332,H,Gas,945.6690063476562
1653728332,H,Accelerometer,0.0
1653728332,H,Light,70.0
1653728332,H,IR,0.0
1653728332,H,MIC,3.0
1653728333,D,Temperature,21.104999542236328
1653728333,D,Humidity,36.93999862670898
1653728333,D,Pressure,102238.0
1653728333,D,Gas,546.9959716796875
1653728333,D,Accelerometer,0.0
1653728333,D,Light,453.0
1653728333,D,MIC,3.0
1653728333,D,RSSI,61.0
1653728334,F,Temperature,22.045000076293945
1653728334,F,Humidity,35.71500015258789
1653728334,F,Pressure,102248.0
1653728334,F,Gas,571.52197265625
1653728334,F,Accelerometer,0.0
1653728334,F,Light,702.0
1653728334,F,MIC,3.0
1653728334,F,RSSI,83.0
1653728334,H,Temperature,21.756000518798828
1653728334,H,Humidity,35.97700119018555
1653728334,H,Pressure,102229.0
1653728334,H,Gas,953.3079833984376
1653728334,H,Accelerometer,0.0
1653728334,H,Light,69.0
1653728334,H,IR,0.0
1653728334,H,MIC,3.0
1653728334,E,Temperature,20.584999084472656
1653728334,E,Humidity,37.9900016784668
1653728334,E,Pressure,102215.0
1653728334,E,Gas,567.72900390625
1653728334,E,Accelerometer,0.0
1653728334,E,Light,1012.0
1653728334,E,MIC,3.0
1653728334,E,RSSI,68.0
1653728336,G,Temperature,22.165000915527344
1653728336,G,Humidity,36.790000915527344
1653728336,G,Pressure,102233.0
1653728336,G,Gas,532.0789794921875
1653728336,G,Accelerometer,0.0
1653728336,G,Light,1772.0
1653728336,G,MIC,3.0
1653728336,G,RSSI,70.0
1653728336,A,Temperature,22.21500015258789
1653728336,A,Humidity,36.16600036621094
1653728336,A,Pressure,102204.0
1653728336,A,Gas,581.7030029296875
1653728336,A,Accelerometer,0.0
1653728336,A,Light,109.0
1653728336,A,MIC,3.0
1653728336,A,RSSI,83.0
1653728337,H,Temperature,21.766000747680664
1653728337,H,Humidity,35.94300079345703
1653728337,H,Pressure,102231.0
1653728337,H,Gas,939.6849975585938
1653728337,H,Accelerometer,0.0
1653728337,H,Light,70.0
1653728337,H,IR,0.0
1653728337,H,MIC,3.0
1653728340,C,Temperature,22.625
1653728340,C,Humidity,35.18899917602539
1653728340,C,Pressure,102229.0
1653728340,C,Gas,522.8829956054689
1653728340,C,Accelerometer,0.0
1653728340,C,Light,3067.0
1653728340,C,MIC,1.0
1653728340,C,RSSI,66.0
1653728340,H,Temperature,21.766000747680664
1653728340,H,Humidity,35.99100112915039
1653728340,H,Pressure,102231.0
1653728340,H,Gas,940.2990112304688
1653728340,H,Accelerometer,0.0
1653728340,H,Light,70.0
1653728340,H,IR,0.0
1653728340,H,MIC,3.0
1653728341,B,Temperature,21.524999618530273
1653728341,B,Humidity,38.88199996948242
1653728341,B,Pressure,102172.0
1653728341,B,Gas,724.083984375
1653728341,B,Accelerometer,0.0
1653728341,B,Light,27.0
1653728341,B,MIC,3.0
1653728341,B,RSSI,65.0
1653728343,D,Temperature,21.104999542236328
1653728343,D,Humidity,36.93000030517578
1653728343,D,Pressure,102238.0
1653728343,D,Gas,539.25
1653728343,D,Accelerometer,0.0
1653728343,D,Light,446.0
1653728343,D,MIC,3.0
1653728343,D,RSSI,61.0
1653728344,H,Temperature,21.766000747680664
1653728344,H,Humidity,35.987998962402344
1653728344,H,Pressure,102231.0
1653728344,H,Gas,945.0650024414062
1653728344,H,Accelerometer,0.0
1653728344,H,Light,70.0
1653728344,H,IR,0.0
1653728344,H,MIC,3.0
1653728344,E,Temperature,20.584999084472656
1653728344,E,Humidity,37.99700164794922
1653728344,E,Pressure,102215.0
1653728344,E,Gas,560.5
1653728344,E,Accelerometer,0.0
1653728344,E,Light,1004.0
1653728344,E,MIC,3.0
1653728344,E,RSSI,68.0
1653728344,F,Temperature,22.045000076293945
1653728344,F,Humidity,35.7140007019043
1653728344,F,Pressure,102248.0
1653728344,F,Gas,569.4940185546875
1653728344,F,Accelerometer,0.0
1653728344,F,Light,701.0
1653728344,F,MIC,3.0
1653728344,F,RSSI,78.0
1653728345,G,Temperature,22.165000915527344
1653728345,G,Humidity,36.7869987487793
1653728345,G,Pressure,102233.0
1653728345,G,Gas,533.1859741210939
1653728345,G,Accelerometer,0.0
1653728345,G,Light,1756.0
1653728345,G,MIC,3.0
1653728345,G,RSSI,70.0
1653728346,A,Temperature,22.21500015258789
1653728346,A,Humidity,36.13899993896485
1653728346,A,Pressure,102204.0
1653728346,A,Gas,577.39599609375
1653728346,A,Accelerometer,0.0
1653728346,A,Light,109.0
1653728346,A,MIC,3.0
1653728346,A,RSSI,83.0
1653728346,H,Temperature,21.756000518798828
1653728346,H,Humidity,36.01599884033203
1653728346,H,Pressure,102231.0
1653728346,H,Gas,944.0250244140624
1653728346,H,Accelerometer,0.0
1653728346,H,Light,70.0
1653728346,H,IR,0.0
1653728346,H,MIC,3.0
1653728349,H,Temperature,21.756000518798828
1653728349,H,Humidity,35.99800109863281
1653728349,H,Pressure,102231.0
1653728349,H,Gas,936.0980224609376
1653728349,H,Accelerometer,0.0
1653728349,H,Light,71.0
1653728349,H,IR,0.0
1653728349,H,MIC,3.0
1653728350,C,Temperature,22.625
1653728350,C,Humidity,35.15800094604492
1653728350,C,Pressure,102229.0
1653728350,C,Gas,517.8150024414061
1653728350,C,Accelerometer,0.0
1653728350,C,Light,3057.0
1653728350,C,MIC,1.0
1653728350,C,RSSI,66.0
1653728351,B,Temperature,21.524999618530273
1653728351,B,Humidity,38.85699844360352
1653728351,B,Pressure,102172.0
1653728351,B,Gas,712.3099975585938
1653728351,B,Accelerometer,0.0
1653728351,B,Light,27.0
1653728351,B,MIC,3.0
1653728351,B,RSSI,65.0
1653728353,D,Temperature,21.104999542236328
1653728353,D,Humidity,36.9119987487793
1653728353,D,Pressure,102240.0
1653728353,D,Gas,537.1599731445311
1653728353,D,Accelerometer,0.0
1653728353,D,Light,443.0
1653728353,D,MIC,3.0
1653728353,D,RSSI,61.0
1653728354,H,Temperature,21.746000289916992
1653728354,H,Humidity,36.00699996948242
1653728354,H,Pressure,102233.0
1653728354,H,Gas,936.5960083007812
1653728354,H,Accelerometer,0.0
1653728354,H,Light,72.0
1653728354,H,IR,0.0
1653728354,H,MIC,3.0
1653728354,E,Temperature,20.575000762939453
1653728354,E,Humidity,38.02199935913086
1653728354,E,Pressure,102215.0
1653728354,E,Gas,559.3800048828125
1653728354,E,Accelerometer,0.0
1653728354,E,Light,999.0
1653728354,E,MIC,3.0
1653728354,E,RSSI,68.0
1653728354,F,Temperature,22.03499984741211
1653728354,F,Humidity,35.702999114990234
1653728354,F,Pressure,102252.0
1653728354,F,Gas,572.197021484375
1653728354,F,Accelerometer,0.0
1653728354,F,Light,698.0
1653728354,F,MIC,3.0
1653728354,F,RSSI,78.0
1653728355,G,Temperature,22.165000915527344
1653728355,G,Humidity,36.790000915527344
1653728355,G,Pressure,102233.0
1653728355,G,Gas,534.4920043945311
1653728355,G,Accelerometer,0.0
1653728355,G,Light,1757.0
1653728355,G,MIC,3.0
1653728355,G,RSSI,72.0
1653728355,H,Temperature,21.746000289916992
1653728355,H,Humidity,35.99599838256836
1653728355,H,Pressure,102231.0
1653728355,H,Gas,942.81298828125
1653728355,H,Accelerometer,0.0
1653728355,H,Light,73.0
1653728355,H,IR,0.0
1653728355,H,MIC,3.0
1653728356,A,Temperature,22.20499992370605
1653728356,A,Humidity,36.165000915527344
1653728356,A,Pressure,102200.0
1653728356,A,Gas,577.7769775390625
1653728356,A,Accelerometer,0.0
1653728356,A,Light,110.0
1653728356,A,MIC,3.0
1653728356,A,RSSI,75.0
1653728358,H,Temperature,21.746000289916992
1653728358,H,Humidity,35.97600173950195
1653728358,H,Pressure,102233.0
1653728358,H,Gas,934.1329956054688
1653728358,H,Accelerometer,0.0
1653728358,H,Light,73.0
1653728358,H,IR,0.0
1653728358,H,MIC,3.0
1653728360,C,Temperature,22.614999771118164
1653728360,C,Humidity,35.167999267578125
1653728360,C,Pressure,102227.0
1653728360,C,Gas,517.31201171875
1653728360,C,Accelerometer,0.0
1653728360,C,Light,3065.0
1653728360,C,MIC,1.0
1653728360,C,RSSI,66.0
1653728361,B,Temperature,21.524999618530273
1653728361,B,Humidity,38.86800003051758
1653728361,B,Pressure,102174.0
1653728361,B,Gas,707.9979858398438
1653728361,B,Accelerometer,0.0
1653728361,B,Light,29.0
1653728361,B,MIC,3.0
1653728361,B,RSSI,65.0
1653728361,H,Temperature,21.73600006103516
1653728361,H,Humidity,35.99100112915039
1653728361,H,Pressure,102231.0
1653728361,H,Gas,926.8590087890624
1653728361,H,Accelerometer,0.0
1653728361,H,Light,74.0
1653728361,H,IR,0.0
1653728361,H,MIC,3.0
1653728363,D,Temperature,21.104999542236328
1653728363,D,Humidity,36.9119987487793
1653728363,D,Pressure,102240.0
1653728363,D,Gas,539.072998046875
1653728363,D,Accelerometer,0.0
1653728363,D,Light,444.0
1653728363,D,MIC,3.0
1653728363,D,RSSI,67.0
1653728364,F,Temperature,22.03499984741211
1653728364,F,Humidity,35.70199966430664
1653728364,F,Pressure,102254.0
1653728364,F,Gas,563.7059936523438
1653728364,F,Accelerometer,0.0
1653728364,F,Light,700.0
1653728364,F,MIC,3.0
1653728364,F,RSSI,78.0
1653728364,E,Temperature,20.565000534057614
1653728364,E,Humidity,38.02999877929688
1653728364,E,Pressure,102211.0
1653728364,E,Gas,557.0260009765625
1653728364,E,Accelerometer,0.0
1653728364,E,Light,1011.0
1653728364,E,MIC,3.0
1653728364,E,RSSI,82.0
1653728364,H,Temperature,21.73600006103516
1653728364,H,Humidity,35.98500061035156
1653728364,H,Pressure,102231.0
1653728364,H,Gas,917.5430297851562
1653728364,H,Accelerometer,0.0
1653728364,H,Light,75.0
1653728364,H,IR,0.0
1653728364,H,MIC,3.0
1653728367,G,Temperature,22.174999237060547
1653728367,G,Humidity,36.78900146484375
1653728367,G,Pressure,102233.0
1653728367,G,Gas,532.0339965820311
1653728367,G,Accelerometer,0.0
1653728367,G,Light,1769.0
1653728367,G,MIC,3.0
1653728367,G,RSSI,72.0
1653728367,A,Temperature,22.21500015258789
1653728367,A,Humidity,36.18299865722656
1653728367,A,Pressure,102206.0
1653728367,A,Gas,578.114013671875
1653728367,A,Accelerometer,0.0
1653728367,A,Light,111.0
1653728367,A,MIC,3.0
1653728367,A,RSSI,75.0
1653728368,H,Temperature,21.73600006103516
1653728368,H,Humidity,35.97999954223633
1653728368,H,Pressure,102237.0
1653728368,H,Gas,918.5170288085938
1653728368,H,Accelerometer,0.0
1653728368,H,Light,76.0
1653728368,H,IR,0.0
1653728368,H,MIC,3.0
1653728370,C,Temperature,22.625
1653728370,C,Humidity,35.191001892089844
1653728370,C,Pressure,102231.0
1653728370,C,Gas,518.2379760742189
1653728370,C,Accelerometer,0.0
1653728370,C,Light,3123.0
1653728370,C,MIC,1.0
1653728370,C,RSSI,66.0
1653728370,H,Temperature,21.73600006103516
1653728370,H,Humidity,35.96900177001953
1653728370,H,Pressure,102233.0
1653728370,H,Gas,920.7650146484376
1653728370,H,Accelerometer,0.0
1653728370,H,Light,77.0
1653728370,H,IR,0.0
1653728370,H,MIC,3.0
1653728371,B,Temperature,21.524999618530273
1653728371,B,Humidity,38.86000061035156
1653728371,B,Pressure,102174.0
1653728371,B,Gas,702.8109741210938
1653728371,B,Accelerometer,0.0
1653728371,B,Light,31.0
1653728371,B,MIC,3.0
1653728371,B,RSSI,65.0
1653728373,D,Temperature,21.104999542236328
1653728373,D,Humidity,36.9109992980957
1653728373,D,Pressure,102238.0
1653728373,D,Gas,539.3259887695311
1653728373,D,Accelerometer,0.0
1653728373,D,Light,460.0
1653728373,D,MIC,3.0
1653728373,D,RSSI,67.0
1653728374,E,Temperature,20.584999084472656
1653728374,E,Humidity,37.979000091552734
1653728374,E,Pressure,102217.0
1653728374,E,Gas,559.572021484375
1653728374,E,Accelerometer,0.0
1653728374,E,Light,1049.0
1653728374,E,MIC,3.0
1653728374,E,RSSI,82.0
1653728375,F,Temperature,22.045000076293945
1653728375,F,Humidity,35.68199920654297
1653728375,F,Pressure,102250.0
1653728375,F,Gas,566.22802734375
1653728375,F,Accelerometer,0.0
1653728375,F,Light,707.0
1653728375,F,MIC,3.0
1653728375,F,RSSI,78.0
1653728376,H,Temperature,21.73600006103516
1653728376,H,Humidity,35.9739990234375
1653728376,H,Pressure,102233.0
1653728376,H,Gas,910.656982421875
1653728376,H,Accelerometer,0.0
1653728376,H,Light,78.0
1653728376,H,IR,0.0
1653728376,H,MIC,3.0
1653728376,G,Temperature,22.165000915527344
1653728376,G,Humidity,36.79600143432617
1653728376,G,Pressure,102233.0
1653728376,G,Gas,537.7999877929689
1653728376,G,Accelerometer,0.0
1653728376,G,Light,1814.0
1653728376,G,MIC,3.0
1653728376,G,RSSI,72.0
1653728376,A,Temperature,22.21500015258789
1653728376,A,Humidity,36.178001403808594
1653728376,A,Pressure,102206.0
1653728376,A,Gas,583.4190063476562
1653728376,A,Accelerometer,0.0
1653728376,A,Light,117.0
1653728376,A,MIC,3.0
1653728376,A,RSSI,75.0
1653728377,H,Temperature,21.73600006103516
1653728377,H,Humidity,35.957000732421875
1653728377,H,Pressure,102231.0
1653728377,H,Gas,911.155029296875
1653728377,H,Accelerometer,0.0
1653728377,H,Light,80.0
1653728377,H,IR,0.0
1653728377,H,MIC,3.0
1653728379,H,Temperature,21.73600006103516
1653728379,H,Humidity,35.96200180053711
1653728379,H,Pressure,102233.0
1653728379,H,Gas,904.22998046875
1653728379,H,Accelerometer,0.0
1653728379,H,Light,81.0
1653728379,H,IR,0.0
1653728379,H,MIC,3.0
1653728380,C,Temperature,22.614999771118164
1653728380,C,Humidity,35.20399856567383
1653728380,C,Pressure,102229.0
1653728380,C,Gas,520.52099609375
1653728380,C,Accelerometer,0.0
1653728380,C,Light,3095.0
1653728380,C,MIC,1.0
1653728380,C,RSSI,66.0
1653728381,B,Temperature,21.53499984741211
1653728381,B,Humidity,38.8390007019043
1653728381,B,Pressure,102178.0
1653728381,B,Gas,697.5250244140625
1653728381,B,Accelerometer,0.0
1653728381,B,Light,34.0
1653728381,B,MIC,3.0
1653728381,B,RSSI,70.0
1653728383,H,Temperature,21.73600006103516
1653728383,H,Humidity,35.95399856567383
1653728383,H,Pressure,102235.0
1653728383,H,Gas,901.031005859375
1653728383,H,Accelerometer,0.0
1653728383,H,Light,81.0
1653728383,H,IR,0.0
1653728383,H,MIC,3.0
1653728383,D,Temperature,21.114999771118164
1653728383,D,Humidity,36.90900039672852
1653728383,D,Pressure,102242.0
1653728383,D,Gas,539.0579833984375
1653728383,D,Accelerometer,0.0
1653728383,D,Light,452.0
1653728383,D,MIC,3.0
1653728383,D,RSSI,67.0
1653728384,F,Temperature,22.03499984741211
1653728384,F,Humidity,35.73400115966797
1653728384,F,Pressure,102250.0
1653728384,F,Gas,562.5390014648439
1653728384,F,Accelerometer,0.0
1653728384,F,Light,711.0
1653728384,F,MIC,3.0
1653728384,F,RSSI,78.0
1653728384,E,Temperature,20.584999084472656
1653728384,E,Humidity,37.99399948120117
1653728384,E,Pressure,102219.0
1653728384,E,Gas,556.0560302734375
1653728384,E,Accelerometer,0.0
1653728384,E,Light,1031.0
1653728384,E,MIC,3.0
1653728384,E,RSSI,82.0
1653728386,G,Temperature,22.165000915527344
1653728386,G,Humidity,36.77199935913086
1653728386,G,Pressure,102233.0
1653728386,G,Gas,541.489013671875
1653728386,G,Accelerometer,0.0
1653728386,G,Light,1791.0
1653728386,G,MIC,3.0
1653728386,G,RSSI,72.0
1653728386,H,Temperature,21.73600006103516
1653728386,H,Humidity,35.97800064086914
1653728386,H,Pressure,102231.0
1653728386,H,Gas,904.6400146484376
1653728386,H,Accelerometer,0.0
1653728386,H,Light,86.0
1653728386,H,IR,0.0
1653728386,H,MIC,3.0
1653728387,A,Temperature,22.21500015258789
1653728387,A,Humidity,36.17300033569336
1653728387,A,Pressure,102206.0
1653728387,A,Gas,581.7689819335938
1653728387,A,Accelerometer,0.0
1653728387,A,Light,115.0
1653728387,A,MIC,3.0
1653728387,A,RSSI,75.0
1653728389,H,Temperature,21.72599983215332
1653728389,H,Humidity,35.99100112915039
1653728389,H,Pressure,102233.0
1653728389,H,Gas,901.4290161132812
1653728389,H,Accelerometer,0.0
1653728389,H,Light,93.0
1653728389,H,IR,0.0
1653728389,H,MIC,3.0
1653728390,C,Temperature,22.614999771118164
1653728390,C,Humidity,35.20500183105469
1653728390,C,Pressure,102229.0
1653728390,C,Gas,521.8820190429689
1653728390,C,Accelerometer,0.0
1653728390,C,Light,3032.0
1653728390,C,MIC,1.0
1653728390,C,RSSI,77.0
1653728391,B,Temperature,21.524999618530273
1653728391,B,Humidity,38.85599899291992
1653728391,B,Pressure,102174.0
1653728391,B,Gas,697.7579956054688
1653728391,B,Accelerometer,1.0
1653728391,B,Light,39.0
1653728391,B,MIC,3.0
1653728391,B,RSSI,70.0
1653728392,H,Temperature,21.73600006103516
1653728392,H,Humidity,35.965999603271484
1653728392,H,Pressure,102233.0
1653728392,H,Gas,893.3200073242188
1653728392,H,Accelerometer,0.0
1653728392,H,Light,81.0
1653728392,H,IR,0.0
1653728392,H,MIC,3.0
1653728393,D,Temperature,21.114999771118164
1653728393,D,Humidity,36.90599822998047
1653728393,D,Pressure,102242.0
1653728393,D,Gas,535.3179931640625
1653728393,D,Accelerometer,0.0
1653728393,D,Light,462.0
1653728393,D,MIC,3.0
1653728393,D,RSSI,67.0
1653728394,F,Temperature,22.045000076293945
1653728394,F,Humidity,35.709999084472656
1653728394,F,Pressure,102250.0
1653728394,F,Gas,568.7880249023438
1653728394,F,Accelerometer,0.0
1653728394,F,Light,724.0
1653728394,F,MIC,3.0
1653728394,F,RSSI,79.0
1653728394,E,Temperature,20.584999084472656
1653728394,E,Humidity,37.98899841308594
1653728394,E,Pressure,102217.0
1653728394,E,Gas,556.2069702148439
1653728394,E,Accelerometer,0.0
1653728394,E,Light,1055.0
1653728394,E,MIC,3.0
1653728394,E,RSSI,82.0
1653728395,H,Temperature,21.746000289916992
1653728395,H,Humidity,35.95500183105469
1653728395,H,Pressure,102233.0
1653728395,H,Gas,899.3809814453125
1653728395,H,Accelerometer,0.0
1653728395,H,Light,85.0
1653728395,H,IR,0.0
1653728395,H,MIC,3.0
1653728396,G,Temperature,22.174999237060547
1653728396,G,Humidity,36.77199935913086
1653728396,G,Pressure,102233.0
1653728396,G,Gas,538.260986328125
1653728396,G,Accelerometer,0.0
1653728396,G,Light,1773.0
1653728396,G,MIC,3.0
1653728396,G,RSSI,72.0
1653728396,A,Temperature,22.21500015258789
1653728396,A,Humidity,36.16600036621094
1653728396,A,Pressure,102206.0
1653728396,A,Gas,575.322021484375
1653728396,A,Accelerometer,0.0
1653728396,A,Light,115.0
1653728396,A,MIC,3.0
1653728396,A,RSSI,75.0
1653728400,H,Temperature,21.73600006103516
1653728400,H,Humidity,35.970001220703125
1653728400,H,Pressure,102235.0
1653728400,H,Gas,890.4910278320312
1653728400,H,Accelerometer,0.0
1653728400,H,Light,92.0
1653728400,H,IR,0.0
1653728400,H,MIC,3.0
1653728400,C,Temperature,22.614999771118164
1653728400,C,Humidity,35.18199920654297
1653728400,C,Pressure,102229.0
1653728400,C,Gas,521.8670043945311
1653728400,C,Accelerometer,0.0
1653728400,C,Light,2945.0
1653728400,C,MIC,1.0
1653728400,C,RSSI,77.0
1653728401,B,Temperature,21.524999618530273
1653728401,B,Humidity,38.854000091552734
1653728401,B,Pressure,102172.0
1653728401,B,Gas,685.7949829101562
1653728401,B,Accelerometer,0.0
1653728401,B,Light,41.0
1653728401,B,MIC,3.0
1653728401,B,RSSI,70.0
1653728402,H,Temperature,21.746000289916992
1653728402,H,Humidity,35.95899963378906
1653728402,H,Pressure,102233.0
1653728402,H,Gas,884.2689819335938
1653728402,H,Accelerometer,0.0
1653728402,H,Light,87.0
1653728402,H,IR,0.0
1653728402,H,MIC,3.0
1653728403,D,Temperature,21.104999542236328
1653728403,D,Humidity,36.93600082397461
1653728403,D,Pressure,102240.0
1653728403,D,Gas,537.8510131835939
1653728403,D,Accelerometer,0.0
1653728403,D,Light,453.0
1653728403,D,MIC,3.0
1653728403,D,RSSI,67.0
1653728404,F,Temperature,22.045000076293945
1653728404,F,Humidity,35.698001861572266
1653728404,F,Pressure,102250.0
1653728404,F,Gas,568.083984375
1653728404,F,Accelerometer,0.0
1653728404,F,Light,718.0
1653728404,F,MIC,3.0
1653728404,F,RSSI,79.0
1653728404,E,Temperature,20.584999084472656
1653728404,E,Humidity,37.98699951171875
1653728404,E,Pressure,102217.0
1653728404,E,Gas,548.6740112304689
1653728404,E,Accelerometer,0.0
1653728404,E,Light,1047.0
1653728404,E,MIC,3.0
1653728404,E,RSSI,82.0
1653728405,G,Temperature,22.174999237060547
1653728405,G,Humidity,36.77099990844727
1653728405,G,Pressure,102233.0
1653728405,G,Gas,539.156982421875
1653728405,G,Accelerometer,0.0
1653728405,G,Light,1814.0
1653728405,G,MIC,3.0
1653728405,G,RSSI,73.0
1653728405,A,Temperature,22.21500015258789
1653728405,A,Humidity,36.15299987792969
1653728405,A,Pressure,102206.0
1653728405,A,Gas,576.8690185546875
1653728405,A,Accelerometer,0.0
1653728405,A,Light,120.0
1653728405,A,MIC,3.0
1653728405,A,RSSI,82.0
1653728407,H,Temperature,21.73600006103516
1653728407,H,Humidity,35.972999572753906
1653728407,H,Pressure,102235.0
1653728407,H,Gas,884.5349731445312
1653728407,H,Accelerometer,0.0
1653728407,H,Light,97.0
1653728407,H,IR,0.0
1653728407,H,MIC,3.0
1653728408,H,Temperature,21.73600006103516
1653728408,H,Humidity,35.95899963378906
1653728408,H,Pressure,102233.0
1653728408,H,Gas,874.4940185546875
1653728408,H,Accelerometer,0.0
1653728408,H,Light,118.0
1653728408,H,IR,0.0
1653728408,H,MIC,3.0
1653728411,H,Temperature,21.746000289916992
1653728411,H,Humidity,35.970001220703125
1653728411,H,Pressure,102233.0
1653728411,H,Gas,871.8200073242188
1653728411,H,Accelerometer,0.0
1653728411,H,Light,131.0
1653728411,H,IR,0.0
1653728411,H,MIC,3.0
1653728411,C,Temperature,22.614999771118164
1653728411,C,Humidity,35.189998626708984
1653728411,C,Pressure,102227.0
1653728411,C,Gas,521.7429809570311
1653728411,C,Accelerometer,0.0
1653728411,C,Light,3020.0
1653728411,C,MIC,1.0
1653728411,C,RSSI,77.0
1653728411,B,Temperature,21.524999618530273
1653728411,B,Humidity,38.854000091552734
1653728411,B,Pressure,102172.0
1653728411,B,Gas,691.7410278320312
1653728411,B,Accelerometer,0.0
1653728411,B,Light,66.0
1653728411,B,MIC,3.0
1653728411,B,RSSI,70.0
1653728413,H,Temperature,21.73600006103516
1653728413,H,Humidity,36.000999450683594
1653728413,H,Pressure,102233.0
1653728413,H,Gas,886.156982421875
1653728413,H,Accelerometer,0.0
1653728413,H,Light,140.0
1653728413,H,IR,0.0
1653728413,H,MIC,3.0
1653728413,D,Temperature,21.104999542236328
1653728413,D,Humidity,36.88600158691406
1653728413,D,Pressure,102242.0
1653728413,D,Gas,536.1530151367189
1653728413,D,Accelerometer,0.0
1653728413,D,Light,491.0
1653728413,D,MIC,3.0
1653728413,D,RSSI,61.0
1653728414,F,Temperature,22.03499984741211
1653728414,F,Humidity,35.71099853515625
1653728414,F,Pressure,102250.0
1653728414,F,Gas,564.7760009765625
1653728414,F,Accelerometer,0.0
1653728414,F,Light,750.0
1653728414,F,MIC,3.0
1653728414,F,RSSI,79.0
1653728414,E,Temperature,20.575000762939453
1653728414,E,Humidity,38.0
1653728414,E,Pressure,102217.0
1653728414,E,Gas,549.2940063476561
1653728414,E,Accelerometer,0.0
1653728414,E,Light,1129.0
1653728414,E,MIC,3.0
1653728414,E,RSSI,77.0
1653728416,G,Temperature,22.174999237060547
1653728416,G,Humidity,36.77199935913086
1653728416,G,Pressure,102231.0
1653728416,G,Gas,544.1729736328125
1653728416,G,Accelerometer,0.0
1653728416,G,Light,1877.0
1653728416,G,MIC,3.0
1653728416,G,RSSI,73.0
1653728416,A,Temperature,22.21500015258789
1653728416,A,Humidity,36.14799880981445
1653728416,A,Pressure,102204.0
1653728416,A,Gas,582.4760131835938
1653728416,A,Accelerometer,0.0
1653728416,A,Light,133.0
1653728416,A,MIC,3.0
1653728416,A,RSSI,82.0
1653728417,H,Temperature,21.746000289916992
1653728417,H,Humidity,35.999000549316406
1653728417,H,Pressure,102233.0
1653728417,H,Gas,888.5260009765625
1653728417,H,Accelerometer,0.0
1653728417,H,Light,147.0
1653728417,H,IR,0.0
1653728417,H,MIC,3.0
1653728419,H,Temperature,21.756000518798828
1653728419,H,Humidity,36.00199890136719
1653728419,H,Pressure,102229.0
1653728419,H,Gas,895.7830200195312
1653728419,H,Accelerometer,0.0
1653728419,H,Light,149.0
1653728419,H,IR,0.0
1653728419,H,MIC,3.0
1653728420,C,Temperature,22.625
1653728420,C,Humidity,35.18199920654297
1653728420,C,Pressure,102231.0
1653728420,C,Gas,528.4030151367189
1653728420,C,Accelerometer,0.0
1653728420,C,Light,3117.0
1653728420,C,MIC,1.0
1653728420,C,RSSI,77.0
1653728421,B,Temperature,21.53499984741211
1653728421,B,Humidity,38.84400177001953
1653728421,B,Pressure,102172.0
1653728421,B,Gas,680.260009765625
1653728421,B,Accelerometer,0.0
1653728421,B,Light,75.0
1653728421,B,MIC,3.0
1653728421,B,RSSI,70.0
1653728423,H,Temperature,21.746000289916992
1653728423,H,Humidity,36.0359992980957
1653728423,H,Pressure,102229.0
1653728423,H,Gas,897.8040161132812
1653728423,H,Accelerometer,0.0
1653728423,H,Light,147.0
1653728423,H,IR,0.0
1653728423,H,MIC,3.0
1653728423,D,Temperature,21.104999542236328
1653728423,D,Humidity,36.88899993896485
1653728423,D,Pressure,102238.0
1653728423,D,Gas,533.35400390625
1653728423,D,Accelerometer,0.0
1653728423,D,Light,490.0
1653728423,D,MIC,3.0
1653728423,D,RSSI,61.0
1653728424,E,Temperature,20.575000762939453
1653728424,E,Humidity,38.007999420166016
1653728424,E,Pressure,102211.0
1653728424,E,Gas,550.552001953125
1653728424,E,Accelerometer,0.0
1653728424,E,Light,1135.0
1653728424,E,MIC,3.0
1653728424,E,RSSI,77.0
1653728425,F,Temperature,22.045000076293945
1653728425,F,Humidity,35.70000076293945
1653728425,F,Pressure,102250.0
1653728425,F,Gas,562.5570068359375
1653728425,F,Accelerometer,0.0
1653728425,F,Light,774.0
1653728425,F,MIC,3.0
1653728425,F,RSSI,79.0
1653728426,G,Temperature,22.174999237060547
1653728426,G,Humidity,36.77199935913086
1653728426,G,Pressure,102231.0
1653728426,G,Gas,549.8469848632811
1653728426,G,Accelerometer,0.0
1653728426,G,Light,2000.0
1653728426,G,MIC,3.0
1653728426,G,RSSI,73.0
1653728426,A,Temperature,22.21500015258789
1653728426,A,Humidity,36.15499877929688
1653728426,A,Pressure,102206.0
1653728426,A,Gas,580.7620239257812
1653728426,A,Accelerometer,0.0
1653728426,A,Light,148.0
1653728426,A,MIC,3.0
1653728426,A,RSSI,82.0
1653728426,H,Temperature,21.756000518798828
1653728426,H,Humidity,36.01900100708008
1653728426,H,Pressure,102229.0
1653728426,H,Gas,897.5549926757812
1653728426,H,Accelerometer,0.0
1653728426,H,Light,151.0
1653728426,H,IR,0.0
1653728426,H,MIC,3.0
1653728429,H,Temperature,21.756000518798828
1653728429,H,Humidity,36.02899932861328
1653728429,H,Pressure,102229.0
1653728429,H,Gas,904.5679931640624
1653728429,H,Accelerometer,0.0
1653728429,H,Light,150.0
1653728429,H,IR,0.0
1653728429,H,MIC,3.0
1653728430,C,Temperature,22.614999771118164
1653728430,C,Humidity,35.145999908447266
1653728430,C,Pressure,102229.0
1653728430,C,Gas,519.4000244140625
1653728430,C,Accelerometer,0.0
1653728430,C,Light,3218.0
1653728430,C,MIC,1.0
1653728430,C,RSSI,77.0
1653728431,B,Temperature,21.524999618530273
1653728431,B,Humidity,38.834999084472656
1653728431,B,Pressure,102172.0
1653728431,B,Gas,681.2119750976562
1653728431,B,Accelerometer,0.0
1653728431,B,Light,77.0
1653728431,B,MIC,3.0
1653728431,B,RSSI,68.0
1653728432,H,Temperature,21.756000518798828
1653728432,H,Humidity,36.04299926757813
1653728432,H,Pressure,102231.0
1653728432,H,Gas,907.7789916992188
1653728432,H,Accelerometer,0.0
1653728432,H,Light,151.0
1653728432,H,IR,0.0
1653728432,H,MIC,3.0
1653728433,D,Temperature,21.104999542236328
1653728433,D,Humidity,36.91400146484375
1653728433,D,Pressure,102238.0
1653728433,D,Gas,538.0079956054689
1653728433,D,Accelerometer,0.0
1653728433,D,Light,538.0
1653728433,D,MIC,3.0
1653728433,D,RSSI,61.0
1653728434,F,Temperature,22.045000076293945
1653728434,F,Humidity,35.68099975585937
1653728434,F,Pressure,102250.0
1653728434,F,Gas,560.5640258789061
1653728434,F,Accelerometer,0.0
1653728434,F,Light,782.0
1653728434,F,MIC,3.0
1653728434,F,RSSI,79.0
1653728434,E,Temperature,20.575000762939453
1653728434,E,Humidity,37.98899841308594
1653728434,E,Pressure,102217.0
1653728434,E,Gas,546.6209716796875
1653728434,E,Accelerometer,0.0
1653728434,E,Light,1210.0
1653728434,E,MIC,3.0
1653728434,E,RSSI,77.0
1653728435,H,Temperature,21.766000747680664
1653728435,H,Humidity,36.02199935913086
1653728435,H,Pressure,102231.0
1653728435,H,Gas,902.4920043945312
1653728435,H,Accelerometer,0.0
1653728435,H,Light,151.0
1653728435,H,IR,0.0
1653728435,H,MIC,3.0
1653728436,G,Temperature,22.184999465942386
1653728436,G,Humidity,36.75899887084961
1653728436,G,Pressure,102237.0
1653728436,G,Gas,551.2869873046875
1653728436,G,Accelerometer,0.0
1653728436,G,Light,2007.0
1653728436,G,MIC,3.0
1653728436,G,RSSI,73.0
1653728436,A,Temperature,22.21500015258789
1653728436,A,Humidity,36.137001037597656
1653728436,A,Pressure,102204.0
1653728436,A,Gas,579.5040283203125
1653728436,A,Accelerometer,0.0
1653728436,A,Light,150.0
1653728436,A,MIC,3.0
1653728436,A,RSSI,82.0
1653728437,H,Temperature,21.746000289916992
1653728437,H,Humidity,36.053001403808594
1653728437,H,Pressure,102229.0
1653728437,H,Gas,910.656982421875
1653728437,H,Accelerometer,0.0
1653728437,H,Light,151.0
1653728437,H,IR,0.0
1653728437,H,MIC,3.0
1653728440,C,Temperature,22.604999542236328
1653728440,C,Humidity,35.17100143432617
1653728440,C,Pressure,102227.0
1653728440,C,Gas,521.2449951171875
1653728440,C,Accelerometer,0.0
1653728440,C,Light,3176.0
1653728440,C,MIC,1.0
1653728440,C,RSSI,67.0
1653728441,H,Temperature,21.756000518798828
1653728441,H,Humidity,36.02199935913086
1653728441,H,Pressure,102229.0
1653728441,H,Gas,920.5380249023438
1653728441,H,Accelerometer,0.0
1653728441,H,Light,144.0
1653728441,H,IR,0.0
1653728441,H,MIC,3.0
1653728442,B,Temperature,21.53499984741211
1653728442,B,Humidity,38.81999969482422
1653728442,B,Pressure,102170.0
1653728442,B,Gas,686.3319702148438
1653728442,B,Accelerometer,0.0
1653728442,B,Light,71.0
1653728442,B,MIC,3.0
1653728442,B,RSSI,68.0
1653728443,H,Temperature,21.746000289916992
1653728443,H,Humidity,36.05099868774414
1653728443,H,Pressure,102229.0
1653728443,H,Gas,917.1279907226562
1653728443,H,Accelerometer,0.0
1653728443,H,Light,151.0
1653728443,H,IR,0.0
1653728443,H,MIC,3.0
1653728443,D,Temperature,21.104999542236328
1653728443,D,Humidity,36.88800048828125
1653728443,D,Pressure,102240.0
1653728443,D,Gas,539.6110229492189
1653728443,D,Accelerometer,0.0
1653728443,D,Light,540.0
1653728443,D,MIC,3.0
1653728443,D,RSSI,61.0
1653728444,F,Temperature,22.03499984741211
1653728444,F,Humidity,35.68600082397461
1653728444,F,Pressure,102248.0
1653728444,F,Gas,558.8499755859375
1653728444,F,Accelerometer,0.0
1653728444,F,Light,768.0
1653728444,F,MIC,3.0
1653728444,F,RSSI,83.0
1653728444,E,Temperature,20.584999084472656
1653728444,E,Humidity,37.96799850463867
1653728444,E,Pressure,102215.0
1653728444,E,Gas,543.0280151367189
1653728444,E,Accelerometer,0.0
1653728444,E,Light,1211.0
1653728444,E,MIC,3.0
1653728444,E,RSSI,77.0
1653728446,G,Temperature,22.174999237060547
1653728446,G,Humidity,36.79199981689453
1653728446,G,Pressure,102229.0
1653728446,G,Gas,548.2670288085939
1653728446,G,Accelerometer,0.0
1653728446,G,Light,2001.0
1653728446,G,MIC,3.0
1653728446,G,RSSI,73.0
1653728446,A,Temperature,22.225000381469727
1653728446,A,Humidity,36.12200164794922
1653728446,A,Pressure,102206.0
1653728446,A,Gas,579.0659790039062
1653728446,A,Accelerometer,0.0
1653728446,A,Light,149.0
1653728446,A,MIC,3.0
1653728446,A,RSSI,82.0
1653728446,H,Temperature,21.746000289916992
1653728446,H,Humidity,36.0260009765625
1653728446,H,Pressure,102231.0
1653728446,H,Gas,910.4409790039062
1653728446,H,Accelerometer,0.0
1653728446,H,Light,152.0
1653728446,H,IR,0.0
1653728446,H,MIC,3.0
1653728449,H,Temperature,21.746000289916992
1653728449,H,Humidity,36.00899887084961
1653728449,H,Pressure,102229.0
1653728449,H,Gas,914.6649780273438
1653728449,H,Accelerometer,0.0
1653728449,H,Light,152.0
1653728449,H,IR,0.0
1653728449,H,MIC,3.0
1653728450,C,Temperature,22.604999542236328
1653728450,C,Humidity,35.173999786376946
1653728450,C,Pressure,102229.0
1653728450,C,Gas,516.9420166015625
1653728450,C,Accelerometer,0.0
1653728450,C,Light,3183.0
1653728450,C,MIC,1.0
1653728450,C,RSSI,67.0
1653728451,B,Temperature,21.524999618530273
1653728451,B,Humidity,38.89400100708008
1653728451,B,Pressure,102170.0
1653728451,B,Gas,680.9959716796875
1653728451,B,Accelerometer,0.0
1653728451,B,Light,77.0
1653728451,B,MIC,3.0
1653728451,B,RSSI,68.0
1653728453,H,Temperature,21.746000289916992
1653728453,H,Humidity,35.98300170898437
1653728453,H,Pressure,102231.0
1653728453,H,Gas,905.9849853515624
1653728453,H,Accelerometer,0.0
1653728453,H,Light,152.0
1653728453,H,IR,0.0
1653728453,H,MIC,3.0
1653728453,D,Temperature,21.114999771118164
1653728453,D,Humidity,36.88800048828125
1653728453,D,Pressure,102240.0
1653728453,D,Gas,536.9229736328125
1653728453,D,Accelerometer,0.0
1653728453,D,Light,543.0
1653728453,D,MIC,3.0
1653728453,D,RSSI,61.0
1653728454,F,Temperature,22.045000076293945
1653728454,F,Humidity,35.6510009765625
1653728454,F,Pressure,102248.0
1653728454,F,Gas,561.2969970703125
1653728454,F,Accelerometer,0.0
1653728454,F,Light,769.0
1653728454,F,MIC,3.0
1653728454,F,RSSI,83.0
1653728454,E,Temperature,20.575000762939453
1653728454,E,Humidity,37.972999572753906
1653728454,E,Pressure,102215.0
1653728454,E,Gas,546.6300048828125
1653728454,E,Accelerometer,0.0
1653728454,E,Light,1203.0
1653728454,E,MIC,3.0
1653728454,E,RSSI,77.0
1653728456,G,Temperature,22.184999465942386
1653728456,G,Humidity,36.75
1653728456,G,Pressure,102235.0
1653728456,G,Gas,547.14599609375
1653728456,G,Accelerometer,0.0
1653728456,G,Light,1971.0
1653728456,G,MIC,3.0
1653728456,G,RSSI,72.0
1653728456,H,Temperature,21.746000289916992
1653728456,H,Humidity,35.965999603271484
1653728456,H,Pressure,102231.0
1653728456,H,Gas,907.4349975585938
1653728456,H,Accelerometer,0.0
1653728456,H,Light,152.0
1653728456,H,IR,0.0
1653728456,H,MIC,3.0
1653728456,A,Temperature,22.21500015258789
1653728456,A,Humidity,36.15700149536133
1653728456,A,Pressure,102204.0
1653728456,A,Gas,581.7210083007812
1653728456,A,Accelerometer,0.0
1653728456,A,Light,146.0
1653728456,A,MIC,3.0
1653728456,A,RSSI,75.0
1653728459,H,Temperature,21.746000289916992
1653728459,H,Humidity,35.98699951171875
1653728459,H,Pressure,102231.0
1653728459,H,Gas,903.9869995117188
1653728459,H,Accelerometer,0.0
1653728459,H,Light,149.0
1653728459,H,IR,0.0
1653728459,H,MIC,3.0
1653728460,C,Temperature,22.604999542236328
1653728460,C,Humidity,35.207000732421875
1653728460,C,Pressure,102227.0
1653728460,C,Gas,516.1589965820311
1653728460,C,Accelerometer,0.0
1653728460,C,Light,3093.0
1653728460,C,MIC,1.0
1653728460,C,RSSI,67.0
1653728461,B,Temperature,21.53499984741211
1653728461,B,Humidity,38.874000549316406
1653728461,B,Pressure,102172.0
1653728461,B,Gas,684.8319702148438
1653728461,B,Accelerometer,0.0
1653728461,B,Light,76.0
1653728461,B,MIC,3.0
1653728461,B,RSSI,68.0
1653728462,H,Temperature,21.746000289916992
1653728462,H,Humidity,35.97600173950195
1653728462,H,Pressure,102233.0
1653728462,H,Gas,903.14501953125
1653728462,H,Accelerometer,0.0
1653728462,H,Light,138.0
1653728462,H,IR,0.0
1653728462,H,MIC,3.0
1653728463,D,Temperature,21.125
1653728463,D,Humidity,36.85699844360352
1653728463,D,Pressure,102240.0
1653728463,D,Gas,539.1859741210939
1653728463,D,Accelerometer,0.0
1653728463,D,Light,501.0
1653728463,D,MIC,3.0
1653728463,D,RSSI,61.0
1653728464,F,Temperature,22.045000076293945
1653728464,F,Humidity,35.65700149536133
1653728464,F,Pressure,102246.0
1653728464,F,Gas,560.781005859375
1653728464,F,Accelerometer,0.0
1653728464,F,Light,751.0
1653728464,F,MIC,3.0
1653728464,F,RSSI,83.0
1653728464,E,Temperature,20.584999084472656
1653728464,E,Humidity,37.93999862670898
1653728464,E,Pressure,102213.0
1653728464,E,Gas,541.3179931640625
1653728464,E,Accelerometer,0.0
1653728464,E,Light,1137.0
1653728464,E,MIC,3.0
1653728464,E,RSSI,68.0
1653728465,H,Temperature,21.746000289916992
1653728465,H,Humidity,35.98099899291992
1653728465,H,Pressure,102231.0
1653728465,H,Gas,904.0369873046876
1653728465,H,Accelerometer,0.0
1653728465,H,Light,109.0
1653728465,H,IR,0.0
1653728465,H,MIC,3.0
1653728465,G,Temperature,22.184999465942386
1653728465,G,Humidity,36.75699996948242
1653728465,G,Pressure,102233.0
1653728465,G,Gas,548.39501953125
1653728465,G,Accelerometer,0.0
1653728465,G,Light,1811.0
1653728465,G,MIC,3.0
1653728465,G,RSSI,72.0
1653728466,A,Temperature,22.225000381469727
1653728466,A,Humidity,36.17300033569336
1653728466,A,Pressure,102204.0
1653728466,A,Gas,579.5490112304688
1653728466,A,Accelerometer,0.0
1653728466,A,Light,127.0
1653728466,A,MIC,3.0
1653728466,A,RSSI,75.0
1653728468,H,Temperature,21.746000289916992
1653728468,H,Humidity,35.98500061035156
1653728468,H,Pressure,102229.0
1653728468,H,Gas,910.4849853515624
1653728468,H,Accelerometer,0.0
1653728468,H,Light,100.0
1653728468,H,IR,0.0
1653728468,H,MIC,3.0
1653728470,C,Temperature,22.59499931335449
1653728470,C,Humidity,35.222999572753906
1653728470,C,Pressure,102227.0
1653728470,C,Gas,519.6240234375
1653728470,C,Accelerometer,0.0
1653728470,C,Light,2976.0
1653728470,C,MIC,1.0
1653728470,C,RSSI,67.0
1653728471,H,Temperature,21.746000289916992
1653728471,H,Humidity,35.98500061035156
1653728471,H,Pressure,102229.0
1653728471,H,Gas,907.635009765625
1653728471,H,Accelerometer,0.0
1653728471,H,Light,101.0
1653728471,H,IR,0.0
1653728471,H,MIC,3.0
1653728472,B,Temperature,21.53499984741211
1653728472,B,Humidity,38.8489990234375
1653728472,B,Pressure,102174.0
1653728472,B,Gas,683.1489868164062
1653728472,B,Accelerometer,0.0
1653728472,B,Light,48.0
1653728472,B,MIC,3.0
1653728472,B,RSSI,68.0
1653728473,D,Temperature,21.125
1653728473,D,Humidity,36.86999893188477
1653728473,D,Pressure,102240.0
1653728473,D,Gas,537.0830078125
1653728473,D,Accelerometer,0.0
1653728473,D,Light,505.0
1653728473,D,MIC,3.0
1653728473,D,RSSI,61.0
1653728474,H,Temperature,21.746000289916992
1653728474,H,Humidity,35.99100112915039
1653728474,H,Pressure,102229.0
1653728474,H,Gas,902.72998046875
1653728474,H,Accelerometer,0.0
1653728474,H,Light,117.0
1653728474,H,IR,0.0
1653728474,H,MIC,3.0
1653728474,F,Temperature,22.045000076293945
1653728474,F,Humidity,35.645999908447266
1653728474,F,Pressure,102248.0
1653728474,F,Gas,558.0089721679689
1653728474,F,Accelerometer,0.0
1653728474,F,Light,702.0
1653728474,F,MIC,3.0
1653728474,F,RSSI,83.0
1653728474,E,Temperature,20.59499931335449
1653728474,E,Humidity,37.930999755859375
1653728474,E,Pressure,102215.0
1653728474,E,Gas,543.5390014648439
1653728474,E,Accelerometer,0.0
1653728474,E,Light,1167.0
1653728474,E,MIC,3.0
1653728474,E,RSSI,68.0
1653728476,G,Temperature,22.19499969482422
1653728476,G,Humidity,36.70899963378906
1653728476,G,Pressure,102233.0
1653728476,G,Gas,551.35498046875
1653728476,G,Accelerometer,0.0
1653728476,G,Light,1895.0
1653728476,G,MIC,3.0
1653728476,G,RSSI,72.0
1653728476,A,Temperature,22.21500015258789
1653728476,A,Humidity,36.21699905395508
1653728476,A,Pressure,102202.0
1653728476,A,Gas,580.0159912109375
1653728476,A,Accelerometer,0.0
1653728476,A,Light,134.0
1653728476,A,MIC,3.0
1653728476,A,RSSI,75.0
1653728479,H,Temperature,21.756000518798828
1653728479,H,Humidity,35.972999572753906
1653728479,H,Pressure,102231.0
1653728479,H,Gas,905.1099853515624
1653728479,H,Accelerometer,0.0
1653728479,H,Light,134.0
1653728479,H,IR,0.0
1653728479,H,MIC,3.0
1653728480,H,Temperature,21.746000289916992
1653728480,H,Humidity,35.987998962402344
1653728480,H,Pressure,102231.0
1653728480,H,Gas,899.5250244140625
1653728480,H,Accelerometer,0.0
1653728480,H,Light,140.0
1653728480,H,IR,0.0
1653728480,H,MIC,3.0
1653728480,C,Temperature,22.604999542236328
1653728480,C,Humidity,35.21200180053711
1653728480,C,Pressure,102229.0
1653728480,C,Gas,519.8610229492189
1653728480,C,Accelerometer,0.0
1653728480,C,Light,3133.0
1653728480,C,MIC,1.0
1653728480,C,RSSI,67.0
1653728481,B,Temperature,21.53499984741211
1653728481,B,Humidity,38.86299896240234
1653728481,B,Pressure,102172.0
1653728481,B,Gas,687.6110229492188
1653728481,B,Accelerometer,1.0
1653728481,B,Light,72.0
1653728481,B,MIC,3.0
1653728481,B,RSSI,65.0
1653728483,H,Temperature,21.746000289916992
1653728483,H,Humidity,35.970001220703125
1653728483,H,Pressure,102229.0
1653728483,H,Gas,904.56201171875
1653728483,H,Accelerometer,0.0
1653728483,H,Light,127.0
1653728483,H,IR,0.0
1653728483,H,MIC,3.0
1653728483,D,Temperature,21.104999542236328
1653728483,D,Humidity,36.88600158691406
1653728483,D,Pressure,102236.0
1653728483,D,Gas,539.2369995117189
1653728483,D,Accelerometer,0.0
1653728483,D,Light,527.0
1653728483,D,MIC,3.0
1653728483,D,RSSI,61.0
1653728484,F,Temperature,22.03499984741211
1653728484,F,Humidity,35.68000030517578
1653728484,F,Pressure,102246.0
1653728484,F,Gas,556.4169921875
1653728484,F,Accelerometer,0.0
1653728484,F,Light,742.0
1653728484,F,MIC,3.0
1653728484,F,RSSI,83.0
1653728484,E,Temperature,20.584999084472656
1653728484,E,Humidity,37.948001861572266
1653728484,E,Pressure,102213.0
1653728484,E,Gas,544.5579833984375
1653728484,E,Accelerometer,0.0
1653728484,E,Light,1182.0
1653728484,E,MIC,3.0
1653728484,E,RSSI,68.0
1653728485,G,Temperature,22.19499969482422
1653728485,G,Humidity,36.709999084472656
1653728485,G,Pressure,102233.0
1653728485,G,Gas,549.9520263671875
1653728485,G,Accelerometer,0.0
1653728485,G,Light,1929.0
1653728485,G,MIC,3.0
1653728485,G,RSSI,72.0
1653728486,A,Temperature,22.21500015258789
1653728486,A,Humidity,36.22000122070313
1653728486,A,Pressure,102202.0
1653728486,A,Gas,585.9030151367188
1653728486,A,Accelerometer,0.0
1653728486,A,Light,139.0
1653728486,A,MIC,3.0
1653728486,A,RSSI,75.0
1653728486,H,Temperature,21.756000518798828
1653728486,H,Humidity,35.97999954223633
1653728486,H,Pressure,102227.0
1653728486,H,Gas,894.6320190429688
1653728486,H,Accelerometer,0.0
1653728486,H,Light,138.0
1653728486,H,IR,0.0
1653728486,H,MIC,3.0
1653728489,H,Temperature,21.756000518798828
1653728489,H,Humidity,35.97900009155273
1653728489,H,Pressure,102227.0
1653728489,H,Gas,893.6630249023438
1653728489,H,Accelerometer,0.0
1653728489,H,Light,140.0
1653728489,H,IR,0.0
1653728489,H,MIC,3.0
1653728491,C,Temperature,22.59499931335449
1653728491,C,Humidity,35.20500183105469
1653728491,C,Pressure,102229.0
1653728491,C,Gas,524.9310302734375
1653728491,C,Accelerometer,0.0
1653728491,C,Light,3235.0
1653728491,C,MIC,1.0
1653728491,C,RSSI,66.0
1653728491,B,Temperature,21.545000076293945
1653728491,B,Humidity,38.83100128173828
1653728491,B,Pressure,102172.0
1653728491,B,Gas,684.1790161132812
1653728491,B,Accelerometer,0.0
1653728491,B,Light,72.0
1653728491,B,MIC,3.0
1653728491,B,RSSI,65.0
1653728492,H,Temperature,21.756000518798828
1653728492,H,Humidity,35.992000579833984
1653728492,H,Pressure,102231.0
1653728492,H,Gas,903.1510009765624
1653728492,H,Accelerometer,0.0
1653728492,H,Light,141.0
1653728492,H,IR,0.0
1653728492,H,MIC,3.0
1653728493,D,Temperature,21.125
1653728493,D,Humidity,36.849998474121094
1653728493,D,Pressure,102238.0
1653728493,D,Gas,539.6290283203125
1653728493,D,Accelerometer,0.0
1653728493,D,Light,496.0
1653728493,D,MIC,3.0
1653728493,D,RSSI,61.0
1653728494,F,Temperature,22.03499984741211
1653728494,F,Humidity,35.68600082397461
1653728494,F,Pressure,102248.0
1653728494,F,Gas,553.4719848632811
1653728494,F,Accelerometer,0.0
1653728494,F,Light,723.0
1653728494,F,MIC,3.0
1653728494,F,RSSI,83.0
1653728494,E,Temperature,20.59499931335449
1653728494,E,Humidity,37.92599868774414
1653728494,E,Pressure,102211.0
1653728494,E,Gas,538.6329956054689
1653728494,E,Accelerometer,0.0
1653728494,E,Light,1140.0
1653728494,E,MIC,3.0
1653728494,E,RSSI,68.0
1653728495,A,Temperature,22.21500015258789
1653728495,A,Humidity,36.20700073242188
1653728495,A,Pressure,102200.0
1653728495,A,Gas,586.0430297851562
1653728495,A,Accelerometer,0.0
1653728495,A,Light,135.0
1653728495,A,MIC,3.0
1653728495,A,RSSI,75.0
1653728496,G,Temperature,22.19499969482422
1653728496,G,Humidity,36.71099853515625
1653728496,G,Pressure,102231.0
1653728496,G,Gas,551.0079956054689
1653728496,G,Accelerometer,0.0
1653728496,G,Light,1891.0
1653728496,G,MIC,3.0
1653728496,G,RSSI,72.0
1653728496,H,Temperature,21.766000747680664
1653728496,H,Humidity,35.99399948120117
1653728496,H,Pressure,102229.0
1653728496,H,Gas,903.6209716796876
1653728496,H,Accelerometer,0.0
1653728496,H,Light,141.0
1653728496,H,IR,0.0
1653728496,H,MIC,3.0
1653728498,H,Temperature,21.766000747680664
1653728498,H,Humidity,36.03499984741211
1653728498,H,Pressure,102227.0
1653728498,H,Gas,912.4500122070312
1653728498,H,Accelerometer,0.0
1653728498,H,Light,143.0
1653728498,H,IR,0.0
1653728498,H,MIC,3.0
1653728501,C,Temperature,22.59499931335449
1653728501,C,Humidity,35.174999237060554
1653728501,C,Pressure,102225.0
1653728501,C,Gas,521.5479736328125
1653728501,C,Accelerometer,0.0
1653728501,C,Light,3336.0
1653728501,C,MIC,1.0
1653728501,C,RSSI,66.0
1653728501,B,Temperature,21.545000076293945
1653728501,B,Humidity,38.854000091552734
1653728501,B,Pressure,102170.0
1653728501,B,Gas,694.2479858398438
1653728501,B,Accelerometer,0.0
1653728501,B,Light,73.0
1653728501,B,MIC,3.0
1653728501,B,RSSI,65.0
1653728501,H,Temperature,21.766000747680664
1653728501,H,Humidity,36.02799987792969
1653728501,H,Pressure,102229.0
1653728501,H,Gas,908.2379760742188
1653728501,H,Accelerometer,0.0
1653728501,H,Light,141.0
1653728501,H,IR,0.0
1653728501,H,MIC,3.0
1653728503,D,Temperature,21.125
1653728503,D,Humidity,36.854000091552734
1653728503,D,Pressure,102236.0
1653728503,D,Gas,540.7780151367189
1653728503,D,Accelerometer,0.0
1653728503,D,Light,522.0
1653728503,D,MIC,3.0
1653728503,D,RSSI,61.0
1653728504,E,Temperature,20.59499931335449
1653728504,E,Humidity,37.95500183105469
1653728504,E,Pressure,102213.0
1653728504,E,Gas,544.8319702148439
1653728504,E,Accelerometer,0.0
1653728504,E,Light,1176.0
1653728504,E,MIC,3.0
1653728504,E,RSSI,68.0
1653728504,H,Temperature,21.756000518798828
1653728504,H,Humidity,36.04600143432617
1653728504,H,Pressure,102227.0
1653728504,H,Gas,909.7269897460938
1653728504,H,Accelerometer,0.0
1653728504,H,Light,144.0
1653728504,H,IR,0.0
1653728504,H,MIC,3.0
1653728505,F,Temperature,22.045000076293945
1653728505,F,Humidity,35.68600082397461
1653728505,F,Pressure,102246.0
1653728505,F,Gas,552.10400390625
1653728505,F,Accelerometer,0.0
1653728505,F,Light,740.0
1653728505,F,MIC,3.0
1653728505,F,RSSI,83.0
1653728505,G,Temperature,22.19499969482422
1653728505,G,Humidity,36.72600173950195
1653728505,G,Pressure,102233.0
1653728505,G,Gas,547.927978515625
1653728505,G,Accelerometer,0.0
1653728505,G,Light,1971.0
1653728505,G,MIC,3.0
1653728505,G,RSSI,72.0
1653728506,A,Temperature,22.21500015258789
1653728506,A,Humidity,36.183998107910156
1653728506,A,Pressure,102200.0
1653728506,A,Gas,587.0770263671875
1653728506,A,Accelerometer,0.0
1653728506,A,Light,145.0
1653728506,A,MIC,3.0
1653728506,A,RSSI,75.0
1653728507,H,Temperature,21.756000518798828
1653728507,H,Humidity,36.03300094604492
1653728507,H,Pressure,102227.0
1653728507,H,Gas,904.8889770507812
1653728507,H,Accelerometer,0.0
1653728507,H,Light,143.0
1653728507,H,IR,0.0
1653728507,H,MIC,3.0
1653728511,H,Temperature,21.746000289916992
1653728511,H,Humidity,36.020999908447266
1653728511,H,Pressure,102227.0
1653728511,H,Gas,907.5850219726562
1653728511,H,Accelerometer,0.0
1653728511,H,Light,142.0
1653728511,H,IR,0.0
1653728511,H,MIC,3.0
1653728512,C,Temperature,22.604999542236328
1653728512,C,Humidity,35.167999267578125
1653728512,C,Pressure,102227.0
1653728512,C,Gas,520.8679809570311
1653728512,C,Accelerometer,0.0
1653728512,C,Light,3447.0
1653728512,C,MIC,1.0
1653728512,C,RSSI,66.0
1653728512,B,Temperature,21.545000076293945
1653728512,B,Humidity,38.861000061035156
1653728512,B,Pressure,102168.0
1653728512,B,Gas,699.1749877929688
1653728512,B,Accelerometer,0.0
1653728512,B,Light,75.0
1653728512,B,MIC,3.0
1653728512,B,RSSI,65.0
1653728513,H,Temperature,21.746000289916992
1653728513,H,Humidity,36.00600051879883
1653728513,H,Pressure,102225.0
1653728513,H,Gas,919.6909790039062
1653728513,H,Accelerometer,0.0
1653728513,H,Light,142.0
1653728513,H,IR,0.0
1653728513,H,MIC,3.0
1653728513,D,Temperature,21.114999771118164
1653728513,D,Humidity,36.86600112915039
1653728513,D,Pressure,102236.0
1653728513,D,Gas,542.4739990234375
1653728513,D,Accelerometer,0.0
1653728513,D,Light,533.0
1653728513,D,MIC,3.0
1653728513,D,RSSI,60.0
1653728514,F,Temperature,22.03499984741211
1653728514,F,Humidity,35.67399978637695
1653728514,F,Pressure,102248.0
1653728514,F,Gas,562.1849975585939
1653728514,F,Accelerometer,0.0
1653728514,F,Light,737.0
1653728514,F,MIC,3.0
1653728514,F,RSSI,83.0
1653728514,E,Temperature,20.59499931335449
1653728514,E,Humidity,37.95299911499024
1653728514,E,Pressure,102213.0
1653728514,E,Gas,552.3250122070311
1653728514,E,Accelerometer,0.0
1653728514,E,Light,1199.0
1653728514,E,MIC,3.0
1653728514,E,RSSI,82.0
1653728516,A,Temperature,22.225000381469727
1653728516,A,Humidity,36.1619987487793
1653728516,A,Pressure,102200.0
1653728516,A,Gas,587.8809814453125
1653728516,A,Accelerometer,0.0
1653728516,A,Light,145.0
1653728516,A,MIC,3.0
1653728516,A,RSSI,75.0
1653728517,G,Temperature,22.20499992370605
1653728517,G,Humidity,36.70199966430664
1653728517,G,Pressure,102233.0
1653728517,G,Gas,551.4219970703125
1653728517,G,Accelerometer,0.0
1653728517,G,Light,1956.0
1653728517,G,MIC,3.0
1653728517,G,RSSI,72.0
1653728518,H,Temperature,21.746000289916992
1653728518,H,Humidity,35.98500061035156
1653728518,H,Pressure,102225.0
1653728518,H,Gas,923.781982421875
1653728518,H,Accelerometer,0.0
1653728518,H,Light,141.0
1653728518,H,IR,0.0
1653728518,H,MIC,3.0
1653728521,H,Temperature,21.746000289916992
1653728521,H,Humidity,35.98300170898437
1653728521,H,Pressure,102229.0
1653728521,H,Gas,926.6430053710938
1653728521,H,Accelerometer,0.0
1653728521,H,Light,141.0
1653728521,H,IR,0.0
1653728521,H,MIC,3.0
1653728521,C,Temperature,22.59499931335449
1653728521,C,Humidity,35.189998626708984
1653728521,C,Pressure,102225.0
1653728521,C,Gas,514.4849853515625
1653728521,C,Accelerometer,0.0
1653728521,C,Light,3544.0
1653728521,C,MIC,1.0
1653728521,C,RSSI,66.0
1653728521,B,Temperature,21.545000076293945
1653728521,B,Humidity,38.81800079345703
1653728521,B,Pressure,102172.0
1653728521,B,Gas,699.4459838867188
1653728521,B,Accelerometer,0.0
1653728521,B,Light,75.0
1653728521,B,MIC,3.0
1653728521,B,RSSI,65.0
1653728522,H,Temperature,21.746000289916992
1653728522,H,Humidity,35.96200180053711
1653728522,H,Pressure,102229.0
1653728522,H,Gas,917.06201171875
1653728522,H,Accelerometer,0.0
1653728522,H,Light,140.0
1653728522,H,IR,0.0
1653728522,H,MIC,3.0
1653728523,D,Temperature,21.114999771118164
1653728523,D,Humidity,36.86600112915039
1653728523,D,Pressure,102236.0
1653728523,D,Gas,535.6680297851561
1653728523,D,Accelerometer,0.0
1653728523,D,Light,532.0
1653728523,D,MIC,3.0
1653728523,D,RSSI,60.0
1653728524,F,Temperature,22.03499984741211
1653728524,F,Humidity,35.68600082397461
1653728524,F,Pressure,102246.0
1653728524,F,Gas,557.489013671875
1653728524,F,Accelerometer,0.0
1653728524,F,Light,731.0
1653728524,F,MIC,3.0
1653728524,F,RSSI,83.0
1653728524,E,Temperature,20.59499931335449
1653728524,E,Humidity,37.928001403808594
1653728524,E,Pressure,102209.0
1653728524,E,Gas,552.8189697265625
1653728524,E,Accelerometer,0.0
1653728524,E,Light,1194.0
1653728524,E,MIC,3.0
1653728524,E,RSSI,82.0
1653728526,G,Temperature,22.20499992370605
1653728526,G,Humidity,36.70800018310547
1653728526,G,Pressure,102233.0
1653728526,G,Gas,554.6699829101561
1653728526,G,Accelerometer,0.0
1653728526,G,Light,1944.0
1653728526,G,MIC,3.0
1653728526,G,RSSI,72.0
1653728526,A,Temperature,22.225000381469727
1653728526,A,Humidity,36.14099884033203
1653728526,A,Pressure,102200.0
1653728526,A,Gas,588.5670166015625
1653728526,A,Accelerometer,0.0
1653728526,A,Light,143.0
1653728526,A,MIC,3.0
1653728526,A,RSSI,75.0
1653728527,H,Temperature,21.746000289916992
1653728527,H,Humidity,35.94900131225586
1653728527,H,Pressure,102227.0
1653728527,H,Gas,923.7150268554688
1653728527,H,Accelerometer,0.0
1653728527,H,Light,140.0
1653728527,H,IR,0.0
1653728527,H,MIC,3.0
1653728529,H,Temperature,21.756000518798828
1653728529,H,Humidity,35.9370002746582
1653728529,H,Pressure,102227.0
1653728529,H,Gas,912.1740112304688
1653728529,H,Accelerometer,0.0
1653728529,H,Light,139.0
1653728529,H,IR,0.0
1653728529,H,MIC,3.0
1653728531,C,Temperature,22.604999542236328
1653728531,C,Humidity,35.17599868774414
1653728531,C,Pressure,102225.0
1653728531,C,Gas,508.9800109863281
1653728531,C,Accelerometer,0.0
1653728531,C,Light,3652.0
1653728531,C,MIC,1.0
1653728531,C,RSSI,66.0
1653728531,B,Temperature,21.53499984741211
1653728531,B,Humidity,38.85200119018555
1653728531,B,Pressure,102168.0
1653728531,B,Gas,687.4559936523438
1653728531,B,Accelerometer,0.0
1653728531,B,Light,74.0
1653728531,B,MIC,3.0
1653728531,B,RSSI,65.0
1653728532,H,Temperature,21.746000289916992
1653728532,H,Humidity,35.944000244140625
1653728532,H,Pressure,102225.0
1653728532,H,Gas,904.4130249023438
1653728532,H,Accelerometer,0.0
1653728532,H,Light,138.0
1653728532,H,IR,0.0
1653728532,H,MIC,3.0
1653728533,D,Temperature,21.114999771118164
1653728533,D,Humidity,36.85499954223633
1653728533,D,Pressure,102236.0
1653728533,D,Gas,542.52099609375
1653728533,D,Accelerometer,0.0
1653728533,D,Light,531.0
1653728533,D,MIC,3.0
1653728533,D,RSSI,60.0
1653728534,F,Temperature,22.03499984741211
1653728534,F,Humidity,35.6870002746582
1653728534,F,Pressure,102246.0
1653728534,F,Gas,555.1749877929689
1653728534,F,Accelerometer,0.0
1653728534,F,Light,717.0
1653728534,F,MIC,3.0
1653728534,F,RSSI,83.0
1653728534,E,Temperature,20.59499931335449
1653728534,E,Humidity,37.928001403808594
1653728534,E,Pressure,102209.0
1653728534,E,Gas,555.85498046875
1653728534,E,Accelerometer,0.0
1653728534,E,Light,1189.0
1653728534,E,MIC,3.0
1653728534,E,RSSI,82.0
1653728535,H,Temperature,21.756000518798828
1653728535,H,Humidity,35.93099975585937
1653728535,H,Pressure,102227.0
1653728535,H,Gas,899.0159912109375
1653728535,H,Accelerometer,0.0
1653728535,H,Light,138.0
1653728535,H,IR,0.0
1653728535,H,MIC,3.0
1653728536,G,Temperature,22.20499992370605
1653728536,G,Humidity,36.70299911499024
1653728536,G,Pressure,102231.0
1653728536,G,Gas,552.7369995117189
1653728536,G,Accelerometer,0.0
1653728536,G,Light,1924.0
1653728536,G,MIC,3.0
1653728536,G,RSSI,72.0
1653728536,A,Temperature,22.21500015258789
1653728536,A,Humidity,36.13800048828125
1653728536,A,Pressure,102200.0
1653728536,A,Gas,592.1890258789062
1653728536,A,Accelerometer,0.0
1653728536,A,Light,142.0
1653728536,A,MIC,3.0
1653728536,A,RSSI,75.0
1653728538,H,Temperature,21.746000289916992
1653728538,H,Humidity,35.939998626708984
1653728538,H,Pressure,102227.0
1653728538,H,Gas,902.81298828125
1653728538,H,Accelerometer,0.0
1653728538,H,Light,137.0
1653728538,H,IR,0.0
1653728538,H,MIC,3.0
1653728540,C,Temperature,22.604999542236328
1653728540,C,Humidity,35.1870002746582
1653728540,C,Pressure,102225.0
1653728540,C,Gas,512.3389892578125
1653728540,C,Accelerometer,0.0
1653728540,C,Light,3787.0
1653728540,C,MIC,1.0
1653728540,C,RSSI,66.0
1653728541,H,Temperature,21.746000289916992
1653728541,H,Humidity,35.96799850463867
1653728541,H,Pressure,102227.0
1653728541,H,Gas,900.9749755859376
1653728541,H,Accelerometer,0.0
1653728541,H,Light,137.0
1653728541,H,IR,0.0
1653728541,H,MIC,3.0
1653728542,B,Temperature,21.53499984741211
1653728542,B,Humidity,38.89300155639648
1653728542,B,Pressure,102170.0
1653728542,B,Gas,689.7030029296875
1653728542,B,Accelerometer,0.0
1653728542,B,Light,73.0
1653728542,B,MIC,3.0
1653728542,B,RSSI,65.0
1653728544,H,Temperature,21.746000289916992
1653728544,H,Humidity,35.95399856567383
1653728544,H,Pressure,102225.0
1653728544,H,Gas,898.3410034179688
1653728544,H,Accelerometer,0.0
1653728544,H,Light,135.0
1653728544,H,IR,0.0
1653728544,H,MIC,3.0
1653728544,D,Temperature,21.114999771118164
1653728544,D,Humidity,36.867000579833984
1653728544,D,Pressure,102236.0
1653728544,D,Gas,544.239013671875
1653728544,D,Accelerometer,0.0
1653728544,D,Light,528.0
1653728544,D,MIC,3.0
1653728544,D,RSSI,60.0
1653728544,F,Temperature,22.045000076293945
1653728544,F,Humidity,35.67200088500977
1653728544,F,Pressure,102248.0
1653728544,F,Gas,560.8629760742189
1653728544,F,Accelerometer,0.0
1653728544,F,Light,711.0
1653728544,F,MIC,3.0
1653728544,F,RSSI,78.0
1653728544,E,Temperature,20.604999542236328
1653728544,E,Humidity,37.91999816894531
1653728544,E,Pressure,102213.0
1653728544,E,Gas,554.8469848632811
1653728544,E,Accelerometer,0.0
1653728544,E,Light,1178.0
1653728544,E,MIC,3.0
1653728544,E,RSSI,82.0
1653728546,A,Temperature,22.225000381469727
1653728546,A,Humidity,36.14099884033203
1653728546,A,Pressure,102200.0
1653728546,A,Gas,588.8060302734375
1653728546,A,Accelerometer,0.0
1653728546,A,Light,142.0
1653728546,A,MIC,3.0
1653728546,A,RSSI,75.0
1653728548,H,Temperature,21.756000518798828
1653728548,H,Humidity,35.92900085449219
1653728548,H,Pressure,102227.0
1653728548,H,Gas,890.6240234375
1653728548,H,Accelerometer,0.0
1653728548,H,Light,136.0
1653728548,H,IR,0.0
1653728548,H,MIC,3.0
1653728549,G,Temperature,22.20499992370605
1653728549,G,Humidity,36.69200134277344
1653728549,G,Pressure,102231.0
1653728549,G,Gas,555.7509765625
1653728549,G,Accelerometer,0.0
1653728549,G,Light,1938.0
1653728549,G,MIC,3.0
1653728549,G,RSSI,72.0
1653728550,H,Temperature,21.756000518798828
1653728550,H,Humidity,35.95100021362305
1653728550,H,Pressure,102227.0
1653728550,H,Gas,898.4349975585938
1653728550,H,Accelerometer,0.0
1653728550,H,Light,135.0
1653728550,H,IR,0.0
1653728550,H,MIC,3.0
1653728550,C,Temperature,22.604999542236328
1653728550,C,Humidity,35.2140007019043
1653728550,C,Pressure,102227.0
1653728550,C,Gas,506.8059997558594
1653728550,C,Accelerometer,0.0
1653728550,C,Light,3778.0
1653728550,C,MIC,1.0
1653728550,C,RSSI,66.0
1653728551,B,Temperature,21.53499984741211
1653728551,B,Humidity,38.88100051879883
1653728551,B,Pressure,102170.0
1653728551,B,Gas,693.5230102539062
1653728551,B,Accelerometer,0.0
1653728551,B,Light,73.0
1653728551,B,MIC,3.0
1653728551,B,RSSI,65.0
1653728553,H,Temperature,21.756000518798828
1653728553,H,Humidity,35.952999114990234
1653728553,H,Pressure,102225.0
1653728553,H,Gas,902.3590087890624
1653728553,H,Accelerometer,0.0
1653728553,H,Light,135.0
1653728553,H,IR,0.0
1653728553,H,MIC,3.0
1653728554,D,Temperature,21.125
1653728554,D,Humidity,36.84099960327149
1653728554,D,Pressure,102236.0
1653728554,D,Gas,538.7940063476561
1653728554,D,Accelerometer,0.0
1653728554,D,Light,530.0
1653728554,D,MIC,3.0
1653728554,D,RSSI,60.0
1653728554,F,Temperature,22.03499984741211
1653728554,F,Humidity,35.67900085449219
1653728554,F,Pressure,102246.0
1653728554,F,Gas,561.791015625
1653728554,F,Accelerometer,0.0
1653728554,F,Light,704.0
1653728554,F,MIC,3.0
1653728554,F,RSSI,78.0
1653728554,E,Temperature,20.604999542236328
1653728554,E,Humidity,37.90800094604492
1653728554,E,Pressure,102209.0
1653728554,E,Gas,551.1119995117189
1653728554,E,Accelerometer,0.0
1653728554,E,Light,1175.0
1653728554,E,MIC,3.0
1653728554,E,RSSI,82.0
1653728556,G,Temperature,22.20499992370605
1653728556,G,Humidity,36.69400024414063
1653728556,G,Pressure,102233.0
1653728556,G,Gas,554.6170043945311
1653728556,G,Accelerometer,0.0
1653728556,G,Light,1935.0
1653728556,G,MIC,3.0
1653728556,G,RSSI,72.0
1653728556,A,Temperature,22.21500015258789
1653728556,A,Humidity,36.15900039672852
1653728556,A,Pressure,102200.0
1653728556,A,Gas,589.291015625
1653728556,A,Accelerometer,0.0
1653728556,A,Light,142.0
1653728556,A,MIC,3.0
1653728556,A,RSSI,75.0
1653728558,H,Temperature,21.756000518798828
1653728558,H,Humidity,35.97700119018555
1653728558,H,Pressure,102227.0
1653728558,H,Gas,897.6320190429688
1653728558,H,Accelerometer,0.0
1653728558,H,Light,135.0
1653728558,H,IR,0.0
1653728558,H,MIC,3.0
1653728561,H,Temperature,21.766000747680664
1653728561,H,Humidity,35.9640007019043
1653728561,H,Pressure,102229.0
1653728561,H,Gas,900.1010131835938
1653728561,H,Accelerometer,0.0
1653728561,H,Light,135.0
1653728561,H,IR,0.0
1653728561,H,MIC,3.0
1653728561,C,Temperature,22.614999771118164
1653728561,C,Humidity,35.19900131225586
1653728561,C,Pressure,102225.0
1653728561,C,Gas,510.2070007324219
1653728561,C,Accelerometer,0.0
1653728561,C,Light,3677.0
1653728561,C,MIC,1.0
1653728561,C,RSSI,66.0
1653728561,B,Temperature,21.53499984741211
1653728561,B,Humidity,38.861000061035156
1653728561,B,Pressure,102166.0
1653728561,B,Gas,687.7659912109375
1653728561,B,Accelerometer,0.0
1653728561,B,Light,72.0
1653728561,B,MIC,3.0
1653728561,B,RSSI,65.0
1653728562,H,Temperature,21.775999069213867
1653728562,H,Humidity,35.939998626708984
1653728562,H,Pressure,102229.0
1653728562,H,Gas,897.3049926757812
1653728562,H,Accelerometer,0.0
1653728562,H,Light,135.0
1653728562,H,IR,0.0
1653728562,H,MIC,3.0
1653728564,D,Temperature,21.125
1653728564,D,Humidity,36.86899948120117
1653728564,D,Pressure,102236.0
1653728564,D,Gas,539.9739990234375
1653728564,D,Accelerometer,0.0
1653728564,D,Light,524.0
1653728564,D,MIC,3.0
1653728564,D,RSSI,67.0
1653728564,F,Temperature,22.045000076293945
1653728564,F,Humidity,35.66400146484375
1653728564,F,Pressure,102246.0
1653728564,F,Gas,559.427978515625
1653728564,F,Accelerometer,0.0
1653728564,F,Light,695.0
1653728564,F,MIC,3.0
1653728564,F,RSSI,78.0
1653728564,E,Temperature,20.625
1653728564,E,Humidity,37.91899871826172
1653728564,E,Pressure,102211.0
1653728564,E,Gas,558.9299926757811
1653728564,E,Accelerometer,0.0
1653728564,E,Light,1163.0
1653728564,E,MIC,3.0
1653728564,E,RSSI,77.0
1653728565,H,Temperature,21.766000747680664
1653728565,H,Humidity,35.970001220703125
1653728565,H,Pressure,102227.0
1653728565,H,Gas,907.0869750976562
1653728565,H,Accelerometer,0.0
1653728565,H,Light,134.0
1653728565,H,IR,0.0
1653728565,H,MIC,3.0
1653728566,G,Temperature,22.20499992370605
1653728566,G,Humidity,36.70199966430664
1653728566,G,Pressure,102231.0
1653728566,G,Gas,550.7550048828125
1653728566,G,Accelerometer,0.0
1653728566,G,Light,1932.0
1653728566,G,MIC,3.0
1653728566,G,RSSI,72.0
1653728566,A,Temperature,22.225000381469727
1653728566,A,Humidity,36.108001708984375
1653728566,A,Pressure,102200.0
1653728566,A,Gas,583.5650024414062
1653728566,A,Accelerometer,0.0
1653728566,A,Light,141.0
1653728566,A,MIC,3.0
1653728566,A,RSSI,75.0
1653728568,H,Temperature,21.756000518798828
1653728568,H,Humidity,35.99300003051758
1653728568,H,Pressure,102227.0
1653728568,H,Gas,897.7589721679688
1653728568,H,Accelerometer,0.0
1653728568,H,Light,134.0
1653728568,H,IR,0.0
1653728568,H,MIC,3.0
1653728570,C,Temperature,22.625
1653728570,C,Humidity,35.17200088500977
1653728570,C,Pressure,102225.0
1653728570,C,Gas,513.0759887695311
1653728570,C,Accelerometer,0.0
1653728570,C,Light,3592.0
1653728570,C,MIC,1.0
1653728570,C,RSSI,66.0
1653728572,H,Temperature,21.756000518798828
1653728572,H,Humidity,36.00199890136719
1653728572,H,Pressure,102225.0
1653728572,H,Gas,889.7880249023438
1653728572,H,Accelerometer,0.0
1653728572,H,Light,134.0
1653728572,H,IR,0.0
1653728572,H,MIC,3.0
1653728572,B,Temperature,21.53499984741211
1653728572,B,Humidity,38.82400131225586
1653728572,B,Pressure,102170.0
1653728572,B,Gas,687.510986328125
1653728572,B,Accelerometer,0.0
1653728572,B,Light,72.0
1653728572,B,MIC,3.0
1653728572,B,RSSI,65.0
1653728574,D,Temperature,21.125
1653728574,D,Humidity,36.86399841308594
1653728574,D,Pressure,102236.0
1653728574,D,Gas,545.1510009765625
1653728574,D,Accelerometer,0.0
1653728574,D,Light,528.0
1653728574,D,MIC,3.0
1653728574,D,RSSI,67.0
1653728574,H,Temperature,21.746000289916992
1653728574,H,Humidity,36.00199890136719
1653728574,H,Pressure,102225.0
1653728574,H,Gas,897.6430053710938
1653728574,H,Accelerometer,0.0
1653728574,H,Light,134.0
1653728574,H,IR,0.0
1653728574,H,MIC,3.0
1653728574,F,Temperature,22.045000076293945
1653728574,F,Humidity,35.66699981689453
1653728574,F,Pressure,102246.0
1653728574,F,Gas,561.5430297851561
1653728574,F,Accelerometer,0.0
1653728574,F,Light,689.0
1653728574,F,MIC,3.0
1653728574,F,RSSI,78.0
1653728575,E,Temperature,20.625
1653728575,E,Humidity,37.887001037597656
1653728575,E,Pressure,102211.0
1653728575,E,Gas,564.7000122070312
1653728575,E,Accelerometer,0.0
1653728575,E,Light,1165.0
1653728575,E,MIC,3.0
1653728575,E,RSSI,77.0
1653728576,G,Temperature,22.21500015258789
1653728576,G,Humidity,36.691001892089844
1653728576,G,Pressure,102231.0
1653728576,G,Gas,550.6510009765625
1653728576,G,Accelerometer,0.0
1653728576,G,Light,1928.0
1653728576,G,MIC,3.0
1653728576,G,RSSI,72.0
1653728577,A,Temperature,22.225000381469727
1653728577,A,Humidity,36.10499954223633
1653728577,A,Pressure,102198.0
1653728577,A,Gas,587.2160034179688
1653728577,A,Accelerometer,0.0
1653728577,A,Light,141.0
1653728577,A,MIC,3.0
1653728577,A,RSSI,75.0
1653728577,H,Temperature,21.746000289916992
1653728577,H,Humidity,35.97999954223633
1653728577,H,Pressure,102227.0
1653728577,H,Gas,895.8330078125
1653728577,H,Accelerometer,0.0
1653728577,H,Light,134.0
1653728577,H,IR,0.0
1653728577,H,MIC,3.0
1653728580,H,Temperature,21.746000289916992
1653728580,H,Humidity,35.98099899291992
1653728580,H,Pressure,102225.0
1653728580,H,Gas,890.1920166015625
1653728580,H,Accelerometer,0.0
1653728580,H,Light,128.0
1653728580,H,IR,0.0
1653728580,H,MIC,3.0
1653728580,C,Temperature,22.625
1653728580,C,Humidity,35.18000030517578
1653728580,C,Pressure,102223.0
1653728580,C,Gas,525.0770263671875
1653728580,C,Accelerometer,0.0
1653728580,C,Light,3558.0
1653728580,C,MIC,1.0
1653728580,C,RSSI,66.0
1653728581,B,Temperature,21.53499984741211
1653728581,B,Humidity,38.82699966430664
1653728581,B,Pressure,102168.0
1653728581,B,Gas,688.9119873046875
1653728581,B,Accelerometer,0.0
1653728581,B,Light,72.0
1653728581,B,MIC,3.0
1653728581,B,RSSI,68.0
1653728583,H,Temperature,21.73600006103516
1653728583,H,Humidity,35.9900016784668
1653728583,H,Pressure,102227.0
1653728583,H,Gas,896.718994140625
1653728583,H,Accelerometer,0.0
1653728583,H,Light,121.0
1653728583,H,IR,0.0
1653728583,H,MIC,3.0
1653728584,D,Temperature,21.125
1653728584,D,Humidity,36.875
1653728584,D,Pressure,102234.0
1653728584,D,Gas,545.9439697265625
1653728584,D,Accelerometer,0.0
1653728584,D,Light,527.0
1653728584,D,MIC,3.0
1653728584,D,RSSI,67.0
1653728584,F,Temperature,22.045000076293945
1653728584,F,Humidity,35.68299865722656
1653728584,F,Pressure,102244.0
1653728584,F,Gas,566.6749877929688
1653728584,F,Accelerometer,0.0
1653728584,F,Light,683.0
1653728584,F,MIC,3.0
1653728584,F,RSSI,78.0
1653728585,E,Temperature,20.625
1653728585,E,Humidity,37.85499954223633
1653728585,E,Pressure,102211.0
1653728585,E,Gas,561.6890258789061
1653728585,E,Accelerometer,0.0
1653728585,E,Light,1161.0
1653728585,E,MIC,3.0
1653728585,E,RSSI,77.0
1653728586,G,Temperature,22.20499992370605
1653728586,G,Humidity,36.68000030517578
1653728586,G,Pressure,102229.0
1653728586,G,Gas,550.8569946289061
1653728586,G,Accelerometer,0.0
1653728586,G,Light,1924.0
1653728586,G,MIC,3.0
1653728586,G,RSSI,72.0
1653728586,A,Temperature,22.23500061035156
1653728586,A,Humidity,36.1150016784668
1653728586,A,Pressure,102200.0
1653728586,A,Gas,582.4580078125
1653728586,A,Accelerometer,0.0
1653728586,A,Light,140.0
1653728586,A,MIC,3.0
1653728586,A,RSSI,75.0
1653728589,H,Temperature,21.746000289916992
1653728589,H,Humidity,35.97800064086914
1653728589,H,Pressure,102225.0
1653728589,H,Gas,905.4979858398438
1653728589,H,Accelerometer,0.0
1653728589,H,Light,119.0
1653728589,H,IR,0.0
1653728589,H,MIC,3.0
1653728589,H,Temperature,21.746000289916992
1653728589,H,Humidity,35.97700119018555
1653728589,H,Pressure,102227.0
1653728589,H,Gas,895.4459838867188
1653728589,H,Accelerometer,0.0
1653728589,H,Light,104.0
1653728589,H,IR,0.0
1653728589,H,MIC,3.0
1653728591,C,Temperature,22.63500022888184
1653728591,C,Humidity,35.209999084472656
1653728591,C,Pressure,102223.0
1653728591,C,Gas,523.4990234375
1653728591,C,Accelerometer,0.0
1653728591,C,Light,3538.0
1653728591,C,MIC,1.0
1653728591,C,RSSI,63.0
1653728591,B,Temperature,21.53499984741211
1653728591,B,Humidity,38.81900024414063
1653728591,B,Pressure,102164.0
1653728591,B,Gas,687.7000122070312
1653728591,B,Accelerometer,0.0
1653728591,B,Light,53.0
1653728591,B,MIC,3.0
1653728591,B,RSSI,68.0
1653728592,H,Temperature,21.73600006103516
1653728592,H,Humidity,35.999000549316406
1653728592,H,Pressure,102227.0
1653728592,H,Gas,894.4929809570312
1653728592,H,Accelerometer,0.0
1653728592,H,Light,98.0
1653728592,H,IR,0.0
1653728592,H,MIC,3.0
1653728594,D,Temperature,21.125
1653728594,D,Humidity,36.89500045776367
1653728594,D,Pressure,102234.0
1653728594,D,Gas,552.843017578125
1653728594,D,Accelerometer,0.0
1653728594,D,Light,490.0
1653728594,D,MIC,3.0
1653728594,D,RSSI,67.0
1653728594,F,Temperature,22.045000076293945
1653728594,F,Humidity,35.70000076293945
1653728594,F,Pressure,102242.0
1653728594,F,Gas,564.9749755859375
1653728594,F,Accelerometer,0.0
1653728594,F,Light,645.0
1653728594,F,MIC,3.0
1653728594,F,RSSI,79.0
1653728594,E,Temperature,20.614999771118164
1653728594,E,Humidity,37.89099884033203
1653728594,E,Pressure,102211.0
1653728594,E,Gas,557.4600219726561
1653728594,E,Accelerometer,0.0
1653728594,E,Light,1089.0
1653728594,E,MIC,3.0
1653728594,E,RSSI,77.0
1653728595,H,Temperature,21.73600006103516
1653728595,H,Humidity,36.00600051879883
1653728595,H,Pressure,102223.0
1653728595,H,Gas,886.4609985351562
1653728595,H,Accelerometer,0.0
1653728595,H,Light,104.0
1653728595,H,IR,0.0
1653728595,H,MIC,3.0
1653728596,G,Temperature,22.225000381469727
1653728596,G,Humidity,36.6510009765625
1653728596,G,Pressure,102231.0
1653728596,G,Gas,545.5280151367189
1653728596,G,Accelerometer,0.0
1653728596,G,Light,1855.0
1653728596,G,MIC,3.0
1653728596,G,RSSI,72.0
1653728596,A,Temperature,22.225000381469727
1653728596,A,Humidity,36.10699844360352
1653728596,A,Pressure,102198.0
1653728596,A,Gas,581.530029296875
1653728596,A,Accelerometer,0.0
1653728596,A,Light,127.0
1653728596,A,MIC,3.0
1653728596,A,RSSI,75.0
1653728598,H,Temperature,21.73600006103516
1653728598,H,Humidity,35.99599838256836
1653728598,H,Pressure,102225.0
1653728598,H,Gas,885.3820190429688
1653728598,H,Accelerometer,0.0
1653728598,H,Light,114.0
1653728598,H,IR,0.0
1653728598,H,MIC,3.0
1653728601,C,Temperature,22.63500022888184
1653728601,C,Humidity,35.1870002746582
1653728601,C,Pressure,102221.0
1653728601,C,Gas,527.156982421875
1653728601,C,Accelerometer,0.0
1653728601,C,Light,3631.0
1653728601,C,MIC,1.0
1653728601,C,RSSI,63.0
1653728601,B,Temperature,21.53499984741211
1653728601,B,Humidity,38.81800079345703
1653728601,B,Pressure,102166.0
1653728601,B,Gas,690.2849731445312
1653728601,B,Accelerometer,0.0
1653728601,B,Light,62.0
1653728601,B,MIC,3.0
1653728601,B,RSSI,68.0
1653728602,H,Temperature,21.73600006103516
1653728602,H,Humidity,36.012001037597656
1653728602,H,Pressure,102225.0
1653728602,H,Gas,881.635009765625
1653728602,H,Accelerometer,0.0
1653728602,H,Light,122.0
1653728602,H,IR,0.0
1653728602,H,MIC,3.0
1653728604,D,Temperature,21.114999771118164
1653728604,D,Humidity,36.90299987792969
1653728604,D,Pressure,102232.0
1653728604,D,Gas,550.3629760742189
1653728604,D,Accelerometer,0.0
1653728604,D,Light,522.0
1653728604,D,MIC,3.0
1653728604,D,RSSI,67.0
1653728604,H,Temperature,21.746000289916992
1653728604,H,Humidity,35.99700164794922
1653728604,H,Pressure,102225.0
1653728604,H,Gas,897.9639892578125
1653728604,H,Accelerometer,0.0
1653728604,H,Light,114.0
1653728604,H,IR,0.0
1653728604,H,MIC,3.0
1653728604,F,Temperature,22.045000076293945
1653728604,F,Humidity,35.66899871826172
1653728604,F,Pressure,102242.0
1653728604,F,Gas,557.4000244140625
1653728604,F,Accelerometer,0.0
1653728604,F,Light,658.0
1653728604,F,MIC,3.0
1653728604,F,RSSI,79.0
1653728605,E,Temperature,20.614999771118164
1653728605,E,Humidity,37.87799835205078
1653728605,E,Pressure,102209.0
1653728605,E,Gas,560.156982421875
1653728605,E,Accelerometer,0.0
1653728605,E,Light,1145.0
1653728605,E,MIC,3.0
1653728605,E,RSSI,77.0
1653728606,G,Temperature,22.21500015258789
1653728606,G,Humidity,36.66899871826172
1653728606,G,Pressure,102231.0
1653728606,G,Gas,547.1480102539061
1653728606,G,Accelerometer,0.0
1653728606,G,Light,1888.0
1653728606,G,MIC,3.0
1653728606,G,RSSI,72.0
1653728606,A,Temperature,22.225000381469727
1653728606,A,Humidity,36.08599853515625
1653728606,A,Pressure,102197.0
1653728606,A,Gas,579.802978515625
1653728606,A,Accelerometer,0.0
1653728606,A,Light,135.0
1653728606,A,MIC,3.0
1653728606,A,RSSI,82.0
1653728607,H,Temperature,21.73600006103516
1653728607,H,Humidity,36.03900146484375
1653728607,H,Pressure,102223.0
1653728607,H,Gas,897.4829711914062
1653728607,H,Accelerometer,0.0
1653728607,H,Light,123.0
1653728607,H,IR,0.0
1653728607,H,MIC,3.0
1653728610,H,Temperature,21.746000289916992
1653728610,H,Humidity,36.02399826049805
1653728610,H,Pressure,102227.0
1653728610,H,Gas,904.302001953125
1653728610,H,Accelerometer,0.0
1653728610,H,Light,123.0
1653728610,H,IR,0.0
1653728610,H,MIC,3.0
1653728611,C,Temperature,22.65500068664551
1653728611,C,Humidity,35.141998291015625
1653728611,C,Pressure,102223.0
1653728611,C,Gas,527.5819702148439
1653728611,C,Accelerometer,0.0
1653728611,C,Light,3890.0
1653728611,C,MIC,1.0
1653728611,C,RSSI,63.0
1653728611,B,Temperature,21.53499984741211
1653728611,B,Humidity,38.823001861572266
1653728611,B,Pressure,102168.0
1653728611,B,Gas,690.9210205078125
1653728611,B,Accelerometer,0.0
1653728611,B,Light,66.0
1653728611,B,MIC,3.0
1653728611,B,RSSI,68.0
1653728613,H,Temperature,21.746000289916992
1653728613,H,Humidity,36.027000427246094
1653728613,H,Pressure,102225.0
1653728613,H,Gas,910.3909912109376
1653728613,H,Accelerometer,0.0
1653728613,H,Light,120.0
1653728613,H,IR,0.0
1653728613,H,MIC,3.0
1653728614,D,Temperature,21.125
1653728614,D,Humidity,36.847999572753906
1653728614,D,Pressure,102232.0
1653728614,D,Gas,553.2639770507811
1653728614,D,Accelerometer,0.0
1653728614,D,Light,521.0
1653728614,D,MIC,3.0
1653728614,D,RSSI,61.0
1653728614,F,Temperature,22.03499984741211
1653728614,F,Humidity,35.68099975585937
1653728614,F,Pressure,102244.0
1653728614,F,Gas,560.1119995117189
1653728614,F,Accelerometer,0.0
1653728614,F,Light,658.0
1653728614,F,MIC,3.0
1653728614,F,RSSI,79.0
1653728614,E,Temperature,20.604999542236328
1653728614,E,Humidity,37.88999938964844
1653728614,E,Pressure,102211.0
1653728614,E,Gas,563.3759765625
1653728614,E,Accelerometer,0.0
1653728614,E,Light,1143.0
1653728614,E,MIC,3.0
1653728614,E,RSSI,77.0
1653728616,G,Temperature,22.21500015258789
1653728616,G,Humidity,36.66699981689453
1653728616,G,Pressure,102231.0
1653728616,G,Gas,548.2440185546875
1653728616,G,Accelerometer,0.0
1653728616,G,Light,1910.0
1653728616,G,MIC,3.0
1653728616,G,RSSI,72.0
1653728616,A,Temperature,22.225000381469727
1653728616,A,Humidity,36.12699890136719
1653728616,A,Pressure,102198.0
1653728616,A,Gas,577.9010009765625
1653728616,A,Accelerometer,0.0
1653728616,A,Light,139.0
1653728616,A,MIC,3.0
1653728616,A,RSSI,82.0
1653728617,H,Temperature,21.746000289916992
1653728617,H,Humidity,36.06900024414063
1653728617,H,Pressure,102227.0
1653728617,H,Gas,908.4869995117188
1653728617,H,Accelerometer,0.0
1653728617,H,Light,128.0
1653728617,H,IR,0.0
1653728617,H,MIC,3.0
1653728619,H,Temperature,21.73600006103516
1653728619,H,Humidity,36.09400177001953
1653728619,H,Pressure,102227.0
1653728619,H,Gas,920.239013671875
1653728619,H,Accelerometer,0.0
1653728619,H,Light,127.0
1653728619,H,IR,0.0
1653728619,H,MIC,3.0
1653728621,C,Temperature,22.65500068664551
1653728621,C,Humidity,35.145999908447266
1653728621,C,Pressure,102223.0
1653728621,C,Gas,525.4320068359375
1653728621,C,Accelerometer,0.0
1653728621,C,Light,4075.0
1653728621,C,MIC,1.0
1653728621,C,RSSI,63.0
1653728621,B,Temperature,21.53499984741211
1653728621,B,Humidity,38.808998107910156
1653728621,B,Pressure,102170.0
1653728621,B,Gas,677.2930297851562
1653728621,B,Accelerometer,0.0
1653728621,B,Light,69.0
1653728621,B,MIC,3.0
1653728621,B,RSSI,68.0
1653728622,H,Temperature,21.746000289916992
1653728622,H,Humidity,36.07899856567383
1653728622,H,Pressure,102227.0
1653728622,H,Gas,920.8480224609376
1653728622,H,Accelerometer,0.0
1653728622,H,Light,127.0
1653728622,H,IR,0.0
1653728622,H,MIC,3.0
1653728624,D,Temperature,21.125
1653728624,D,Humidity,36.83399963378906
1653728624,D,Pressure,102234.0
1653728624,D,Gas,552.7659912109375
1653728624,D,Accelerometer,0.0
1653728624,D,Light,526.0
1653728624,D,MIC,3.0
1653728624,D,RSSI,61.0
1653728624,F,Temperature,22.045000076293945
1653728624,F,Humidity,35.652000427246094
1653728624,F,Pressure,102246.0
1653728624,F,Gas,562.3270263671875
1653728624,F,Accelerometer,0.0
1653728624,F,Light,663.0
1653728624,F,MIC,3.0
1653728624,F,RSSI,79.0
1653728624,E,Temperature,20.604999542236328
1653728624,E,Humidity,37.887001037597656
1653728624,E,Pressure,102215.0
1653728624,E,Gas,558.8460083007811
1653728624,E,Accelerometer,0.0
1653728624,E,Light,1147.0
1653728624,E,MIC,3.0
1653728624,E,RSSI,77.0
1653728626,A,Temperature,22.23500061035156
1653728626,A,Humidity,36.10200119018555
1653728626,A,Pressure,102202.0
1653728626,A,Gas,577.5780029296875
1653728626,A,Accelerometer,0.0
1653728626,A,Light,139.0
1653728626,A,MIC,3.0
1653728626,A,RSSI,82.0
1653728626,H,Temperature,21.756000518798828
1653728626,H,Humidity,36.05199813842773
1653728626,H,Pressure,102227.0
1653728626,H,Gas,918.1849975585938
1653728626,H,Accelerometer,0.0
1653728626,H,Light,127.0
1653728626,H,IR,0.0
1653728626,H,MIC,3.0
1653728627,G,Temperature,22.21500015258789
1653728627,G,Humidity,36.66799926757813
1653728627,G,Pressure,102231.0
1653728627,G,Gas,549.6170043945311
1653728627,G,Accelerometer,0.0
1653728627,G,Light,1904.0
1653728627,G,MIC,3.0
1653728627,G,RSSI,72.0
1653728629,H,Temperature,21.746000289916992
1653728629,H,Humidity,36.06700134277344
1653728629,H,Pressure,102227.0
1653728629,H,Gas,919.2760009765624
1653728629,H,Accelerometer,0.0
1653728629,H,Light,125.0
1653728629,H,IR,0.0
1653728629,H,MIC,3.0
1653728631,C,Temperature,22.65500068664551
1653728631,C,Humidity,35.16899871826172
1653728631,C,Pressure,102225.0
1653728631,C,Gas,527.9669799804689
1653728631,C,Accelerometer,0.0
1653728631,C,Light,4126.0
1653728631,C,MIC,1.0
1653728631,C,RSSI,63.0
1653728631,B,Temperature,21.53499984741211
1653728631,B,Humidity,38.834999084472656
1653728631,B,Pressure,102168.0
1653728631,B,Gas,677.1380004882812
1653728631,B,Accelerometer,0.0
1653728631,B,Light,65.0
1653728631,B,MIC,3.0
1653728631,B,RSSI,65.0
1653728632,H,Temperature,21.756000518798828
1653728632,H,Humidity,36.027000427246094
1653728632,H,Pressure,102227.0
1653728632,H,Gas,921.4119873046876
1653728632,H,Accelerometer,0.0
1653728632,H,Light,119.0
1653728632,H,IR,0.0
1653728632,H,MIC,3.0
