Time,DeviceId,Sensor,Value
1652473931,D,Temperature,23.46500015258789
1652473931,D,Humidity,37.79600143432617
1652473931,D,Pressure,101677.0
1652473931,D,Gas,3830.989990234375
1652473931,D,Accelerometer,0.0
1652473931,D,Light,1.0
1652473931,D,MIC,2.0
1652473931,D,RSSI,59.0
1652473933,E,Temperature,22.53499984741211
1652473933,E,Humidity,39.95100021362305
1652473933,E,Pressure,101650.0
1652473933,E,Gas,3898.699951171875
1652473933,E,Accelerometer,0.0
1652473933,E,Light,1.0
1652473933,E,MIC,2.0
1652473933,E,RSSI,72.0
1652473935,F,Temperature,23.7549991607666
1652473935,F,Humidity,36.92100143432617
1652473935,F,Pressure,101686.0
1652473935,F,Gas,2943.15087890625
1652473935,F,Accelerometer,0.0
1652473935,F,Light,0.0
1652473935,F,MIC,3.0
1652473935,F,RSSI,91.0
1652473937,C,Temperature,23.024999618530273
1652473937,C,Humidity,40.29199981689453
1652473937,C,Pressure,101668.0
1652473937,C,Gas,1439.0450439453125
1652473937,C,Accelerometer,0.0
1652473937,C,Light,0.0
1652473937,C,MIC,3.0
1652473937,C,RSSI,76.0
1652473939,B,Temperature,23.69499969482422
1652473939,B,Humidity,39.680999755859375
1652473939,B,Pressure,101614.0
1652473939,B,Gas,4864.62109375
1652473939,B,Accelerometer,0.0
1652473939,B,Light,0.0
1652473939,B,MIC,2.0
1652473939,B,RSSI,93.0
1652473939,A,Temperature,23.625
1652473939,A,Humidity,38.70800018310547
1652473939,A,Pressure,101648.0
1652473939,A,Gas,1137.113037109375
1652473939,A,Accelerometer,0.0
1652473939,A,Light,0.0
1652473939,A,MIC,1.0
1652473939,A,RSSI,79.0
1652473940,H,Temperature,23.53499984741211
1652473940,H,Humidity,37.685001373291016
1652473940,H,Pressure,101671.0
1652473940,H,Gas,3823.35107421875
1652473940,H,Accelerometer,0.0
1652473940,H,Light,2.0
1652473940,H,MIC,2.0
1652473940,H,RSSI,79.0
1652473941,D,Temperature,23.46500015258789
1652473941,D,Humidity,37.7859992980957
1652473941,D,Pressure,101676.0
1652473941,D,Gas,3826.843994140625
1652473941,D,Accelerometer,0.0
1652473941,D,Light,1.0
1652473941,D,MIC,2.0
1652473941,D,RSSI,59.0
1652473943,E,Temperature,22.524999618530273
1652473943,E,Humidity,39.95800018310547
1652473943,E,Pressure,101650.0
1652473943,E,Gas,3897.14990234375
1652473943,E,Accelerometer,0.0
1652473943,E,Light,1.0
1652473943,E,MIC,2.0
1652473943,E,RSSI,72.0
1652473945,F,Temperature,23.7450008392334
1652473945,F,Humidity,36.96099853515625
1652473945,F,Pressure,101685.0
1652473945,F,Gas,2938.739990234375
1652473945,F,Accelerometer,0.0
1652473945,F,Light,0.0
1652473945,F,MIC,3.0
1652473945,F,RSSI,91.0
1652473947,C,Temperature,23.0049991607666
1652473947,C,Humidity,40.33700180053711
1652473947,C,Pressure,101669.0
1652473947,C,Gas,1435.1639404296875
1652473947,C,Accelerometer,0.0
1652473947,C,Light,0.0
1652473947,C,MIC,3.0
1652473947,C,RSSI,76.0
1652473949,B,Temperature,23.684999465942386
1652473949,B,Humidity,39.67900085449219
1652473949,B,Pressure,101614.0
1652473949,B,Gas,4856.48388671875
1652473949,B,Accelerometer,0.0
1652473949,B,Light,0.0
1652473949,B,MIC,2.0
1652473949,B,RSSI,93.0
1652473949,A,Temperature,23.625
1652473949,A,Humidity,38.71599960327149
1652473949,A,Pressure,101650.0
1652473949,A,Gas,1125.947998046875
1652473949,A,Accelerometer,0.0
1652473949,A,Light,0.0
1652473949,A,MIC,1.0
1652473949,A,RSSI,79.0
1652473950,H,Temperature,23.53499984741211
1652473950,H,Humidity,37.67300033569336
1652473950,H,Pressure,101673.0
1652473950,H,Gas,3814.764892578125
1652473950,H,Accelerometer,0.0
1652473950,H,Light,2.0
1652473950,H,MIC,2.0
1652473950,H,RSSI,79.0
1652473951,D,Temperature,23.46500015258789
1652473951,D,Humidity,37.79600143432617
1652473951,D,Pressure,101677.0
1652473951,D,Gas,3828.986083984375
1652473951,D,Accelerometer,0.0
1652473951,D,Light,1.0
1652473951,D,MIC,2.0
1652473951,D,RSSI,62.0
1652473953,E,Temperature,22.51499938964844
1652473953,E,Humidity,40.00899887084961
1652473953,E,Pressure,101650.0
1652473953,E,Gas,3890.330078125
1652473953,E,Accelerometer,0.0
1652473953,E,Light,1.0
1652473953,E,MIC,2.0
1652473953,E,RSSI,68.0
1652473955,F,Temperature,23.7450008392334
1652473955,F,Humidity,36.96599960327149
1652473955,F,Pressure,101686.0
1652473955,F,Gas,2941.6240234375
1652473955,F,Accelerometer,0.0
1652473955,F,Light,0.0
1652473955,F,MIC,3.0
1652473955,F,RSSI,91.0
1652473957,C,Temperature,23.0049991607666
1652473957,C,Humidity,40.3390007019043
1652473957,C,Pressure,101669.0
1652473957,C,Gas,1416.81396484375
1652473957,C,Accelerometer,0.0
1652473957,C,Light,0.0
1652473957,C,MIC,3.0
1652473957,C,RSSI,76.0
1652473959,B,Temperature,23.684999465942386
1652473959,B,Humidity,39.67300033569336
1652473959,B,Pressure,101618.0
1652473959,B,Gas,4864.57177734375
1652473959,B,Accelerometer,0.0
1652473959,B,Light,0.0
1652473959,B,MIC,2.0
1652473959,B,RSSI,93.0
1652473959,A,Temperature,23.625
1652473959,A,Humidity,38.75500106811523
1652473959,A,Pressure,101652.0
1652473959,A,Gas,1127.9239501953125
1652473959,A,Accelerometer,0.0
1652473959,A,Light,0.0
1652473959,A,MIC,1.0
1652473959,A,RSSI,79.0
1652473959,H,Temperature,23.524999618530273
1652473959,H,Humidity,37.70399856567383
1652473959,H,Pressure,101671.0
1652473959,H,Gas,3812.489990234375
1652473959,H,Accelerometer,0.0
1652473959,H,Light,2.0
1652473959,H,MIC,2.0
1652473959,H,RSSI,79.0
1652473961,D,Temperature,23.46500015258789
1652473961,D,Humidity,37.790000915527344
1652473961,D,Pressure,101679.0
1652473961,D,Gas,3832.77294921875
1652473961,D,Accelerometer,0.0
1652473961,D,Light,1.0
1652473961,D,MIC,2.0
1652473961,D,RSSI,62.0
1652473963,E,Temperature,22.51499938964844
1652473963,E,Humidity,39.99499893188477
1652473963,E,Pressure,101650.0
1652473963,E,Gas,3887.35791015625
1652473963,E,Accelerometer,0.0
1652473963,E,Light,1.0
1652473963,E,MIC,2.0
1652473963,E,RSSI,68.0
1652473965,F,Temperature,23.73500061035156
1652473965,F,Humidity,36.98099899291992
1652473965,F,Pressure,101686.0
1652473965,F,Gas,2954.6708984375
1652473965,F,Accelerometer,0.0
1652473965,F,Light,0.0
1652473965,F,MIC,3.0
1652473965,F,RSSI,91.0
1652473967,C,Temperature,22.98500061035156
1652473967,C,Humidity,40.36399841308594
1652473967,C,Pressure,101671.0
1652473967,C,Gas,1407.3260498046875
1652473967,C,Accelerometer,0.0
1652473967,C,Light,0.0
1652473967,C,MIC,3.0
1652473967,C,RSSI,76.0
1652473968,B,Temperature,23.684999465942386
1652473968,B,Humidity,39.6879997253418
1652473968,B,Pressure,101618.0
1652473968,B,Gas,4848.40283203125
1652473968,B,Accelerometer,0.0
1652473968,B,Light,0.0
1652473968,B,MIC,2.0
1652473968,B,RSSI,93.0
1652473969,A,Temperature,23.614999771118164
1652473969,A,Humidity,38.77399826049805
1652473969,A,Pressure,101652.0
1652473969,A,Gas,1112.4300537109377
1652473969,A,Accelerometer,0.0
1652473969,A,Light,0.0
1652473969,A,MIC,1.0
1652473969,A,RSSI,79.0
1652473970,H,Temperature,23.51499938964844
1652473970,H,Humidity,37.72600173950195
1652473970,H,Pressure,101667.0
1652473970,H,Gas,3810.198974609375
1652473970,H,Accelerometer,0.0
1652473970,H,Light,2.0
1652473970,H,MIC,2.0
1652473970,H,RSSI,79.0
1652473971,D,Temperature,23.44499969482422
1652473971,D,Humidity,37.81800079345703
1652473971,D,Pressure,101679.0
1652473971,D,Gas,3824.806884765625
1652473971,D,Accelerometer,0.0
1652473971,D,Light,1.0
1652473971,D,MIC,2.0
1652473971,D,RSSI,62.0
1652473973,E,Temperature,22.51499938964844
1652473973,E,Humidity,39.992000579833984
1652473973,E,Pressure,101652.0
1652473973,E,Gas,3883.1669921875
1652473973,E,Accelerometer,0.0
1652473973,E,Light,1.0
1652473973,E,MIC,2.0
1652473973,E,RSSI,68.0
1652473975,F,Temperature,23.7450008392334
1652473975,F,Humidity,36.95100021362305
1652473975,F,Pressure,101686.0
1652473975,F,Gas,2939.52001953125
1652473975,F,Accelerometer,0.0
1652473975,F,Light,0.0
1652473975,F,MIC,3.0
1652473975,F,RSSI,91.0
1652473977,C,Temperature,23.01499938964844
1652473977,C,Humidity,40.305999755859375
1652473977,C,Pressure,101671.0
1652473977,C,Gas,1392.04296875
1652473977,C,Accelerometer,0.0
1652473977,C,Light,1.0
1652473977,C,MIC,3.0
1652473977,C,RSSI,74.0
1652473979,B,Temperature,23.684999465942386
1652473979,B,Humidity,39.66999816894531
1652473979,B,Pressure,101618.0
1652473979,B,Gas,4855.64794921875
1652473979,B,Accelerometer,0.0
1652473979,B,Light,0.0
1652473979,B,MIC,2.0
1652473979,B,RSSI,93.0
1652473979,A,Temperature,23.614999771118164
1652473979,A,Humidity,38.79299926757813
1652473979,A,Pressure,101654.0
1652473979,A,Gas,1105.79296875
1652473979,A,Accelerometer,0.0
1652473979,A,Light,0.0
1652473979,A,MIC,1.0
1652473979,A,RSSI,79.0
1652473979,H,Temperature,23.5049991607666
1652473979,H,Humidity,37.757999420166016
1652473979,H,Pressure,101671.0
1652473979,H,Gas,3803.22412109375
1652473979,H,Accelerometer,0.0
1652473979,H,Light,2.0
1652473979,H,MIC,2.0
1652473979,H,RSSI,79.0
1652473981,D,Temperature,23.46500015258789
1652473981,D,Humidity,37.82500076293945
1652473981,D,Pressure,101679.0
1652473981,D,Gas,3829.43408203125
1652473981,D,Accelerometer,0.0
1652473981,D,Light,1.0
1652473981,D,MIC,3.0
1652473981,D,RSSI,62.0
1652473983,E,Temperature,22.5049991607666
1652473983,E,Humidity,40.02099990844727
1652473983,E,Pressure,101652.0
1652473983,E,Gas,3886.18408203125
1652473983,E,Accelerometer,0.0
1652473983,E,Light,1.0
1652473983,E,MIC,3.0
1652473983,E,RSSI,68.0
1652473987,C,Temperature,22.98500061035156
1652473987,C,Humidity,40.35699844360352
1652473987,C,Pressure,101671.0
1652473987,C,Gas,1394.1190185546875
1652473987,C,Accelerometer,0.0
1652473987,C,Light,1.0
1652473987,C,MIC,3.0
1652473987,C,RSSI,74.0
1652473988,B,Temperature,23.684999465942386
1652473988,B,Humidity,39.691001892089844
1652473988,B,Pressure,101618.0
1652473988,B,Gas,4855.26123046875
1652473988,B,Accelerometer,0.0
1652473988,B,Light,0.0
1652473988,B,MIC,2.0
1652473988,B,RSSI,93.0
1652473989,A,Temperature,23.614999771118164
1652473989,A,Humidity,38.82799911499024
1652473989,A,Pressure,101652.0
1652473989,A,Gas,1090.2440185546877
1652473989,A,Accelerometer,0.0
1652473989,A,Light,0.0
1652473989,A,MIC,1.0
1652473989,A,RSSI,79.0
1652473991,D,Temperature,23.45499992370605
1652473991,D,Humidity,37.83700180053711
1652473991,D,Pressure,101679.0
1652473991,D,Gas,3829.35107421875
1652473991,D,Accelerometer,0.0
1652473991,D,Light,1.0
1652473991,D,MIC,3.0
1652473991,D,RSSI,62.0
1652473992,F,Temperature,23.7549991607666
1652473992,F,Humidity,36.93899917602539
1652473992,F,Pressure,101690.0
1652473992,F,Gas,2938.2080078125
1652473992,F,Accelerometer,0.0
1652473992,F,Light,0.0
1652473992,F,MIC,3.0
1652473992,F,RSSI,83.0
1652473992,H,Temperature,23.5049991607666
1652473992,H,Humidity,37.74800109863281
1652473992,H,Pressure,101671.0
1652473992,H,Gas,3805.654052734375
1652473992,H,Accelerometer,0.0
1652473992,H,Light,2.0
1652473992,H,MIC,3.0
1652473992,H,RSSI,87.0
1652473993,E,Temperature,22.51499938964844
1652473993,E,Humidity,40.0009994506836
1652473993,E,Pressure,101652.0
1652473993,E,Gas,3878.385009765625
1652473993,E,Accelerometer,0.0
1652473993,E,Light,1.0
1652473993,E,MIC,3.0
1652473993,E,RSSI,68.0
1652473995,F,Temperature,23.7549991607666
1652473995,F,Humidity,36.93199920654297
1652473995,F,Pressure,101690.0
1652473995,F,Gas,2940.760009765625
1652473995,F,Accelerometer,0.0
1652473995,F,Light,0.0
1652473995,F,MIC,3.0
1652473995,F,RSSI,83.0
1652473997,C,Temperature,23.0049991607666
1652473997,C,Humidity,40.308998107910156
1652473997,C,Pressure,101671.0
1652473997,C,Gas,1392.9229736328125
1652473997,C,Accelerometer,0.0
1652473997,C,Light,0.0
1652473997,C,MIC,3.0
1652473997,C,RSSI,74.0
1652473999,B,Temperature,23.684999465942386
1652473999,B,Humidity,39.67300033569336
1652473999,B,Pressure,101618.0
1652473999,B,Gas,4857.10400390625
1652473999,B,Accelerometer,0.0
1652473999,B,Light,0.0
1652473999,B,MIC,2.0
1652473999,B,RSSI,93.0
1652473999,A,Temperature,23.625
1652473999,A,Humidity,38.77199935913086
1652473999,A,Pressure,101652.0
1652473999,A,Gas,1088.8160400390623
1652473999,A,Accelerometer,0.0
1652473999,A,Light,0.0
1652473999,A,MIC,1.0
1652473999,A,RSSI,78.0
1652473999,H,Temperature,23.5049991607666
1652473999,H,Humidity,37.73799896240234
1652473999,H,Pressure,101669.0
1652473999,H,Gas,3794.43896484375
1652473999,H,Accelerometer,0.0
1652473999,H,Light,2.0
1652473999,H,MIC,3.0
1652473999,H,RSSI,87.0
1652474001,D,Temperature,23.45499992370605
1652474001,D,Humidity,37.82099914550781
1652474001,D,Pressure,101679.0
1652474001,D,Gas,3834.3779296875
1652474001,D,Accelerometer,0.0
1652474001,D,Light,1.0
1652474001,D,MIC,3.0
1652474001,D,RSSI,53.0
1652474003,E,Temperature,22.51499938964844
1652474003,E,Humidity,40.012001037597656
1652474003,E,Pressure,101650.0
1652474003,E,Gas,3876.884033203125
1652474003,E,Accelerometer,0.0
1652474003,E,Light,1.0
1652474003,E,MIC,3.0
1652474003,E,RSSI,60.0
1652474005,F,Temperature,23.7450008392334
1652474005,F,Humidity,36.97200012207031
1652474005,F,Pressure,101686.0
1652474005,F,Gas,2925.56005859375
1652474005,F,Accelerometer,0.0
1652474005,F,Light,0.0
1652474005,F,MIC,3.0
1652474005,F,RSSI,83.0
1652474007,C,Temperature,22.98500061035156
1652474007,C,Humidity,40.36399841308594
1652474007,C,Pressure,101671.0
1652474007,C,Gas,1392.7459716796875
1652474007,C,Accelerometer,0.0
1652474007,C,Light,0.0
1652474007,C,MIC,3.0
1652474007,C,RSSI,74.0
1652474008,B,Temperature,23.67499923706055
1652474008,B,Humidity,39.69900131225586
1652474008,B,Pressure,101612.0
1652474008,B,Gas,4854.5859375
1652474008,B,Accelerometer,0.0
1652474008,B,Light,0.0
1652474008,B,MIC,2.0
1652474008,B,RSSI,93.0
1652474009,A,Temperature,23.625
1652474009,A,Humidity,38.79899978637695
1652474009,A,Pressure,101652.0
1652474009,A,Gas,1080.4129638671877
1652474009,A,Accelerometer,0.0
1652474009,A,Light,0.0
1652474009,A,MIC,1.0
1652474009,A,RSSI,78.0
1652474009,H,Temperature,23.51499938964844
1652474009,H,Humidity,37.72000122070313
1652474009,H,Pressure,101669.0
1652474009,H,Gas,3803.544921875
1652474009,H,Accelerometer,0.0
1652474009,H,Light,2.0
1652474009,H,MIC,3.0
1652474009,H,RSSI,87.0
1652474011,D,Temperature,23.434999465942386
1652474011,D,Humidity,37.858001708984375
1652474011,D,Pressure,101677.0
1652474011,D,Gas,3822.10498046875
1652474011,D,Accelerometer,0.0
1652474011,D,Light,1.0
1652474011,D,MIC,3.0
1652474011,D,RSSI,53.0
1652474013,E,Temperature,22.51499938964844
1652474013,E,Humidity,39.992000579833984
1652474013,E,Pressure,101650.0
1652474013,E,Gas,3875.97607421875
1652474013,E,Accelerometer,0.0
1652474013,E,Light,1.0
1652474013,E,MIC,3.0
1652474013,E,RSSI,60.0
1652474017,C,Temperature,22.98500061035156
1652474017,C,Humidity,40.36600112915039
1652474017,C,Pressure,101669.0
1652474017,C,Gas,1380.4520263671875
1652474017,C,Accelerometer,0.0
1652474017,C,Light,0.0
1652474017,C,MIC,3.0
1652474017,C,RSSI,74.0
1652474018,F,Temperature,23.7450008392334
1652474018,F,Humidity,36.96599960327149
1652474018,F,Pressure,101688.0
1652474018,F,Gas,2917.528076171875
1652474018,F,Accelerometer,0.0
1652474018,F,Light,0.0
1652474018,F,MIC,3.0
1652474018,F,RSSI,83.0
1652474019,A,Temperature,23.614999771118164
1652474019,A,Humidity,38.78200149536133
1652474019,A,Pressure,101654.0
1652474019,A,Gas,1080.258056640625
1652474019,A,Accelerometer,0.0
1652474019,A,Light,0.0
1652474019,A,MIC,1.0
1652474019,A,RSSI,78.0
1652474019,H,Temperature,23.5049991607666
1652474019,H,Humidity,37.742000579833984
1652474019,H,Pressure,101671.0
1652474019,H,Gas,3813.72998046875
1652474019,H,Accelerometer,0.0
1652474019,H,Light,2.0
1652474019,H,MIC,3.0
1652474019,H,RSSI,87.0
1652474020,B,Temperature,23.684999465942386
1652474020,B,Humidity,39.680999755859375
1652474020,B,Pressure,101618.0
1652474020,B,Gas,4845.6181640625
1652474020,B,Accelerometer,0.0
1652474020,B,Light,0.0
1652474020,B,MIC,2.0
1652474020,B,RSSI,92.0
1652474022,D,Temperature,23.44499969482422
1652474022,D,Humidity,37.83300018310547
1652474022,D,Pressure,101677.0
1652474022,D,Gas,3834.75390625
1652474022,D,Accelerometer,0.0
1652474022,D,Light,1.0
1652474022,D,MIC,3.0
1652474022,D,RSSI,53.0
1652474023,E,Temperature,22.51499938964844
1652474023,E,Humidity,39.983001708984375
1652474023,E,Pressure,101650.0
1652474023,E,Gas,3882.071044921875
1652474023,E,Accelerometer,0.0
1652474023,E,Light,1.0
1652474023,E,MIC,3.0
1652474023,E,RSSI,60.0
1652474025,F,Temperature,23.73500061035156
1652474025,F,Humidity,36.99700164794922
1652474025,F,Pressure,101688.0
1652474025,F,Gas,2913.110107421875
1652474025,F,Accelerometer,0.0
1652474025,F,Light,0.0
1652474025,F,MIC,3.0
1652474025,F,RSSI,83.0
1652474027,C,Temperature,23.0049991607666
1652474027,C,Humidity,40.32099914550781
1652474027,C,Pressure,101671.0
1652474027,C,Gas,1377.8170166015625
1652474027,C,Accelerometer,0.0
1652474027,C,Light,0.0
1652474027,C,MIC,3.0
1652474027,C,RSSI,83.0
1652474029,B,Temperature,23.684999465942386
1652474029,B,Humidity,39.69400024414063
1652474029,B,Pressure,101618.0
1652474029,B,Gas,4861.47705078125
1652474029,B,Accelerometer,0.0
1652474029,B,Light,0.0
1652474029,B,MIC,2.0
1652474029,B,RSSI,92.0
1652474029,A,Temperature,23.614999771118164
1652474029,A,Humidity,38.76800155639648
1652474029,A,Pressure,101652.0
1652474029,A,Gas,1077.0469970703123
1652474029,A,Accelerometer,0.0
1652474029,A,Light,0.0
1652474029,A,MIC,1.0
1652474029,A,RSSI,78.0
1652474030,H,Temperature,23.5049991607666
1652474030,H,Humidity,37.742000579833984
1652474030,H,Pressure,101669.0
1652474030,H,Gas,3834.112060546875
1652474030,H,Accelerometer,0.0
1652474030,H,Light,2.0
1652474030,H,MIC,2.0
1652474030,H,RSSI,87.0
1652474031,D,Temperature,23.44499969482422
1652474031,D,Humidity,37.84500122070313
1652474031,D,Pressure,101679.0
1652474031,D,Gas,3826.68896484375
1652474031,D,Accelerometer,0.0
1652474031,D,Light,1.0
1652474031,D,MIC,3.0
1652474031,D,RSSI,53.0
1652474033,E,Temperature,22.51499938964844
1652474033,E,Humidity,40.0099983215332
1652474033,E,Pressure,101652.0
1652474033,E,Gas,3885.093994140625
1652474033,E,Accelerometer,0.0
1652474033,E,Light,1.0
1652474033,E,MIC,3.0
1652474033,E,RSSI,60.0
1652474035,F,Temperature,23.7450008392334
1652474035,F,Humidity,36.972999572753906
1652474035,F,Pressure,101686.0
1652474035,F,Gas,2922.47705078125
1652474035,F,Accelerometer,0.0
1652474035,F,Light,0.0
1652474035,F,MIC,3.0
1652474035,F,RSSI,83.0
1652474037,C,Temperature,23.024999618530273
1652474037,C,Humidity,40.26900100708008
1652474037,C,Pressure,101669.0
1652474037,C,Gas,1374.905029296875
1652474037,C,Accelerometer,0.0
1652474037,C,Light,0.0
1652474037,C,MIC,3.0
1652474037,C,RSSI,83.0
1652474039,B,Temperature,23.684999465942386
1652474039,B,Humidity,39.678001403808594
1652474039,B,Pressure,101618.0
1652474039,B,Gas,4876.60595703125
1652474039,B,Accelerometer,0.0
1652474039,B,Light,0.0
1652474039,B,MIC,2.0
1652474039,B,RSSI,92.0
1652474039,A,Temperature,23.625
1652474039,A,Humidity,38.73199844360352
1652474039,A,Pressure,101652.0
1652474039,A,Gas,1074.240966796875
1652474039,A,Accelerometer,0.0
1652474039,A,Light,0.0
1652474039,A,MIC,1.0
1652474039,A,RSSI,78.0
1652474040,H,Temperature,23.5049991607666
1652474040,H,Humidity,37.74700164794922
1652474040,H,Pressure,101671.0
1652474040,H,Gas,3845.864013671875
1652474040,H,Accelerometer,0.0
1652474040,H,Light,2.0
1652474040,H,MIC,2.0
1652474040,H,RSSI,87.0
1652474041,D,Temperature,23.45499992370605
1652474041,D,Humidity,37.82500076293945
1652474041,D,Pressure,101679.0
1652474041,D,Gas,3846.72705078125
1652474041,D,Accelerometer,0.0
1652474041,D,Light,1.0
1652474041,D,MIC,2.0
1652474041,D,RSSI,53.0
1652474043,E,Temperature,22.5049991607666
1652474043,E,Humidity,40.02399826049805
1652474043,E,Pressure,101650.0
1652474043,E,Gas,3878.56689453125
1652474043,E,Accelerometer,0.0
1652474043,E,Light,1.0
1652474043,E,MIC,3.0
1652474043,E,RSSI,60.0
1652474045,F,Temperature,23.73500061035156
1652474045,F,Humidity,36.986000061035156
1652474045,F,Pressure,101688.0
1652474045,F,Gas,2915.202880859375
1652474045,F,Accelerometer,0.0
1652474045,F,Light,0.0
1652474045,F,MIC,3.0
1652474045,F,RSSI,83.0
1652474047,C,Temperature,23.045000076293945
1652474047,C,Humidity,40.19499969482422
1652474047,C,Pressure,101671.0
1652474047,C,Gas,1376.094970703125
1652474047,C,Accelerometer,0.0
1652474047,C,Light,0.0
1652474047,C,MIC,3.0
1652474047,C,RSSI,83.0
1652474049,B,Temperature,23.684999465942386
1652474049,B,Humidity,39.67200088500977
1652474049,B,Pressure,101618.0
1652474049,B,Gas,4876.84423828125
1652474049,B,Accelerometer,0.0
1652474049,B,Light,0.0
1652474049,B,MIC,2.0
1652474049,B,RSSI,92.0
1652474049,A,Temperature,23.625
1652474049,A,Humidity,38.749000549316406
1652474049,A,Pressure,101652.0
1652474049,A,Gas,1087.4210205078123
1652474049,A,Accelerometer,0.0
1652474049,A,Light,0.0
1652474049,A,MIC,1.0
1652474049,A,RSSI,78.0
1652474049,H,Temperature,23.4950008392334
1652474049,H,Humidity,37.76900100708008
1652474049,H,Pressure,101673.0
1652474049,H,Gas,3836.48095703125
1652474049,H,Accelerometer,0.0
1652474049,H,Light,2.0
1652474049,H,MIC,2.0
1652474049,H,RSSI,87.0
1652474051,D,Temperature,23.44499969482422
1652474051,D,Humidity,37.854000091552734
1652474051,D,Pressure,101676.0
1652474051,D,Gas,3847.840087890625
1652474051,D,Accelerometer,0.0
1652474051,D,Light,1.0
1652474051,D,MIC,2.0
1652474051,D,RSSI,54.0
1652474053,E,Temperature,22.51499938964844
1652474053,E,Humidity,39.98500061035156
1652474053,E,Pressure,101652.0
1652474053,E,Gas,3875.970947265625
1652474053,E,Accelerometer,0.0
1652474053,E,Light,1.0
1652474053,E,MIC,3.0
1652474053,E,RSSI,70.0
1652474055,F,Temperature,23.73500061035156
1652474055,F,Humidity,36.98400115966797
1652474055,F,Pressure,101688.0
1652474055,F,Gas,2923.594970703125
1652474055,F,Accelerometer,0.0
1652474055,F,Light,0.0
1652474055,F,MIC,3.0
1652474055,F,RSSI,83.0
1652474057,C,Temperature,23.01499938964844
1652474057,C,Humidity,40.2859992980957
1652474057,C,Pressure,101668.0
1652474057,C,Gas,1369.31494140625
1652474057,C,Accelerometer,0.0
1652474057,C,Light,0.0
1652474057,C,MIC,3.0
1652474057,C,RSSI,83.0
1652474059,B,Temperature,23.684999465942386
1652474059,B,Humidity,39.68999862670898
1652474059,B,Pressure,101618.0
1652474059,B,Gas,4877.619140625
1652474059,B,Accelerometer,0.0
1652474059,B,Light,0.0
1652474059,B,MIC,2.0
1652474059,B,RSSI,92.0
1652474059,A,Temperature,23.625
1652474059,A,Humidity,38.749000549316406
1652474059,A,Pressure,101652.0
1652474059,A,Gas,1066.4530029296877
1652474059,A,Accelerometer,0.0
1652474059,A,Light,0.0
1652474059,A,MIC,1.0
1652474059,A,RSSI,78.0
1652474060,H,Temperature,23.4950008392334
1652474060,H,Humidity,37.75
1652474060,H,Pressure,101671.0
1652474060,H,Gas,3823.212890625
1652474060,H,Accelerometer,0.0
1652474060,H,Light,2.0
1652474060,H,MIC,2.0
1652474060,H,RSSI,87.0
1652474061,D,Temperature,23.44499969482422
1652474061,D,Humidity,37.85499954223633
1652474061,D,Pressure,101677.0
1652474061,D,Gas,3839.60302734375
1652474061,D,Accelerometer,0.0
1652474061,D,Light,1.0
1652474061,D,MIC,2.0
1652474061,D,RSSI,54.0
1652474063,E,Temperature,22.51499938964844
1652474063,E,Humidity,40.012001037597656
1652474063,E,Pressure,101650.0
1652474063,E,Gas,3872.344970703125
1652474063,E,Accelerometer,0.0
1652474063,E,Light,1.0
1652474063,E,MIC,3.0
1652474063,E,RSSI,70.0
1652474067,F,Temperature,23.73500061035156
1652474067,F,Humidity,36.96500015258789
1652474067,F,Pressure,101688.0
1652474067,F,Gas,2923.047119140625
1652474067,F,Accelerometer,0.0
1652474067,F,Light,0.0
1652474067,F,MIC,3.0
1652474067,F,RSSI,83.0
1652474067,C,Temperature,23.024999618530273
1652474067,C,Humidity,40.27899932861328
1652474067,C,Pressure,101669.0
1652474067,C,Gas,1362.4449462890625
1652474067,C,Accelerometer,0.0
1652474067,C,Light,0.0
1652474067,C,MIC,3.0
1652474067,C,RSSI,83.0
1652474068,B,Temperature,23.684999465942386
1652474068,B,Humidity,39.68899917602539
1652474068,B,Pressure,101620.0
1652474068,B,Gas,4882.52880859375
1652474068,B,Accelerometer,0.0
1652474068,B,Light,0.0
1652474068,B,MIC,2.0
1652474068,B,RSSI,91.0
1652474069,A,Temperature,23.614999771118164
1652474069,A,Humidity,38.77199935913086
1652474069,A,Pressure,101654.0
1652474069,A,Gas,1076.5989990234377
1652474069,A,Accelerometer,0.0
1652474069,A,Light,0.0
1652474069,A,MIC,1.0
1652474069,A,RSSI,78.0
1652474069,H,Temperature,23.4950008392334
1652474069,H,Humidity,37.76599884033203
1652474069,H,Pressure,101671.0
1652474069,H,Gas,3830.791015625
1652474069,H,Accelerometer,0.0
1652474069,H,Light,2.0
1652474069,H,MIC,2.0
1652474069,H,RSSI,87.0
1652474071,D,Temperature,23.44499969482422
1652474071,D,Humidity,37.85599899291992
1652474071,D,Pressure,101677.0
1652474071,D,Gas,3849.139892578125
1652474071,D,Accelerometer,0.0
1652474071,D,Light,1.0
1652474071,D,MIC,2.0
1652474071,D,RSSI,54.0
1652474073,E,Temperature,22.51499938964844
1652474073,E,Humidity,40.00699996948242
1652474073,E,Pressure,101652.0
1652474073,E,Gas,3872.611083984375
1652474073,E,Accelerometer,0.0
1652474073,E,Light,1.0
1652474073,E,MIC,3.0
1652474073,E,RSSI,70.0
1652474075,F,Temperature,23.7450008392334
1652474075,F,Humidity,36.95100021362305
1652474075,F,Pressure,101690.0
1652474075,F,Gas,2936.7470703125
1652474075,F,Accelerometer,0.0
1652474075,F,Light,0.0
1652474075,F,MIC,3.0
1652474075,F,RSSI,83.0
1652474077,C,Temperature,23.01499938964844
1652474077,C,Humidity,40.28900146484375
1652474077,C,Pressure,101671.0
1652474077,C,Gas,1361.177001953125
1652474077,C,Accelerometer,0.0
1652474077,C,Light,0.0
1652474077,C,MIC,3.0
1652474077,C,RSSI,78.0
1652474080,H,Temperature,23.4950008392334
1652474080,H,Humidity,37.78499984741211
1652474080,H,Pressure,101673.0
1652474080,H,Gas,3847.72412109375
1652474080,H,Accelerometer,0.0
1652474080,H,Light,2.0
1652474080,H,MIC,2.0
1652474080,H,RSSI,87.0
1652474080,B,Temperature,23.67499923706055
1652474080,B,Humidity,39.68199920654297
1652474080,B,Pressure,101614.0
1652474080,B,Gas,4876.90478515625
1652474080,B,Accelerometer,0.0
1652474080,B,Light,0.0
1652474080,B,MIC,2.0
1652474080,B,RSSI,91.0
1652474080,A,Temperature,23.614999771118164
1652474080,A,Humidity,38.76900100708008
1652474080,A,Pressure,101652.0
1652474080,A,Gas,1083.8060302734377
1652474080,A,Accelerometer,0.0
1652474080,A,Light,0.0
1652474080,A,MIC,1.0
1652474080,A,RSSI,78.0
1652474081,D,Temperature,23.44499969482422
1652474081,D,Humidity,37.86999893188477
1652474081,D,Pressure,101679.0
1652474081,D,Gas,3832.096923828125
1652474081,D,Accelerometer,0.0
1652474081,D,Light,1.0
1652474081,D,MIC,2.0
1652474081,D,RSSI,54.0
1652474083,E,Temperature,22.51499938964844
1652474083,E,Humidity,40.02099990844727
1652474083,E,Pressure,101650.0
1652474083,E,Gas,3869.777099609375
1652474083,E,Accelerometer,0.0
1652474083,E,Light,1.0
1652474083,E,MIC,3.0
1652474083,E,RSSI,70.0
1652474085,F,Temperature,23.73500061035156
1652474085,F,Humidity,37.0009994506836
1652474085,F,Pressure,101690.0
1652474085,F,Gas,2928.083984375
1652474085,F,Accelerometer,0.0
1652474085,F,Light,0.0
1652474085,F,MIC,3.0
1652474085,F,RSSI,78.0
1652474087,C,Temperature,22.9950008392334
1652474087,C,Humidity,40.34400177001953
1652474087,C,Pressure,101673.0
1652474087,C,Gas,1358.7750244140625
1652474087,C,Accelerometer,0.0
1652474087,C,Light,0.0
1652474087,C,MIC,3.0
1652474087,C,RSSI,78.0
1652474089,B,Temperature,23.684999465942386
1652474089,B,Humidity,39.680999755859375
1652474089,B,Pressure,101620.0
1652474089,B,Gas,4875.205078125
1652474089,B,Accelerometer,0.0
1652474089,B,Light,0.0
1652474089,B,MIC,2.0
1652474089,B,RSSI,91.0
1652474090,H,Temperature,23.4950008392334
1652474090,H,Humidity,37.78499984741211
1652474090,H,Pressure,101671.0
1652474090,H,Gas,3862.22607421875
1652474090,H,Accelerometer,0.0
1652474090,H,Light,2.0
1652474090,H,MIC,2.0
1652474090,H,RSSI,82.0
1652474090,A,Temperature,23.614999771118164
1652474090,A,Humidity,38.722999572753906
1652474090,A,Pressure,101654.0
1652474090,A,Gas,1080.866943359375
1652474090,A,Accelerometer,0.0
1652474090,A,Light,0.0
1652474090,A,MIC,1.0
1652474090,A,RSSI,78.0
1652474091,D,Temperature,23.45499992370605
1652474091,D,Humidity,37.85200119018555
1652474091,D,Pressure,101681.0
1652474091,D,Gas,3825.93603515625
1652474091,D,Accelerometer,0.0
1652474091,D,Light,1.0
1652474091,D,MIC,2.0
1652474091,D,RSSI,54.0
1652474093,E,Temperature,22.5049991607666
1652474093,E,Humidity,40.01599884033203
1652474093,E,Pressure,101652.0
1652474093,E,Gas,3872.837890625
1652474093,E,Accelerometer,0.0
1652474093,E,Light,1.0
1652474093,E,MIC,3.0
1652474093,E,RSSI,70.0
1652474095,F,Temperature,23.73500061035156
1652474095,F,Humidity,36.98799896240234
1652474095,F,Pressure,101688.0
1652474095,F,Gas,2942.7529296875
1652474095,F,Accelerometer,0.0
1652474095,F,Light,0.0
1652474095,F,MIC,3.0
1652474095,F,RSSI,78.0
1652474097,C,Temperature,22.98500061035156
1652474097,C,Humidity,40.367000579833984
1652474097,C,Pressure,101673.0
1652474097,C,Gas,1350.0560302734375
1652474097,C,Accelerometer,0.0
1652474097,C,Light,0.0
1652474097,C,MIC,3.0
1652474097,C,RSSI,78.0
1652474099,B,Temperature,23.67499923706055
1652474099,B,Humidity,39.71799850463867
1652474099,B,Pressure,101614.0
1652474099,B,Gas,4873.89892578125
1652474099,B,Accelerometer,0.0
1652474099,B,Light,0.0
1652474099,B,MIC,2.0
1652474099,B,RSSI,91.0
1652474099,A,Temperature,23.614999771118164
1652474099,A,Humidity,38.70500183105469
1652474099,A,Pressure,101654.0
1652474099,A,Gas,1092.530029296875
1652474099,A,Accelerometer,0.0
1652474099,A,Light,0.0
1652474099,A,MIC,1.0
1652474099,A,RSSI,78.0
1652474100,H,Temperature,23.4950008392334
1652474100,H,Humidity,37.77899932861328
1652474100,H,Pressure,101671.0
1652474100,H,Gas,3884.251953125
1652474100,H,Accelerometer,0.0
1652474100,H,Light,2.0
1652474100,H,MIC,2.0
1652474100,H,RSSI,82.0
1652474101,D,Temperature,23.44499969482422
1652474101,D,Humidity,37.84700012207031
1652474101,D,Pressure,101679.0
1652474101,D,Gas,3820.987060546875
1652474101,D,Accelerometer,0.0
1652474101,D,Light,1.0
1652474101,D,MIC,2.0
1652474101,D,RSSI,60.0
1652474103,E,Temperature,22.5049991607666
1652474103,E,Humidity,40.01599884033203
1652474103,E,Pressure,101654.0
1652474103,E,Gas,3873.6298828125
1652474103,E,Accelerometer,0.0
1652474103,E,Light,1.0
1652474103,E,MIC,3.0
1652474103,E,RSSI,73.0
1652474105,F,Temperature,23.73500061035156
1652474105,F,Humidity,36.98400115966797
1652474105,F,Pressure,101692.0
1652474105,F,Gas,2931.56591796875
1652474105,F,Accelerometer,0.0
1652474105,F,Light,0.0
1652474105,F,MIC,3.0
1652474105,F,RSSI,78.0
1652474108,C,Temperature,22.96500015258789
1652474108,C,Humidity,40.433998107910156
1652474108,C,Pressure,101673.0
1652474108,C,Gas,1369.0870361328125
1652474108,C,Accelerometer,0.0
1652474108,C,Light,0.0
1652474108,C,MIC,3.0
1652474108,C,RSSI,78.0
1652474109,B,Temperature,23.684999465942386
1652474109,B,Humidity,39.685001373291016
1652474109,B,Pressure,101620.0
1652474109,B,Gas,4863.796875
1652474109,B,Accelerometer,0.0
1652474109,B,Light,0.0
1652474109,B,MIC,2.0
1652474109,B,RSSI,91.0
1652474110,A,Temperature,23.614999771118164
1652474110,A,Humidity,38.67499923706055
1652474110,A,Pressure,101654.0
1652474110,A,Gas,1122.58203125
1652474110,A,Accelerometer,0.0
1652474110,A,Light,0.0
1652474110,A,MIC,1.0
1652474110,A,RSSI,78.0
1652474110,H,Temperature,23.4950008392334
1652474110,H,Humidity,37.79600143432617
1652474110,H,Pressure,101671.0
1652474110,H,Gas,3905.60205078125
1652474110,H,Accelerometer,0.0
1652474110,H,Light,2.0
1652474110,H,MIC,2.0
1652474110,H,RSSI,82.0
1652474112,D,Temperature,23.44499969482422
1652474112,D,Humidity,37.861000061035156
1652474112,D,Pressure,101679.0
1652474112,D,Gas,3830.93994140625
1652474112,D,Accelerometer,0.0
1652474112,D,Light,1.0
1652474112,D,MIC,2.0
1652474112,D,RSSI,60.0
1652474113,E,Temperature,22.5049991607666
1652474113,E,Humidity,40.06499862670898
1652474113,E,Pressure,101656.0
1652474113,E,Gas,3869.15087890625
1652474113,E,Accelerometer,0.0
1652474113,E,Light,1.0
1652474113,E,MIC,3.0
1652474113,E,RSSI,73.0
1652474115,F,Temperature,23.72500038146973
1652474115,F,Humidity,37.00899887084961
1652474115,F,Pressure,101690.0
1652474115,F,Gas,2922.155029296875
1652474115,F,Accelerometer,0.0
1652474115,F,Light,0.0
1652474115,F,MIC,3.0
1652474115,F,RSSI,78.0
1652474118,C,Temperature,22.96500015258789
1652474118,C,Humidity,40.41799926757813
1652474118,C,Pressure,101671.0
1652474118,C,Gas,1367.14404296875
1652474118,C,Accelerometer,0.0
1652474118,C,Light,0.0
1652474118,C,MIC,3.0
1652474118,C,RSSI,78.0
1652474119,B,Temperature,23.684999465942386
1652474119,B,Humidity,39.678001403808594
1652474119,B,Pressure,101618.0
1652474119,B,Gas,4876.3671875
1652474119,B,Accelerometer,0.0
1652474119,B,Light,0.0
1652474119,B,MIC,2.0
1652474119,B,RSSI,93.0
1652474119,A,Temperature,23.604999542236328
1652474119,A,Humidity,38.73699951171875
1652474119,A,Pressure,101652.0
1652474119,A,Gas,1125.6710205078123
1652474119,A,Accelerometer,0.0
1652474119,A,Light,0.0
1652474119,A,MIC,1.0
1652474119,A,RSSI,78.0
1652474120,H,Temperature,23.4950008392334
1652474120,H,Humidity,37.79899978637695
1652474120,H,Pressure,101671.0
1652474120,H,Gas,3922.06494140625
1652474120,H,Accelerometer,0.0
1652474120,H,Light,2.0
1652474120,H,MIC,2.0
1652474120,H,RSSI,82.0
1652474122,D,Temperature,23.44499969482422
1652474122,D,Humidity,37.86199951171875
1652474122,D,Pressure,101679.0
1652474122,D,Gas,3822.658935546875
1652474122,D,Accelerometer,0.0
1652474122,D,Light,1.0
1652474122,D,MIC,2.0
1652474122,D,RSSI,60.0
1652474123,E,Temperature,22.5049991607666
1652474123,E,Humidity,40.055999755859375
1652474123,E,Pressure,101654.0
1652474123,E,Gas,3862.281982421875
1652474123,E,Accelerometer,0.0
1652474123,E,Light,1.0
1652474123,E,MIC,3.0
1652474123,E,RSSI,73.0
1652474126,F,Temperature,23.72500038146973
1652474126,F,Humidity,36.99700164794922
1652474126,F,Pressure,101686.0
1652474126,F,Gas,2924.114990234375
1652474126,F,Accelerometer,0.0
1652474126,F,Light,0.0
1652474126,F,MIC,3.0
1652474126,F,RSSI,78.0
1652474127,C,Temperature,22.97500038146973
1652474127,C,Humidity,40.391998291015625
1652474127,C,Pressure,101673.0
1652474127,C,Gas,1363.989013671875
1652474127,C,Accelerometer,0.0
1652474127,C,Light,0.0
1652474127,C,MIC,3.0
1652474127,C,RSSI,76.0
1652474129,B,Temperature,23.684999465942386
1652474129,B,Humidity,39.68600082397461
1652474129,B,Pressure,101620.0
1652474129,B,Gas,4885.94921875
1652474129,B,Accelerometer,0.0
1652474129,B,Light,0.0
1652474129,B,MIC,2.0
1652474129,B,RSSI,93.0
1652474129,A,Temperature,23.614999771118164
1652474129,A,Humidity,38.7130012512207
1652474129,A,Pressure,101656.0
1652474129,A,Gas,1152.4739990234375
1652474129,A,Accelerometer,0.0
1652474129,A,Light,0.0
1652474129,A,MIC,1.0
1652474129,A,RSSI,78.0
1652474131,H,Temperature,23.48500061035156
1652474131,H,Humidity,37.808998107910156
1652474131,H,Pressure,101671.0
1652474131,H,Gas,3923.680908203125
1652474131,H,Accelerometer,0.0
1652474131,H,Light,2.0
1652474131,H,MIC,2.0
1652474131,H,RSSI,82.0
1652474132,D,Temperature,23.434999465942386
1652474132,D,Humidity,37.88399887084961
1652474132,D,Pressure,101681.0
1652474132,D,Gas,3807.452880859375
1652474132,D,Accelerometer,0.0
1652474132,D,Light,1.0
1652474132,D,MIC,3.0
1652474132,D,RSSI,60.0
1652474133,E,Temperature,22.51499938964844
1652474133,E,Humidity,40.03099822998047
1652474133,E,Pressure,101652.0
1652474133,E,Gas,3854.881103515625
1652474133,E,Accelerometer,0.0
1652474133,E,Light,1.0
1652474133,E,MIC,3.0
1652474133,E,RSSI,73.0
1652474136,F,Temperature,23.72500038146973
1652474136,F,Humidity,37.007999420166016
1652474136,F,Pressure,101690.0
1652474136,F,Gas,2919.968994140625
1652474136,F,Accelerometer,0.0
1652474136,F,Light,0.0
1652474136,F,MIC,3.0
1652474136,F,RSSI,80.0
1652474137,C,Temperature,22.96500015258789
1652474137,C,Humidity,40.42900085449219
1652474137,C,Pressure,101673.0
1652474137,C,Gas,1360.656982421875
1652474137,C,Accelerometer,0.0
1652474137,C,Light,0.0
1652474137,C,MIC,3.0
1652474137,C,RSSI,76.0
1652474139,B,Temperature,23.684999465942386
1652474139,B,Humidity,39.680999755859375
1652474139,B,Pressure,101618.0
1652474139,B,Gas,4875.880859375
1652474139,B,Accelerometer,0.0
1652474139,B,Light,0.0
1652474139,B,MIC,2.0
1652474139,B,RSSI,93.0
1652474140,H,Temperature,23.47500038146973
1652474140,H,Humidity,37.82099914550781
1652474140,H,Pressure,101673.0
1652474140,H,Gas,3912.4609375
1652474140,H,Accelerometer,0.0
1652474140,H,Light,2.0
1652474140,H,MIC,2.0
1652474140,H,RSSI,80.0
1652474140,A,Temperature,23.614999771118164
1652474140,A,Humidity,38.70500183105469
1652474140,A,Pressure,101654.0
1652474140,A,Gas,1160.39501953125
1652474140,A,Accelerometer,0.0
1652474140,A,Light,0.0
1652474140,A,MIC,1.0
1652474140,A,RSSI,78.0
1652474142,D,Temperature,23.434999465942386
1652474142,D,Humidity,37.8650016784668
1652474142,D,Pressure,101681.0
1652474142,D,Gas,3820.279052734375
1652474142,D,Accelerometer,0.0
1652474142,D,Light,1.0
1652474142,D,MIC,3.0
1652474142,D,RSSI,60.0
1652474143,E,Temperature,22.5049991607666
1652474143,E,Humidity,40.02999877929688
1652474143,E,Pressure,101654.0
1652474143,E,Gas,3857.48291015625
1652474143,E,Accelerometer,0.0
1652474143,E,Light,1.0
1652474143,E,MIC,3.0
1652474143,E,RSSI,73.0
1652474145,F,Temperature,23.72500038146973
1652474145,F,Humidity,37.01100158691406
1652474145,F,Pressure,101688.0
1652474145,F,Gas,2935.93310546875
1652474145,F,Accelerometer,0.0
1652474145,F,Light,0.0
1652474145,F,MIC,3.0
1652474145,F,RSSI,80.0
1652474147,C,Temperature,22.97500038146973
1652474147,C,Humidity,40.39599990844727
1652474147,C,Pressure,101673.0
1652474147,C,Gas,1361.9410400390625
1652474147,C,Accelerometer,0.0
1652474147,C,Light,0.0
1652474147,C,MIC,3.0
1652474147,C,RSSI,76.0
1652474150,A,Temperature,23.614999771118164
1652474150,A,Humidity,38.709999084472656
1652474150,A,Pressure,101656.0
1652474150,A,Gas,1157.178955078125
1652474150,A,Accelerometer,0.0
1652474150,A,Light,0.0
1652474150,A,MIC,1.0
1652474150,A,RSSI,74.0
1652474150,H,Temperature,23.47500038146973
1652474150,H,Humidity,37.81800079345703
1652474150,H,Pressure,101669.0
1652474150,H,Gas,3910.0029296875
1652474150,H,Accelerometer,0.0
1652474150,H,Light,2.0
1652474150,H,MIC,2.0
1652474150,H,RSSI,80.0
1652474151,D,Temperature,23.434999465942386
1652474151,D,Humidity,37.87300109863281
1652474151,D,Pressure,101679.0
1652474151,D,Gas,3833.818115234375
1652474151,D,Accelerometer,0.0
1652474151,D,Light,1.0
1652474151,D,MIC,3.0
1652474151,D,RSSI,59.0
1652474152,B,Temperature,23.684999465942386
1652474152,B,Humidity,39.6870002746582
1652474152,B,Pressure,101622.0
1652474152,B,Gas,4891.06396484375
1652474152,B,Accelerometer,0.0
1652474152,B,Light,0.0
1652474152,B,MIC,2.0
1652474152,B,RSSI,93.0
1652474153,E,Temperature,22.51499938964844
1652474153,E,Humidity,40.01300048828125
1652474153,E,Pressure,101654.0
1652474153,E,Gas,3859.076904296875
1652474153,E,Accelerometer,0.0
1652474153,E,Light,1.0
1652474153,E,MIC,3.0
1652474153,E,RSSI,68.0
1652474155,F,Temperature,23.73500061035156
1652474155,F,Humidity,36.99700164794922
1652474155,F,Pressure,101690.0
1652474155,F,Gas,2934.969970703125
1652474155,F,Accelerometer,0.0
1652474155,F,Light,0.0
1652474155,F,MIC,3.0
1652474155,F,RSSI,80.0
1652474158,C,Temperature,22.9950008392334
1652474158,C,Humidity,40.361000061035156
1652474158,C,Pressure,101673.0
1652474158,C,Gas,1358.469970703125
1652474158,C,Accelerometer,0.0
1652474158,C,Light,0.0
1652474158,C,MIC,3.0
1652474158,C,RSSI,76.0
1652474159,B,Temperature,23.67499923706055
1652474159,B,Humidity,39.696998596191406
1652474159,B,Pressure,101616.0
1652474159,B,Gas,4894.3251953125
1652474159,B,Accelerometer,0.0
1652474159,B,Light,0.0
1652474159,B,MIC,2.0
1652474159,B,RSSI,93.0
1652474160,A,Temperature,23.614999771118164
1652474160,A,Humidity,38.71799850463867
1652474160,A,Pressure,101654.0
1652474160,A,Gas,1162.470947265625
1652474160,A,Accelerometer,0.0
1652474160,A,Light,0.0
1652474160,A,MIC,1.0
1652474160,A,RSSI,74.0
1652474160,H,Temperature,23.47500038146973
1652474160,H,Humidity,37.82600021362305
1652474160,H,Pressure,101675.0
1652474160,H,Gas,3903.697998046875
1652474160,H,Accelerometer,0.0
1652474160,H,Light,2.0
1652474160,H,MIC,2.0
1652474160,H,RSSI,80.0
1652474162,D,Temperature,23.44499969482422
1652474162,D,Humidity,37.85599899291992
1652474162,D,Pressure,101679.0
1652474162,D,Gas,3842.6640625
1652474162,D,Accelerometer,0.0
1652474162,D,Light,1.0
1652474162,D,MIC,3.0
1652474162,D,RSSI,59.0
1652474163,E,Temperature,22.5049991607666
1652474163,E,Humidity,40.027000427246094
1652474163,E,Pressure,101654.0
1652474163,E,Gas,3870.4580078125
1652474163,E,Accelerometer,0.0
1652474163,E,Light,1.0
1652474163,E,MIC,3.0
1652474163,E,RSSI,68.0
1652474167,F,Temperature,23.72500038146973
1652474167,F,Humidity,37.01800155639648
1652474167,F,Pressure,101690.0
1652474167,F,Gas,2929.507080078125
1652474167,F,Accelerometer,0.0
1652474167,F,Light,0.0
1652474167,F,MIC,3.0
1652474167,F,RSSI,80.0
1652474167,C,Temperature,22.9950008392334
1652474167,C,Humidity,40.36299896240234
1652474167,C,Pressure,101673.0
1652474167,C,Gas,1335.8189697265625
1652474167,C,Accelerometer,0.0
1652474167,C,Light,0.0
1652474167,C,MIC,3.0
1652474167,C,RSSI,76.0
1652474169,B,Temperature,23.684999465942386
1652474169,B,Humidity,39.67900085449219
1652474169,B,Pressure,101620.0
1652474169,B,Gas,4897.7177734375
1652474169,B,Accelerometer,0.0
1652474169,B,Light,0.0
1652474169,B,MIC,2.0
1652474169,B,RSSI,93.0
1652474170,H,Temperature,23.47500038146973
1652474170,H,Humidity,37.84000015258789
1652474170,H,Pressure,101669.0
1652474170,H,Gas,3920.22705078125
1652474170,H,Accelerometer,0.0
1652474170,H,Light,2.0
1652474170,H,MIC,2.0
1652474170,H,RSSI,80.0
1652474170,A,Temperature,23.614999771118164
1652474170,A,Humidity,38.71799850463867
1652474170,A,Pressure,101654.0
1652474170,A,Gas,1170.375
1652474170,A,Accelerometer,0.0
1652474170,A,Light,0.0
1652474170,A,MIC,1.0
1652474170,A,RSSI,74.0
1652474172,D,Temperature,23.44499969482422
1652474172,D,Humidity,37.84299850463867
1652474172,D,Pressure,101681.0
1652474172,D,Gas,3850.701904296875
1652474172,D,Accelerometer,0.0
1652474172,D,Light,1.0
1652474172,D,MIC,2.0
1652474172,D,RSSI,59.0
1652474173,E,Temperature,22.5049991607666
1652474173,E,Humidity,40.00699996948242
1652474173,E,Pressure,101652.0
1652474173,E,Gas,3879.90087890625
1652474173,E,Accelerometer,0.0
1652474173,E,Light,1.0
1652474173,E,MIC,3.0
1652474173,E,RSSI,68.0
1652474175,F,Temperature,23.72500038146973
1652474175,F,Humidity,37.03099822998047
1652474175,F,Pressure,101688.0
1652474175,F,Gas,2915.4130859375
1652474175,F,Accelerometer,0.0
1652474175,F,Light,0.0
1652474175,F,MIC,3.0
1652474175,F,RSSI,80.0
1652474178,C,Temperature,23.01499938964844
1652474178,C,Humidity,40.32400131225586
1652474178,C,Pressure,101673.0
1652474178,C,Gas,1336.16796875
1652474178,C,Accelerometer,0.0
1652474178,C,Light,0.0
1652474178,C,MIC,3.0
1652474178,C,RSSI,74.0
1652474179,B,Temperature,23.67499923706055
1652474179,B,Humidity,39.70800018310547
1652474179,B,Pressure,101616.0
1652474179,B,Gas,4895.6640625
1652474179,B,Accelerometer,0.0
1652474179,B,Light,0.0
1652474179,B,MIC,2.0
1652474179,B,RSSI,93.0
1652474180,A,Temperature,23.614999771118164
1652474180,A,Humidity,38.69400024414063
1652474180,A,Pressure,101656.0
1652474180,A,Gas,1193.8070068359375
1652474180,A,Accelerometer,0.0
1652474180,A,Light,0.0
1652474180,A,MIC,1.0
1652474180,A,RSSI,74.0
1652474180,H,Temperature,23.47500038146973
1652474180,H,Humidity,37.83200073242188
1652474180,H,Pressure,101675.0
1652474180,H,Gas,3934.491943359375
1652474180,H,Accelerometer,0.0
1652474180,H,Light,2.0
1652474180,H,MIC,2.0
1652474180,H,RSSI,80.0
1652474182,D,Temperature,23.44499969482422
1652474182,D,Humidity,37.8759994506836
1652474182,D,Pressure,101679.0
1652474182,D,Gas,3860.56591796875
1652474182,D,Accelerometer,0.0
1652474182,D,Light,1.0
1652474182,D,MIC,2.0
1652474182,D,RSSI,59.0
1652474183,E,Temperature,22.5049991607666
1652474183,E,Humidity,39.95199966430664
1652474183,E,Pressure,101652.0
1652474183,E,Gas,3900.741943359375
1652474183,E,Accelerometer,0.0
1652474183,E,Light,1.0
1652474183,E,MIC,2.0
1652474183,E,RSSI,68.0
1652474185,F,Temperature,23.72500038146973
1652474185,F,Humidity,37.040000915527344
1652474185,F,Pressure,101692.0
1652474185,F,Gas,2914.677001953125
1652474185,F,Accelerometer,0.0
1652474185,F,Light,0.0
1652474185,F,MIC,3.0
1652474185,F,RSSI,92.0
1652474187,C,Temperature,23.0049991607666
1652474187,C,Humidity,40.34500122070313
1652474187,C,Pressure,101671.0
1652474187,C,Gas,1338.0059814453125
1652474187,C,Accelerometer,0.0
1652474187,C,Light,0.0
1652474187,C,MIC,3.0
1652474187,C,RSSI,74.0
1652474189,B,Temperature,23.665000915527344
1652474189,B,Humidity,39.709999084472656
1652474189,B,Pressure,101618.0
1652474189,B,Gas,4896.6220703125
1652474189,B,Accelerometer,0.0
1652474189,B,Light,0.0
1652474189,B,MIC,2.0
1652474189,B,RSSI,93.0
1652474190,A,Temperature,23.614999771118164
1652474190,A,Humidity,38.709999084472656
1652474190,A,Pressure,101656.0
1652474190,A,Gas,1188.97998046875
1652474190,A,Accelerometer,0.0
1652474190,A,Light,0.0
1652474190,A,MIC,1.0
1652474190,A,RSSI,74.0
1652474191,H,Temperature,23.47500038146973
1652474191,H,Humidity,37.83100128173828
1652474191,H,Pressure,101673.0
1652474191,H,Gas,3942.805908203125
1652474191,H,Accelerometer,0.0
1652474191,H,Light,2.0
1652474191,H,MIC,2.0
1652474191,H,RSSI,87.0
1652474192,D,Temperature,23.44499969482422
1652474192,D,Humidity,37.88600158691406
1652474192,D,Pressure,101679.0
1652474192,D,Gas,3849.550048828125
1652474192,D,Accelerometer,0.0
1652474192,D,Light,1.0
1652474192,D,MIC,2.0
1652474192,D,RSSI,59.0
1652474193,E,Temperature,22.5049991607666
1652474193,E,Humidity,39.948001861572266
1652474193,E,Pressure,101654.0
1652474193,E,Gas,3950.35107421875
1652474193,E,Accelerometer,0.0
1652474193,E,Light,1.0
1652474193,E,MIC,2.0
1652474193,E,RSSI,68.0
1652474197,F,Temperature,23.72500038146973
1652474197,F,Humidity,37.01599884033203
1652474197,F,Pressure,101690.0
1652474197,F,Gas,2918.158935546875
1652474197,F,Accelerometer,0.0
1652474197,F,Light,0.0
1652474197,F,MIC,3.0
1652474197,F,RSSI,92.0
1652474197,C,Temperature,23.024999618530273
1652474197,C,Humidity,40.30500030517578
1652474197,C,Pressure,101671.0
1652474197,C,Gas,1346.4859619140625
1652474197,C,Accelerometer,0.0
1652474197,C,Light,0.0
1652474197,C,MIC,3.0
1652474197,C,RSSI,74.0
1652474199,B,Temperature,23.67499923706055
1652474199,B,Humidity,39.70299911499024
1652474199,B,Pressure,101618.0
1652474199,B,Gas,4898.0888671875
1652474199,B,Accelerometer,0.0
1652474199,B,Light,0.0
1652474199,B,MIC,2.0
1652474199,B,RSSI,93.0
1652474200,A,Temperature,23.604999542236328
1652474200,A,Humidity,38.736000061035156
1652474200,A,Pressure,101654.0
1652474200,A,Gas,1184.2750244140625
1652474200,A,Accelerometer,0.0
1652474200,A,Light,0.0
1652474200,A,MIC,1.0
1652474200,A,RSSI,77.0
1652474200,H,Temperature,23.46500015258789
1652474200,H,Humidity,37.821998596191406
1652474200,H,Pressure,101671.0
1652474200,H,Gas,3941.76611328125
1652474200,H,Accelerometer,0.0
1652474200,H,Light,2.0
1652474200,H,MIC,2.0
1652474200,H,RSSI,87.0
1652474202,D,Temperature,23.44499969482422
1652474202,D,Humidity,37.88199996948242
1652474202,D,Pressure,101679.0
1652474202,D,Gas,3826.48388671875
1652474202,D,Accelerometer,0.0
1652474202,D,Light,1.0
1652474202,D,MIC,2.0
1652474202,D,RSSI,63.0
1652474203,E,Temperature,22.51499938964844
1652474203,E,Humidity,39.959999084472656
1652474203,E,Pressure,101654.0
1652474203,E,Gas,3975.405029296875
1652474203,E,Accelerometer,0.0
1652474203,E,Light,1.0
1652474203,E,MIC,2.0
1652474203,E,RSSI,61.0
1652474206,F,Temperature,23.72500038146973
1652474206,F,Humidity,37.02000045776367
1652474206,F,Pressure,101690.0
1652474206,F,Gas,2913.48095703125
1652474206,F,Accelerometer,0.0
1652474206,F,Light,0.0
1652474206,F,MIC,3.0
1652474206,F,RSSI,92.0
1652474208,C,Temperature,23.024999618530273
1652474208,C,Humidity,40.2869987487793
1652474208,C,Pressure,101671.0
1652474208,C,Gas,1350.7039794921875
1652474208,C,Accelerometer,0.0
1652474208,C,Light,0.0
1652474208,C,MIC,3.0
1652474208,C,RSSI,74.0
1652474210,B,Temperature,23.67499923706055
1652474210,B,Humidity,39.72600173950195
1652474210,B,Pressure,101618.0
1652474210,B,Gas,4907.64892578125
1652474210,B,Accelerometer,0.0
1652474210,B,Light,0.0
1652474210,B,MIC,2.0
1652474210,B,RSSI,93.0
1652474210,A,Temperature,23.59499931335449
1652474210,A,Humidity,38.74599838256836
1652474210,A,Pressure,101654.0
1652474210,A,Gas,1193.8570556640625
1652474210,A,Accelerometer,0.0
1652474210,A,Light,0.0
1652474210,A,MIC,1.0
1652474210,A,RSSI,77.0
1652474211,H,Temperature,23.45499992370605
1652474211,H,Humidity,37.85300064086914
1652474211,H,Pressure,101669.0
1652474211,H,Gas,3942.85107421875
1652474211,H,Accelerometer,0.0
1652474211,H,Light,2.0
1652474211,H,MIC,2.0
1652474211,H,RSSI,87.0
1652474212,D,Temperature,23.45499992370605
1652474212,D,Humidity,37.86600112915039
1652474212,D,Pressure,101681.0
1652474212,D,Gas,3819.708984375
1652474212,D,Accelerometer,0.0
1652474212,D,Light,1.0
1652474212,D,MIC,2.0
1652474212,D,RSSI,63.0
1652474214,E,Temperature,22.51499938964844
1652474214,E,Humidity,39.959999084472656
1652474214,E,Pressure,101652.0
1652474214,E,Gas,3985.511962890625
1652474214,E,Accelerometer,0.0
1652474214,E,Light,1.0
1652474214,E,MIC,2.0
1652474214,E,RSSI,61.0
1652474217,F,Temperature,23.72500038146973
1652474217,F,Humidity,37.040000915527344
1652474217,F,Pressure,101692.0
1652474217,F,Gas,2911.43310546875
1652474217,F,Accelerometer,0.0
1652474217,F,Light,0.0
1652474217,F,MIC,3.0
1652474217,F,RSSI,92.0
1652474218,C,Temperature,23.045000076293945
1652474218,C,Humidity,40.242000579833984
1652474218,C,Pressure,101673.0
1652474218,C,Gas,1344.8310546875
1652474218,C,Accelerometer,0.0
1652474218,C,Light,0.0
1652474218,C,MIC,3.0
1652474218,C,RSSI,74.0
1652474219,B,Temperature,23.67499923706055
1652474219,B,Humidity,39.709999084472656
1652474219,B,Pressure,101614.0
1652474219,B,Gas,4912.25390625
1652474219,B,Accelerometer,0.0
1652474219,B,Light,0.0
1652474219,B,MIC,2.0
1652474219,B,RSSI,93.0
1652474220,A,Temperature,23.604999542236328
1652474220,A,Humidity,38.72999954223633
1652474220,A,Pressure,101654.0
1652474220,A,Gas,1199.9239501953125
1652474220,A,Accelerometer,0.0
1652474220,A,Light,0.0
1652474220,A,MIC,1.0
1652474220,A,RSSI,77.0
1652474220,H,Temperature,23.45499992370605
1652474220,H,Humidity,37.87699890136719
1652474220,H,Pressure,101671.0
1652474220,H,Gas,3939.85009765625
1652474220,H,Accelerometer,0.0
1652474220,H,Light,2.0
1652474220,H,MIC,2.0
1652474220,H,RSSI,87.0
1652474222,D,Temperature,23.44499969482422
1652474222,D,Humidity,37.88600158691406
1652474222,D,Pressure,101679.0
1652474222,D,Gas,3831.02294921875
1652474222,D,Accelerometer,0.0
1652474222,D,Light,1.0
1652474222,D,MIC,2.0
1652474222,D,RSSI,63.0
1652474224,E,Temperature,22.5049991607666
1652474224,E,Humidity,40.00299835205078
1652474224,E,Pressure,101652.0
1652474224,E,Gas,3987.489013671875
1652474224,E,Accelerometer,0.0
1652474224,E,Light,1.0
1652474224,E,MIC,2.0
1652474224,E,RSSI,61.0
1652474226,F,Temperature,23.72500038146973
1652474226,F,Humidity,37.02399826049805
1652474226,F,Pressure,101688.0
1652474226,F,Gas,2923.14111328125
1652474226,F,Accelerometer,0.0
1652474226,F,Light,0.0
1652474226,F,MIC,3.0
1652474226,F,RSSI,83.0
1652474228,C,Temperature,23.07500076293945
1652474228,C,Humidity,40.18899917602539
1652474228,C,Pressure,101675.0
1652474228,C,Gas,1339.633056640625
1652474228,C,Accelerometer,0.0
1652474228,C,Light,0.0
1652474228,C,MIC,3.0
1652474228,C,RSSI,83.0
1652474229,B,Temperature,23.665000915527344
1652474229,B,Humidity,39.71900177001953
1652474229,B,Pressure,101616.0
1652474229,B,Gas,4905.9931640625
1652474229,B,Accelerometer,0.0
1652474229,B,Light,0.0
1652474229,B,MIC,2.0
1652474229,B,RSSI,93.0
1652474230,A,Temperature,23.604999542236328
1652474230,A,Humidity,38.70700073242188
1652474230,A,Pressure,101654.0
1652474230,A,Gas,1200.947998046875
1652474230,A,Accelerometer,0.0
1652474230,A,Light,0.0
1652474230,A,MIC,1.0
1652474230,A,RSSI,77.0
1652474230,H,Temperature,23.44499969482422
1652474230,H,Humidity,37.88600158691406
1652474230,H,Pressure,101671.0
1652474230,H,Gas,3935.5
1652474230,H,Accelerometer,0.0
1652474230,H,Light,2.0
1652474230,H,MIC,2.0
1652474230,H,RSSI,87.0
1652474232,D,Temperature,23.45499992370605
1652474232,D,Humidity,37.86600112915039
1652474232,D,Pressure,101679.0
1652474232,D,Gas,3839.115966796875
1652474232,D,Accelerometer,0.0
1652474232,D,Light,1.0
1652474232,D,MIC,2.0
1652474232,D,RSSI,63.0
1652474234,E,Temperature,22.5049991607666
1652474234,E,Humidity,40.012001037597656
1652474234,E,Pressure,101654.0
1652474234,E,Gas,3982.179931640625
1652474234,E,Accelerometer,0.0
1652474234,E,Light,1.0
1652474234,E,MIC,2.0
1652474234,E,RSSI,61.0
1652474236,F,Temperature,23.72500038146973
1652474236,F,Humidity,37.016998291015625
1652474236,F,Pressure,101688.0
1652474236,F,Gas,2915.7119140625
1652474236,F,Accelerometer,0.0
1652474236,F,Light,0.0
1652474236,F,MIC,3.0
1652474236,F,RSSI,83.0
1652474238,C,Temperature,23.09499931335449
1652474238,C,Humidity,40.152000427246094
1652474238,C,Pressure,101673.0
1652474238,C,Gas,1353.7490234375
1652474238,C,Accelerometer,0.0
1652474238,C,Light,0.0
1652474238,C,MIC,3.0
1652474238,C,RSSI,83.0
1652474239,B,Temperature,23.67499923706055
1652474239,B,Humidity,39.71699905395508
1652474239,B,Pressure,101616.0
1652474239,B,Gas,4906.18212890625
1652474239,B,Accelerometer,0.0
1652474239,B,Light,0.0
1652474239,B,MIC,2.0
1652474239,B,RSSI,93.0
1652474240,A,Temperature,23.59499931335449
1652474240,A,Humidity,38.7599983215332
1652474240,A,Pressure,101656.0
1652474240,A,Gas,1193.3089599609375
1652474240,A,Accelerometer,0.0
1652474240,A,Light,0.0
1652474240,A,MIC,1.0
1652474240,A,RSSI,77.0
1652474240,H,Temperature,23.44499969482422
1652474240,H,Humidity,37.900001525878906
1652474240,H,Pressure,101673.0
1652474240,H,Gas,3943.2880859375
1652474240,H,Accelerometer,0.0
1652474240,H,Light,2.0
1652474240,H,MIC,2.0
1652474240,H,RSSI,82.0
1652474242,D,Temperature,23.44499969482422
1652474242,D,Humidity,37.86899948120117
1652474242,D,Pressure,101681.0
1652474242,D,Gas,3834.044921875
1652474242,D,Accelerometer,0.0
1652474242,D,Light,1.0
1652474242,D,MIC,3.0
1652474242,D,RSSI,63.0
1652474244,E,Temperature,22.5049991607666
1652474244,E,Humidity,39.99800109863281
1652474244,E,Pressure,101652.0
1652474244,E,Gas,3988.827880859375
1652474244,E,Accelerometer,0.0
1652474244,E,Light,1.0
1652474244,E,MIC,2.0
1652474244,E,RSSI,61.0
1652474246,F,Temperature,23.71500015258789
1652474246,F,Humidity,37.03900146484375
1652474246,F,Pressure,101690.0
1652474246,F,Gas,2916.985107421875
1652474246,F,Accelerometer,0.0
1652474246,F,Light,0.0
1652474246,F,MIC,3.0
1652474246,F,RSSI,83.0
1652474248,C,Temperature,23.125
1652474248,C,Humidity,40.071998596191406
1652474248,C,Pressure,101673.0
1652474248,C,Gas,1350.1729736328125
1652474248,C,Accelerometer,0.0
1652474248,C,Light,0.0
1652474248,C,MIC,3.0
1652474248,C,RSSI,83.0
1652474249,B,Temperature,23.67499923706055
1652474249,B,Humidity,39.71900177001953
1652474249,B,Pressure,101618.0
1652474249,B,Gas,4908.3017578125
1652474249,B,Accelerometer,0.0
1652474249,B,Light,0.0
1652474249,B,MIC,2.0
1652474249,B,RSSI,93.0
1652474250,A,Temperature,23.59499931335449
1652474250,A,Humidity,38.733001708984375
1652474250,A,Pressure,101658.0
1652474250,A,Gas,1207.6400146484375
1652474250,A,Accelerometer,0.0
1652474250,A,Light,0.0
1652474250,A,MIC,1.0
1652474250,A,RSSI,82.0
1652474251,H,Temperature,23.44499969482422
1652474251,H,Humidity,37.89699935913086
1652474251,H,Pressure,101675.0
1652474251,H,Gas,3954.779052734375
1652474251,H,Accelerometer,0.0
1652474251,H,Light,2.0
1652474251,H,MIC,2.0
1652474251,H,RSSI,82.0
1652474252,D,Temperature,23.44499969482422
1652474252,D,Humidity,37.89099884033203
1652474252,D,Pressure,101681.0
1652474252,D,Gas,3821.617919921875
1652474252,D,Accelerometer,0.0
1652474252,D,Light,1.0
1652474252,D,MIC,3.0
1652474252,D,RSSI,53.0
1652474254,E,Temperature,22.51499938964844
1652474254,E,Humidity,40.00299835205078
1652474254,E,Pressure,101654.0
1652474254,E,Gas,3993.422119140625
1652474254,E,Accelerometer,0.0
1652474254,E,Light,1.0
1652474254,E,MIC,2.0
1652474254,E,RSSI,61.0
1652474256,F,Temperature,23.72500038146973
1652474256,F,Humidity,37.016998291015625
1652474256,F,Pressure,101690.0
1652474256,F,Gas,2916.4208984375
1652474256,F,Accelerometer,0.0
1652474256,F,Light,0.0
1652474256,F,MIC,3.0
1652474256,F,RSSI,83.0
1652474258,C,Temperature,23.13500022888184
1652474258,C,Humidity,40.060001373291016
1652474258,C,Pressure,101673.0
1652474258,C,Gas,1336.6500244140625
1652474258,C,Accelerometer,0.0
1652474258,C,Light,0.0
1652474258,C,MIC,3.0
1652474258,C,RSSI,83.0
1652474259,B,Temperature,23.665000915527344
1652474259,B,Humidity,39.75199890136719
1652474259,B,Pressure,101618.0
1652474259,B,Gas,4900.98876953125
1652474259,B,Accelerometer,0.0
1652474259,B,Light,0.0
1652474259,B,MIC,2.0
1652474259,B,RSSI,93.0
1652474260,A,Temperature,23.584999084472656
1652474260,A,Humidity,38.742000579833984
1652474260,A,Pressure,101654.0
1652474260,A,Gas,1194.64794921875
1652474260,A,Accelerometer,0.0
1652474260,A,Light,0.0
1652474260,A,MIC,1.0
1652474260,A,RSSI,82.0
1652474260,H,Temperature,23.44499969482422
1652474260,H,Humidity,37.875
1652474260,H,Pressure,101675.0
1652474260,H,Gas,3970.550048828125
1652474260,H,Accelerometer,0.0
1652474260,H,Light,2.0
1652474260,H,MIC,2.0
1652474260,H,RSSI,82.0
1652474262,D,Temperature,23.44499969482422
1652474262,D,Humidity,37.90399932861328
1652474262,D,Pressure,101681.0
1652474262,D,Gas,3820.24609375
1652474262,D,Accelerometer,0.0
1652474262,D,Light,1.0
1652474262,D,MIC,3.0
1652474262,D,RSSI,53.0
1652474264,E,Temperature,22.5049991607666
1652474264,E,Humidity,40.04399871826172
1652474264,E,Pressure,101652.0
1652474264,E,Gas,3987.007080078125
1652474264,E,Accelerometer,0.0
1652474264,E,Light,1.0
1652474264,E,MIC,2.0
1652474264,E,RSSI,61.0
1652474266,F,Temperature,23.72500038146973
1652474266,F,Humidity,37.01599884033203
1652474266,F,Pressure,101692.0
1652474266,F,Gas,2910.669921875
1652474266,F,Accelerometer,0.0
1652474266,F,Light,0.0
1652474266,F,MIC,3.0
1652474266,F,RSSI,83.0
1652474268,C,Temperature,23.13500022888184
1652474268,C,Humidity,40.04299926757813
1652474268,C,Pressure,101673.0
1652474268,C,Gas,1332.1820068359375
1652474268,C,Accelerometer,0.0
1652474268,C,Light,0.0
1652474268,C,MIC,3.0
1652474268,C,RSSI,83.0
1652474269,B,Temperature,23.67499923706055
1652474269,B,Humidity,39.70299911499024
1652474269,B,Pressure,101616.0
1652474269,B,Gas,4910.2119140625
1652474269,B,Accelerometer,0.0
1652474269,B,Light,0.0
1652474269,B,MIC,2.0
1652474269,B,RSSI,89.0
1652474270,A,Temperature,23.59499931335449
1652474270,A,Humidity,38.7140007019043
1652474270,A,Pressure,101656.0
1652474270,A,Gas,1233.5679931640625
1652474270,A,Accelerometer,0.0
1652474270,A,Light,0.0
1652474270,A,MIC,1.0
1652474270,A,RSSI,82.0
1652474270,H,Temperature,23.434999465942386
1652474270,H,Humidity,37.91699981689453
1652474270,H,Pressure,101673.0
1652474270,H,Gas,3980.802001953125
1652474270,H,Accelerometer,0.0
1652474270,H,Light,2.0
1652474270,H,MIC,2.0
1652474270,H,RSSI,82.0
1652474272,D,Temperature,23.45499992370605
1652474272,D,Humidity,37.861000061035156
1652474272,D,Pressure,101679.0
1652474272,D,Gas,3825.802978515625
1652474272,D,Accelerometer,0.0
1652474272,D,Light,1.0
1652474272,D,MIC,3.0
1652474272,D,RSSI,53.0
1652474274,E,Temperature,22.5049991607666
1652474274,E,Humidity,40.0359992980957
1652474274,E,Pressure,101654.0
1652474274,E,Gas,3978.59912109375
1652474274,E,Accelerometer,0.0
1652474274,E,Light,1.0
1652474274,E,MIC,2.0
1652474274,E,RSSI,61.0
1652474276,F,Temperature,23.72500038146973
1652474276,F,Humidity,37.04499816894531
1652474276,F,Pressure,101690.0
1652474276,F,Gas,2912.66796875
1652474276,F,Accelerometer,0.0
1652474276,F,Light,0.0
1652474276,F,MIC,3.0
1652474276,F,RSSI,83.0
1652474278,C,Temperature,23.114999771118164
1652474278,C,Humidity,40.08000183105469
1652474278,C,Pressure,101673.0
1652474278,C,Gas,1332.303955078125
1652474278,C,Accelerometer,0.0
1652474278,C,Light,0.0
1652474278,C,MIC,3.0
1652474278,C,RSSI,83.0
1652474279,B,Temperature,23.665000915527344
1652474279,B,Humidity,39.73199844360352
1652474279,B,Pressure,101616.0
1652474279,B,Gas,4916.17822265625
1652474279,B,Accelerometer,0.0
1652474279,B,Light,0.0
1652474279,B,MIC,2.0
1652474279,B,RSSI,89.0
1652474280,A,Temperature,23.584999084472656
1652474280,A,Humidity,38.722999572753906
1652474280,A,Pressure,101652.0
1652474280,A,Gas,1231.60302734375
1652474280,A,Accelerometer,0.0
1652474280,A,Light,0.0
1652474280,A,MIC,1.0
1652474280,A,RSSI,82.0
1652474280,H,Temperature,23.44499969482422
1652474280,H,Humidity,37.89400100708008
1652474280,H,Pressure,101673.0
1652474280,H,Gas,3993.9208984375
1652474280,H,Accelerometer,0.0
1652474280,H,Light,2.0
1652474280,H,MIC,2.0
1652474280,H,RSSI,82.0
1652474282,D,Temperature,23.44499969482422
1652474282,D,Humidity,37.8849983215332
1652474282,D,Pressure,101679.0
1652474282,D,Gas,3843.1240234375
1652474282,D,Accelerometer,0.0
1652474282,D,Light,1.0
1652474282,D,MIC,3.0
1652474282,D,RSSI,53.0
1652474284,E,Temperature,22.5049991607666
1652474284,E,Humidity,40.01300048828125
1652474284,E,Pressure,101652.0
1652474284,E,Gas,3981.8369140625
1652474284,E,Accelerometer,0.0
1652474284,E,Light,1.0
1652474284,E,MIC,2.0
1652474284,E,RSSI,61.0
1652474287,F,Temperature,23.72500038146973
1652474287,F,Humidity,37.03300094604492
1652474287,F,Pressure,101692.0
1652474287,F,Gas,2906.201904296875
1652474287,F,Accelerometer,0.0
1652474287,F,Light,0.0
1652474287,F,MIC,3.0
1652474287,F,RSSI,78.0
1652474288,C,Temperature,23.114999771118164
1652474288,C,Humidity,40.09400177001953
1652474288,C,Pressure,101673.0
1652474288,C,Gas,1332.5810546875
1652474288,C,Accelerometer,0.0
1652474288,C,Light,0.0
1652474288,C,MIC,3.0
1652474288,C,RSSI,83.0
1652474289,B,Temperature,23.665000915527344
1652474289,B,Humidity,39.72000122070313
1652474289,B,Pressure,101616.0
1652474289,B,Gas,4907.98583984375
1652474289,B,Accelerometer,0.0
1652474289,B,Light,0.0
1652474289,B,MIC,2.0
1652474289,B,RSSI,89.0
1652474290,A,Temperature,23.57500076293945
1652474290,A,Humidity,38.76900100708008
1652474290,A,Pressure,101652.0
1652474290,A,Gas,1225.4090576171875
1652474290,A,Accelerometer,0.0
1652474290,A,Light,0.0
1652474290,A,MIC,1.0
1652474290,A,RSSI,82.0
1652474290,H,Temperature,23.44499969482422
1652474290,H,Humidity,37.90399932861328
1652474290,H,Pressure,101673.0
1652474290,H,Gas,3993.339111328125
1652474290,H,Accelerometer,0.0
1652474290,H,Light,2.0
1652474290,H,MIC,2.0
1652474290,H,RSSI,82.0
1652474292,D,Temperature,23.44499969482422
1652474292,D,Humidity,37.8849983215332
1652474292,D,Pressure,101681.0
1652474292,D,Gas,3835.297119140625
1652474292,D,Accelerometer,0.0
1652474292,D,Light,1.0
1652474292,D,MIC,3.0
1652474292,D,RSSI,53.0
1652474294,E,Temperature,22.5049991607666
1652474294,E,Humidity,40.0099983215332
1652474294,E,Pressure,101652.0
1652474294,E,Gas,3992.95703125
1652474294,E,Accelerometer,0.0
1652474294,E,Light,1.0
1652474294,E,MIC,2.0
1652474294,E,RSSI,61.0
1652474296,F,Temperature,23.71500015258789
1652474296,F,Humidity,37.04899978637695
1652474296,F,Pressure,101692.0
1652474296,F,Gas,2898.0380859375
1652474296,F,Accelerometer,0.0
1652474296,F,Light,0.0
1652474296,F,MIC,3.0
1652474296,F,RSSI,78.0
1652474298,C,Temperature,23.125
1652474298,C,Humidity,40.04700088500977
1652474298,C,Pressure,101673.0
1652474298,C,Gas,1351.634033203125
1652474298,C,Accelerometer,0.0
1652474298,C,Light,0.0
1652474298,C,MIC,3.0
1652474298,C,RSSI,83.0
1652474299,B,Temperature,23.65500068664551
1652474299,B,Humidity,39.73899841308594
1652474299,B,Pressure,101616.0
1652474299,B,Gas,4929.69677734375
1652474299,B,Accelerometer,0.0
1652474299,B,Light,0.0
1652474299,B,MIC,2.0
1652474299,B,RSSI,89.0
1652474300,A,Temperature,23.584999084472656
1652474300,A,Humidity,38.74399948120117
1652474300,A,Pressure,101654.0
1652474300,A,Gas,1230.656982421875
1652474300,A,Accelerometer,0.0
1652474300,A,Light,0.0
1652474300,A,MIC,1.0
1652474300,A,RSSI,78.0
1652474302,D,Temperature,23.44499969482422
1652474302,D,Humidity,37.88800048828125
1652474302,D,Pressure,101681.0
1652474302,D,Gas,3843.7548828125
1652474302,D,Accelerometer,0.0
1652474302,D,Light,1.0
1652474302,D,MIC,3.0
1652474302,D,RSSI,60.0
1652474303,H,Temperature,23.434999465942386
1652474303,H,Humidity,37.91699981689453
1652474303,H,Pressure,101673.0
1652474303,H,Gas,3985.717041015625
1652474303,H,Accelerometer,0.0
1652474303,H,Light,2.0
1652474303,H,MIC,2.0
1652474303,H,RSSI,82.0
1652474304,E,Temperature,22.4950008392334
1652474304,E,Humidity,40.0620002746582
1652474304,E,Pressure,101652.0
1652474304,E,Gas,3992.635986328125
1652474304,E,Accelerometer,0.0
1652474304,E,Light,1.0
1652474304,E,MIC,2.0
1652474304,E,RSSI,70.0
1652474306,F,Temperature,23.71500015258789
1652474306,F,Humidity,37.04399871826172
1652474306,F,Pressure,101692.0
1652474306,F,Gas,2911.4169921875
1652474306,F,Accelerometer,0.0
1652474306,F,Light,0.0
1652474306,F,MIC,3.0
1652474306,F,RSSI,78.0
1652474308,C,Temperature,23.114999771118164
1652474308,C,Humidity,40.07400131225586
1652474308,C,Pressure,101675.0
1652474308,C,Gas,1346.39794921875
1652474308,C,Accelerometer,0.0
1652474308,C,Light,0.0
1652474308,C,MIC,3.0
1652474308,C,RSSI,83.0
1652474309,B,Temperature,23.665000915527344
1652474309,B,Humidity,39.72800064086914
1652474309,B,Pressure,101620.0
1652474309,B,Gas,4919.60009765625
1652474309,B,Accelerometer,0.0
1652474309,B,Light,0.0
1652474309,B,MIC,2.0
1652474309,B,RSSI,89.0
1652474310,A,Temperature,23.57500076293945
1652474310,A,Humidity,38.75
1652474310,A,Pressure,101656.0
1652474310,A,Gas,1225.509033203125
1652474310,A,Accelerometer,0.0
1652474310,A,Light,0.0
1652474310,A,MIC,1.0
1652474310,A,RSSI,78.0
1652474310,H,Temperature,23.415000915527344
1652474310,H,Humidity,37.94400024414063
1652474310,H,Pressure,101675.0
1652474310,H,Gas,3977.364013671875
1652474310,H,Accelerometer,0.0
1652474310,H,Light,2.0
1652474310,H,MIC,2.0
1652474310,H,RSSI,82.0
1652474312,D,Temperature,23.434999465942386
1652474312,D,Humidity,37.91299819946289
1652474312,D,Pressure,101683.0
1652474312,D,Gas,3864.89501953125
1652474312,D,Accelerometer,0.0
1652474312,D,Light,1.0
1652474312,D,MIC,2.0
1652474312,D,RSSI,60.0
1652474314,E,Temperature,22.4950008392334
1652474314,E,Humidity,40.08399963378906
1652474314,E,Pressure,101656.0
1652474314,E,Gas,3989.408935546875
1652474314,E,Accelerometer,0.0
1652474314,E,Light,1.0
1652474314,E,MIC,2.0
1652474314,E,RSSI,70.0
1652474316,F,Temperature,23.71500015258789
1652474316,F,Humidity,37.040000915527344
1652474316,F,Pressure,101694.0
1652474316,F,Gas,2901.35888671875
1652474316,F,Accelerometer,0.0
1652474316,F,Light,0.0
1652474316,F,MIC,3.0
1652474316,F,RSSI,78.0
1652474318,C,Temperature,23.05500030517578
1652474318,C,Humidity,40.2130012512207
1652474318,C,Pressure,101673.0
1652474318,C,Gas,1351.10302734375
1652474318,C,Accelerometer,0.0
1652474318,C,Light,0.0
1652474318,C,MIC,3.0
1652474318,C,RSSI,83.0
1652474319,B,Temperature,23.665000915527344
1652474319,B,Humidity,39.729000091552734
1652474319,B,Pressure,101620.0
1652474319,B,Gas,4917.3017578125
1652474319,B,Accelerometer,0.0
1652474319,B,Light,0.0
1652474319,B,MIC,2.0
1652474319,B,RSSI,90.0
1652474320,A,Temperature,23.57500076293945
1652474320,A,Humidity,38.76300048828125
1652474320,A,Pressure,101656.0
1652474320,A,Gas,1236.385986328125
1652474320,A,Accelerometer,0.0
1652474320,A,Light,0.0
1652474320,A,MIC,1.0
1652474320,A,RSSI,78.0
1652474320,H,Temperature,23.415000915527344
1652474320,H,Humidity,37.97700119018555
1652474320,H,Pressure,101675.0
1652474320,H,Gas,3969.714111328125
1652474320,H,Accelerometer,0.0
1652474320,H,Light,2.0
1652474320,H,MIC,2.0
1652474320,H,RSSI,82.0
1652474322,D,Temperature,23.434999465942386
1652474322,D,Humidity,37.91400146484375
1652474322,D,Pressure,101683.0
1652474322,D,Gas,3869.860107421875
1652474322,D,Accelerometer,0.0
1652474322,D,Light,1.0
1652474322,D,MIC,2.0
1652474322,D,RSSI,60.0
1652474324,E,Temperature,22.48500061035156
1652474324,E,Humidity,40.10499954223633
1652474324,E,Pressure,101658.0
1652474324,E,Gas,3977.097900390625
1652474324,E,Accelerometer,0.0
1652474324,E,Light,1.0
1652474324,E,MIC,2.0
1652474324,E,RSSI,70.0
1652474326,F,Temperature,23.72500038146973
1652474326,F,Humidity,37.025001525878906
1652474326,F,Pressure,101692.0
1652474326,F,Gas,2904.9130859375
1652474326,F,Accelerometer,0.0
1652474326,F,Light,0.0
1652474326,F,MIC,3.0
1652474326,F,RSSI,78.0
1652474328,C,Temperature,23.05500030517578
1652474328,C,Humidity,40.20199966430664
1652474328,C,Pressure,101673.0
1652474328,C,Gas,1360.6619873046875
1652474328,C,Accelerometer,0.0
1652474328,C,Light,0.0
1652474328,C,MIC,3.0
1652474328,C,RSSI,79.0
1652474329,B,Temperature,23.665000915527344
1652474329,B,Humidity,39.73699951171875
1652474329,B,Pressure,101622.0
1652474329,B,Gas,4918.4208984375
1652474329,B,Accelerometer,0.0
1652474329,B,Light,0.0
1652474329,B,MIC,2.0
1652474329,B,RSSI,90.0
1652474330,A,Temperature,23.57500076293945
1652474330,A,Humidity,38.77399826049805
1652474330,A,Pressure,101656.0
1652474330,A,Gas,1228.780029296875
1652474330,A,Accelerometer,0.0
1652474330,A,Light,0.0
1652474330,A,MIC,1.0
1652474330,A,RSSI,78.0
1652474331,H,Temperature,23.42499923706055
1652474331,H,Humidity,37.948001861572266
1652474331,H,Pressure,101675.0
1652474331,H,Gas,3988.7890625
1652474331,H,Accelerometer,0.0
1652474331,H,Light,2.0
1652474331,H,MIC,2.0
1652474331,H,RSSI,82.0
1652474332,D,Temperature,23.434999465942386
1652474332,D,Humidity,37.915000915527344
1652474332,D,Pressure,101683.0
1652474332,D,Gas,3860.964111328125
1652474332,D,Accelerometer,0.0
1652474332,D,Light,1.0
1652474332,D,MIC,2.0
1652474332,D,RSSI,60.0
1652474334,E,Temperature,22.48500061035156
1652474334,E,Humidity,40.12300109863281
1652474334,E,Pressure,101658.0
1652474334,E,Gas,3970.7099609375
1652474334,E,Accelerometer,0.0
1652474334,E,Light,1.0
1652474334,E,MIC,2.0
1652474334,E,RSSI,70.0
1652474336,F,Temperature,23.71500015258789
1652474336,F,Humidity,37.04199981689453
1652474336,F,Pressure,101694.0
1652474336,F,Gas,2913.635986328125
1652474336,F,Accelerometer,0.0
1652474336,F,Light,0.0
1652474336,F,MIC,3.0
1652474336,F,RSSI,80.0
1652474339,C,Temperature,23.03499984741211
1652474339,C,Humidity,40.24100112915039
1652474339,C,Pressure,101679.0
1652474339,C,Gas,1351.14697265625
1652474339,C,Accelerometer,0.0
1652474339,C,Light,0.0
1652474339,C,MIC,3.0
1652474339,C,RSSI,79.0
1652474339,B,Temperature,23.65500068664551
1652474339,B,Humidity,39.75600051879883
1652474339,B,Pressure,101618.0
1652474339,B,Gas,4921.6201171875
1652474339,B,Accelerometer,0.0
1652474339,B,Light,0.0
1652474339,B,MIC,2.0
1652474339,B,RSSI,90.0
1652474340,A,Temperature,23.57500076293945
1652474340,A,Humidity,38.78200149536133
1652474340,A,Pressure,101656.0
1652474340,A,Gas,1234.27099609375
1652474340,A,Accelerometer,0.0
1652474340,A,Light,0.0
1652474340,A,MIC,1.0
1652474340,A,RSSI,78.0
1652474341,H,Temperature,23.415000915527344
1652474341,H,Humidity,37.99300003051758
1652474341,H,Pressure,101675.0
1652474341,H,Gas,4004.405029296875
1652474341,H,Accelerometer,0.0
1652474341,H,Light,2.0
1652474341,H,MIC,2.0
1652474341,H,RSSI,87.0
1652474342,D,Temperature,23.434999465942386
1652474342,D,Humidity,37.9109992980957
1652474342,D,Pressure,101681.0
1652474342,D,Gas,3853.176025390625
1652474342,D,Accelerometer,0.0
1652474342,D,Light,1.0
1652474342,D,MIC,2.0
1652474342,D,RSSI,60.0
1652474344,E,Temperature,22.48500061035156
1652474344,E,Humidity,40.137001037597656
1652474344,E,Pressure,101654.0
1652474344,E,Gas,3958.471923828125
1652474344,E,Accelerometer,0.0
1652474344,E,Light,1.0
1652474344,E,MIC,2.0
1652474344,E,RSSI,70.0
1652474347,F,Temperature,23.71500015258789
1652474347,F,Humidity,37.055999755859375
1652474347,F,Pressure,101692.0
1652474347,F,Gas,2923.412109375
1652474347,F,Accelerometer,0.0
1652474347,F,Light,0.0
1652474347,F,MIC,3.0
1652474347,F,RSSI,80.0
1652474348,C,Temperature,22.9950008392334
1652474348,C,Humidity,40.34000015258789
1652474348,C,Pressure,101673.0
1652474348,C,Gas,1348.5450439453125
1652474348,C,Accelerometer,0.0
1652474348,C,Light,0.0
1652474348,C,MIC,3.0
1652474348,C,RSSI,79.0
1652474349,B,Temperature,23.665000915527344
1652474349,B,Humidity,39.7239990234375
1652474349,B,Pressure,101616.0
1652474349,B,Gas,4915.30908203125
1652474349,B,Accelerometer,0.0
1652474349,B,Light,0.0
1652474349,B,MIC,2.0
1652474349,B,RSSI,90.0
1652474350,A,Temperature,23.57500076293945
1652474350,A,Humidity,38.78099822998047
1652474350,A,Pressure,101654.0
1652474350,A,Gas,1216.490966796875
1652474350,A,Accelerometer,0.0
1652474350,A,Light,0.0
1652474350,A,MIC,1.0
1652474350,A,RSSI,81.0
1652474352,D,Temperature,23.44499969482422
1652474352,D,Humidity,37.88800048828125
1652474352,D,Pressure,101681.0
1652474352,D,Gas,3857.659912109375
1652474352,D,Accelerometer,0.0
1652474352,D,Light,1.0
1652474352,D,MIC,2.0
1652474352,D,RSSI,59.0
1652474354,E,Temperature,22.48500061035156
1652474354,E,Humidity,40.11299896240234
1652474354,E,Pressure,101658.0
1652474354,E,Gas,3956.445068359375
1652474354,E,Accelerometer,0.0
1652474354,E,Light,1.0
1652474354,E,MIC,2.0
1652474354,E,RSSI,73.0
1652474354,H,Temperature,23.415000915527344
1652474354,H,Humidity,37.986000061035156
1652474354,H,Pressure,101673.0
1652474354,H,Gas,4013.781982421875
1652474354,H,Accelerometer,0.0
1652474354,H,Light,2.0
1652474354,H,MIC,2.0
1652474354,H,RSSI,87.0
1652474356,F,Temperature,23.71500015258789
1652474356,F,Humidity,37.05400085449219
1652474356,F,Pressure,101692.0
1652474356,F,Gas,2910.382080078125
1652474356,F,Accelerometer,0.0
1652474356,F,Light,0.0
1652474356,F,MIC,3.0
1652474356,F,RSSI,80.0
1652474358,C,Temperature,22.98500061035156
1652474358,C,Humidity,40.375
1652474358,C,Pressure,101673.0
1652474358,C,Gas,1350.343994140625
1652474358,C,Accelerometer,0.0
1652474358,C,Light,0.0
1652474358,C,MIC,3.0
1652474358,C,RSSI,79.0
1652474359,B,Temperature,23.65500068664551
1652474359,B,Humidity,39.757999420166016
1652474359,B,Pressure,101618.0
1652474359,B,Gas,4918.19384765625
1652474359,B,Accelerometer,0.0
1652474359,B,Light,0.0
1652474359,B,MIC,3.0
1652474359,B,RSSI,90.0
1652474360,H,Temperature,23.42499923706055
1652474360,H,Humidity,37.93899917602539
1652474360,H,Pressure,101675.0
1652474360,H,Gas,4029.552978515625
1652474360,H,Accelerometer,0.0
1652474360,H,Light,2.0
1652474360,H,MIC,2.0
1652474360,H,RSSI,87.0
1652474360,A,Temperature,23.57500076293945
1652474360,A,Humidity,38.75500106811523
1652474360,A,Pressure,101654.0
1652474360,A,Gas,1212.156982421875
1652474360,A,Accelerometer,0.0
1652474360,A,Light,0.0
1652474360,A,MIC,1.0
1652474360,A,RSSI,81.0
1652474362,D,Temperature,23.434999465942386
1652474362,D,Humidity,37.92699813842773
1652474362,D,Pressure,101681.0
1652474362,D,Gas,3860.8701171875
1652474362,D,Accelerometer,0.0
1652474362,D,Light,1.0
1652474362,D,MIC,2.0
1652474362,D,RSSI,59.0
1652474364,E,Temperature,22.46500015258789
1652474364,E,Humidity,40.16299819946289
1652474364,E,Pressure,101656.0
1652474364,E,Gas,3945.236083984375
1652474364,E,Accelerometer,0.0
1652474364,E,Light,1.0
1652474364,E,MIC,3.0
1652474364,E,RSSI,73.0
1652474366,F,Temperature,23.72500038146973
1652474366,F,Humidity,37.03799819946289
1652474366,F,Pressure,101692.0
1652474366,F,Gas,2931.98095703125
1652474366,F,Accelerometer,0.0
1652474366,F,Light,0.0
1652474366,F,MIC,3.0
1652474366,F,RSSI,80.0
1652474368,C,Temperature,22.97500038146973
1652474368,C,Humidity,40.38600158691406
1652474368,C,Pressure,101677.0
1652474368,C,Gas,1338.5369873046875
1652474368,C,Accelerometer,0.0
1652474368,C,Light,0.0
1652474368,C,MIC,3.0
1652474368,C,RSSI,79.0
1652474369,B,Temperature,23.665000915527344
1652474369,B,Humidity,39.71900177001953
1652474369,B,Pressure,101616.0
1652474369,B,Gas,4928.2958984375
1652474369,B,Accelerometer,0.0
1652474369,B,Light,0.0
1652474369,B,MIC,3.0
1652474369,B,RSSI,91.0
1652474370,A,Temperature,23.584999084472656
1652474370,A,Humidity,38.75500106811523
1652474370,A,Pressure,101656.0
1652474370,A,Gas,1226.7650146484375
1652474370,A,Accelerometer,0.0
1652474370,A,Light,0.0
1652474370,A,MIC,1.0
1652474370,A,RSSI,81.0
1652474370,H,Temperature,23.415000915527344
1652474370,H,Humidity,37.97999954223633
1652474370,H,Pressure,101677.0
1652474370,H,Gas,4038.325927734375
1652474370,H,Accelerometer,0.0
1652474370,H,Light,2.0
1652474370,H,MIC,2.0
1652474370,H,RSSI,87.0
1652474372,D,Temperature,23.44499969482422
1652474372,D,Humidity,37.928001403808594
1652474372,D,Pressure,101683.0
1652474372,D,Gas,3856.72412109375
1652474372,D,Accelerometer,0.0
1652474372,D,Light,1.0
1652474372,D,MIC,2.0
1652474372,D,RSSI,59.0
1652474374,E,Temperature,22.475000381469727
1652474374,E,Humidity,40.1349983215332
1652474374,E,Pressure,101656.0
1652474374,E,Gas,3939.429931640625
1652474374,E,Accelerometer,0.0
1652474374,E,Light,1.0
1652474374,E,MIC,3.0
1652474374,E,RSSI,73.0
1652474376,F,Temperature,23.72500038146973
1652474376,F,Humidity,37.03200149536133
1652474376,F,Pressure,101692.0
1652474376,F,Gas,2928.243896484375
1652474376,F,Accelerometer,0.0
1652474376,F,Light,0.0
1652474376,F,MIC,3.0
1652474376,F,RSSI,93.0
1652474378,C,Temperature,22.9950008392334
1652474378,C,Humidity,40.354000091552734
1652474378,C,Pressure,101677.0
1652474378,C,Gas,1334.5789794921875
1652474378,C,Accelerometer,0.0
1652474378,C,Light,0.0
1652474378,C,MIC,3.0
1652474378,C,RSSI,76.0
1652474379,B,Temperature,23.65500068664551
1652474379,B,Humidity,39.757999420166016
1652474379,B,Pressure,101618.0
1652474379,B,Gas,4934.9267578125
1652474379,B,Accelerometer,0.0
1652474379,B,Light,0.0
1652474379,B,MIC,2.0
1652474379,B,RSSI,91.0
1652474380,A,Temperature,23.57500076293945
1652474380,A,Humidity,38.7760009765625
1652474380,A,Pressure,101654.0
1652474380,A,Gas,1222.60205078125
1652474380,A,Accelerometer,0.0
1652474380,A,Light,0.0
1652474380,A,MIC,1.0
1652474380,A,RSSI,81.0
1652474381,H,Temperature,23.40500068664551
1652474381,H,Humidity,37.97600173950195
1652474381,H,Pressure,101677.0
1652474381,H,Gas,4035.3759765625
1652474381,H,Accelerometer,0.0
1652474381,H,Light,2.0
1652474381,H,MIC,2.0
1652474381,H,RSSI,87.0
1652474382,D,Temperature,23.434999465942386
1652474382,D,Humidity,37.95000076293945
1652474382,D,Pressure,101683.0
1652474382,D,Gas,3852.472900390625
1652474382,D,Accelerometer,0.0
1652474382,D,Light,1.0
1652474382,D,MIC,3.0
1652474382,D,RSSI,59.0
1652474384,E,Temperature,22.475000381469727
1652474384,E,Humidity,40.15700149536133
1652474384,E,Pressure,101654.0
1652474384,E,Gas,3932.2060546875
1652474384,E,Accelerometer,0.0
1652474384,E,Light,1.0
1652474384,E,MIC,3.0
1652474384,E,RSSI,73.0
1652474386,F,Temperature,23.71500015258789
1652474386,F,Humidity,37.06499862670898
1652474386,F,Pressure,101692.0
1652474386,F,Gas,2931.843017578125
1652474386,F,Accelerometer,0.0
1652474386,F,Light,0.0
1652474386,F,MIC,3.0
1652474386,F,RSSI,93.0
1652474388,C,Temperature,23.01499938964844
1652474388,C,Humidity,40.290000915527344
1652474388,C,Pressure,101673.0
1652474388,C,Gas,1347.676025390625
1652474388,C,Accelerometer,0.0
1652474388,C,Light,0.0
1652474388,C,MIC,3.0
1652474388,C,RSSI,76.0
1652474389,B,Temperature,23.65500068664551
1652474389,B,Humidity,39.73699951171875
1652474389,B,Pressure,101618.0
1652474389,B,Gas,4931.36279296875
1652474389,B,Accelerometer,0.0
1652474389,B,Light,0.0
1652474389,B,MIC,2.0
1652474389,B,RSSI,91.0
1652474390,A,Temperature,23.584999084472656
1652474390,A,Humidity,38.77000045776367
1652474390,A,Pressure,101656.0
1652474390,A,Gas,1225.1319580078125
1652474390,A,Accelerometer,0.0
1652474390,A,Light,0.0
1652474390,A,MIC,1.0
1652474390,A,RSSI,81.0
1652474390,H,Temperature,23.395000457763672
1652474390,H,Humidity,37.99399948120117
1652474390,H,Pressure,101677.0
1652474390,H,Gas,4030.77001953125
1652474390,H,Accelerometer,0.0
1652474390,H,Light,2.0
1652474390,H,MIC,2.0
1652474390,H,RSSI,79.0
1652474392,D,Temperature,23.44499969482422
1652474392,D,Humidity,37.92599868774414
1652474392,D,Pressure,101683.0
1652474392,D,Gas,3852.927001953125
1652474392,D,Accelerometer,0.0
1652474392,D,Light,1.0
1652474392,D,MIC,3.0
1652474392,D,RSSI,59.0
1652474394,E,Temperature,22.475000381469727
1652474394,E,Humidity,40.1349983215332
1652474394,E,Pressure,101654.0
1652474394,E,Gas,3936.118896484375
1652474394,E,Accelerometer,0.0
1652474394,E,Light,1.0
1652474394,E,MIC,3.0
1652474394,E,RSSI,73.0
1652474398,C,Temperature,23.01499938964844
1652474398,C,Humidity,40.29499816894531
1652474398,C,Pressure,101675.0
1652474398,C,Gas,1337.93896484375
1652474398,C,Accelerometer,0.0
1652474398,C,Light,0.0
1652474398,C,MIC,3.0
1652474398,C,RSSI,76.0
1652474398,F,Temperature,23.71500015258789
1652474398,F,Humidity,37.073001861572266
1652474398,F,Pressure,101692.0
1652474398,F,Gas,2941.075927734375
1652474398,F,Accelerometer,0.0
1652474398,F,Light,0.0
1652474398,F,MIC,3.0
1652474398,F,RSSI,93.0
1652474399,B,Temperature,23.65500068664551
1652474399,B,Humidity,39.76599884033203
1652474399,B,Pressure,101620.0
1652474399,B,Gas,4944.1767578125
1652474399,B,Accelerometer,0.0
1652474399,B,Light,0.0
1652474399,B,MIC,2.0
1652474399,B,RSSI,91.0
1652474400,H,Temperature,23.40500068664551
1652474400,H,Humidity,37.99499893188477
1652474400,H,Pressure,101677.0
1652474400,H,Gas,4027.68701171875
1652474400,H,Accelerometer,0.0
1652474400,H,Light,2.0
1652474400,H,MIC,2.0
1652474400,H,RSSI,79.0
1652474401,A,Temperature,23.57500076293945
1652474401,A,Humidity,38.75600051879883
1652474401,A,Pressure,101656.0
1652474401,A,Gas,1230.0140380859375
1652474401,A,Accelerometer,0.0
1652474401,A,Light,0.0
1652474401,A,MIC,1.0
1652474401,A,RSSI,74.0
1652474402,D,Temperature,23.44499969482422
1652474402,D,Humidity,37.92599868774414
1652474402,D,Pressure,101681.0
1652474402,D,Gas,3827.281005859375
1652474402,D,Accelerometer,0.0
1652474402,D,Light,1.0
1652474402,D,MIC,3.0
1652474402,D,RSSI,62.0
1652474404,E,Temperature,22.475000381469727
1652474404,E,Humidity,40.1609992980957
1652474404,E,Pressure,101656.0
1652474404,E,Gas,3933.047119140625
1652474404,E,Accelerometer,0.0
1652474404,E,Light,1.0
1652474404,E,MIC,3.0
1652474404,E,RSSI,68.0
1652474407,F,Temperature,23.71500015258789
1652474407,F,Humidity,37.0629997253418
1652474407,F,Pressure,101692.0
1652474407,F,Gas,2925.820068359375
1652474407,F,Accelerometer,0.0
1652474407,F,Light,0.0
1652474407,F,MIC,3.0
1652474407,F,RSSI,93.0
1652474408,C,Temperature,22.97500038146973
1652474408,C,Humidity,40.3759994506836
1652474408,C,Pressure,101677.0
1652474408,C,Gas,1329.552978515625
1652474408,C,Accelerometer,0.0
1652474408,C,Light,0.0
1652474408,C,MIC,3.0
1652474408,C,RSSI,76.0
1652474409,B,Temperature,23.645000457763672
1652474409,B,Humidity,39.76599884033203
1652474409,B,Pressure,101620.0
1652474409,B,Gas,4930.80322265625
1652474409,B,Accelerometer,0.0
1652474409,B,Light,0.0
1652474409,B,MIC,2.0
1652474409,B,RSSI,91.0
1652474410,H,Temperature,23.395000457763672
1652474410,H,Humidity,37.99800109863281
1652474410,H,Pressure,101675.0
1652474410,H,Gas,4033.0009765625
1652474410,H,Accelerometer,0.0
1652474410,H,Light,2.0
1652474410,H,MIC,2.0
1652474410,H,RSSI,79.0
1652474410,A,Temperature,23.57500076293945
1652474410,A,Humidity,38.75699996948242
1652474410,A,Pressure,101658.0
1652474410,A,Gas,1216.762939453125
1652474410,A,Accelerometer,0.0
1652474410,A,Light,0.0
1652474410,A,MIC,1.0
1652474410,A,RSSI,74.0
1652474412,D,Temperature,23.434999465942386
1652474412,D,Humidity,37.959999084472656
1652474412,D,Pressure,101681.0
1652474412,D,Gas,3833.237060546875
1652474412,D,Accelerometer,0.0
1652474412,D,Light,1.0
1652474412,D,MIC,3.0
1652474412,D,RSSI,62.0
1652474414,E,Temperature,22.475000381469727
1652474414,E,Humidity,40.16600036621094
1652474414,E,Pressure,101656.0
1652474414,E,Gas,3925.02099609375
1652474414,E,Accelerometer,0.0
1652474414,E,Light,1.0
1652474414,E,MIC,3.0
1652474414,E,RSSI,68.0
1652474417,F,Temperature,23.72500038146973
1652474417,F,Humidity,37.04299926757813
1652474417,F,Pressure,101692.0
1652474417,F,Gas,2934.471923828125
1652474417,F,Accelerometer,0.0
1652474417,F,Light,0.0
1652474417,F,MIC,3.0
1652474417,F,RSSI,93.0
1652474418,C,Temperature,22.94499969482422
1652474418,C,Humidity,40.44499969482422
1652474418,C,Pressure,101677.0
1652474418,C,Gas,1331.512939453125
1652474418,C,Accelerometer,0.0
1652474418,C,Light,0.0
1652474418,C,MIC,3.0
1652474418,C,RSSI,76.0
1652474419,B,Temperature,23.65500068664551
1652474419,B,Humidity,39.74800109863281
1652474419,B,Pressure,101620.0
1652474419,B,Gas,4934.67822265625
1652474419,B,Accelerometer,0.0
1652474419,B,Light,0.0
1652474419,B,MIC,2.0
1652474419,B,RSSI,94.0
1652474420,H,Temperature,23.395000457763672
1652474420,H,Humidity,38.0099983215332
1652474420,H,Pressure,101677.0
1652474420,H,Gas,4046.972900390625
1652474420,H,Accelerometer,0.0
1652474420,H,Light,2.0
1652474420,H,MIC,2.0
1652474420,H,RSSI,79.0
1652474421,A,Temperature,23.565000534057614
1652474421,A,Humidity,38.78099822998047
1652474421,A,Pressure,101654.0
1652474421,A,Gas,1230.10302734375
1652474421,A,Accelerometer,0.0
1652474421,A,Light,0.0
1652474421,A,MIC,1.0
1652474421,A,RSSI,74.0
1652474422,D,Temperature,23.434999465942386
1652474422,D,Humidity,37.96200180053711
1652474422,D,Pressure,101683.0
1652474422,D,Gas,3833.2099609375
1652474422,D,Accelerometer,0.0
1652474422,D,Light,1.0
1652474422,D,MIC,3.0
1652474422,D,RSSI,62.0
1652474424,E,Temperature,22.48500061035156
1652474424,E,Humidity,40.13000106811523
1652474424,E,Pressure,101658.0
1652474424,E,Gas,3925.214111328125
1652474424,E,Accelerometer,0.0
1652474424,E,Light,1.0
1652474424,E,MIC,3.0
1652474424,E,RSSI,68.0
1652474426,F,Temperature,23.71500015258789
1652474426,F,Humidity,37.0620002746582
1652474426,F,Pressure,101692.0
1652474426,F,Gas,2929.48388671875
1652474426,F,Accelerometer,0.0
1652474426,F,Light,0.0
1652474426,F,MIC,3.0
1652474426,F,RSSI,93.0
1652474428,C,Temperature,22.95499992370605
1652474428,C,Humidity,40.415000915527344
1652474428,C,Pressure,101677.0
1652474428,C,Gas,1351.905029296875
1652474428,C,Accelerometer,0.0
1652474428,C,Light,0.0
1652474428,C,MIC,3.0
1652474428,C,RSSI,74.0
1652474429,B,Temperature,23.65500068664551
1652474429,B,Humidity,39.76399993896485
1652474429,B,Pressure,101620.0
1652474429,B,Gas,4932.06591796875
1652474429,B,Accelerometer,0.0
1652474429,B,Light,0.0
1652474429,B,MIC,2.0
1652474429,B,RSSI,94.0
1652474430,A,Temperature,23.565000534057614
1652474430,A,Humidity,38.790000915527344
1652474430,A,Pressure,101654.0
1652474430,A,Gas,1242.573974609375
1652474430,A,Accelerometer,0.0
1652474430,A,Light,0.0
1652474430,A,MIC,1.0
1652474430,A,RSSI,74.0
1652474431,H,Temperature,23.395000457763672
1652474431,H,Humidity,38.007999420166016
1652474431,H,Pressure,101679.0
1652474431,H,Gas,4042.35009765625
1652474431,H,Accelerometer,0.0
1652474431,H,Light,2.0
1652474431,H,MIC,2.0
1652474431,H,RSSI,79.0
1652474432,D,Temperature,23.434999465942386
1652474432,D,Humidity,37.95700073242188
1652474432,D,Pressure,101683.0
1652474432,D,Gas,3838.884033203125
1652474432,D,Accelerometer,0.0
1652474432,D,Light,1.0
1652474432,D,MIC,3.0
1652474432,D,RSSI,62.0
1652474434,E,Temperature,22.48500061035156
1652474434,E,Humidity,40.14500045776367
1652474434,E,Pressure,101658.0
1652474434,E,Gas,3915.344970703125
1652474434,E,Accelerometer,0.0
1652474434,E,Light,1.0
1652474434,E,MIC,3.0
1652474434,E,RSSI,68.0
1652474436,F,Temperature,23.71500015258789
1652474436,F,Humidity,37.05699920654297
1652474436,F,Pressure,101692.0
1652474436,F,Gas,2936.260009765625
1652474436,F,Accelerometer,0.0
1652474436,F,Light,0.0
1652474436,F,MIC,3.0
1652474436,F,RSSI,82.0
1652474438,C,Temperature,22.934999465942386
1652474438,C,Humidity,40.47600173950195
1652474438,C,Pressure,101677.0
1652474438,C,Gas,1363.0479736328125
1652474438,C,Accelerometer,0.0
1652474438,C,Light,0.0
1652474438,C,MIC,3.0
1652474438,C,RSSI,74.0
1652474439,B,Temperature,23.65500068664551
1652474439,B,Humidity,39.74599838256836
1652474439,B,Pressure,101620.0
1652474439,B,Gas,4935.14306640625
1652474439,B,Accelerometer,0.0
1652474439,B,Light,0.0
1652474439,B,MIC,2.0
1652474439,B,RSSI,94.0
1652474440,A,Temperature,23.57500076293945
1652474440,A,Humidity,38.77999877929688
1652474440,A,Pressure,101658.0
1652474440,A,Gas,1255.406005859375
1652474440,A,Accelerometer,0.0
1652474440,A,Light,0.0
1652474440,A,MIC,1.0
1652474440,A,RSSI,74.0
1652474440,H,Temperature,23.38500022888184
1652474440,H,Humidity,38.0369987487793
1652474440,H,Pressure,101671.0
1652474440,H,Gas,4046.468994140625
1652474440,H,Accelerometer,0.0
1652474440,H,Light,2.0
1652474440,H,MIC,2.0
1652474440,H,RSSI,87.0
1652474442,D,Temperature,23.434999465942386
1652474442,D,Humidity,37.95700073242188
1652474442,D,Pressure,101683.0
1652474442,D,Gas,3829.14697265625
1652474442,D,Accelerometer,0.0
1652474442,D,Light,1.0
1652474442,D,MIC,3.0
1652474442,D,RSSI,62.0
1652474444,E,Temperature,22.48500061035156
1652474444,E,Humidity,40.14500045776367
1652474444,E,Pressure,101658.0
1652474444,E,Gas,3914.10498046875
1652474444,E,Accelerometer,0.0
1652474444,E,Light,1.0
1652474444,E,MIC,3.0
1652474444,E,RSSI,68.0
1652474447,F,Temperature,23.72500038146973
1652474447,F,Humidity,37.0359992980957
1652474447,F,Pressure,101694.0
1652474447,F,Gas,2938.56298828125
1652474447,F,Accelerometer,0.0
1652474447,F,Light,0.0
1652474447,F,MIC,3.0
1652474447,F,RSSI,82.0
1652474448,C,Temperature,22.915000915527344
1652474448,C,Humidity,40.50299835205078
1652474448,C,Pressure,101677.0
1652474448,C,Gas,1363.761962890625
1652474448,C,Accelerometer,0.0
1652474448,C,Light,0.0
1652474448,C,MIC,3.0
1652474448,C,RSSI,74.0
1652474449,B,Temperature,23.65500068664551
1652474449,B,Humidity,39.766998291015625
1652474449,B,Pressure,101620.0
1652474449,B,Gas,4944.02783203125
1652474449,B,Accelerometer,0.0
1652474449,B,Light,0.0
1652474449,B,MIC,2.0
1652474449,B,RSSI,94.0
1652474450,H,Temperature,23.38500022888184
1652474450,H,Humidity,38.053001403808594
1652474450,H,Pressure,101673.0
1652474450,H,Gas,4060.794921875
1652474450,H,Accelerometer,0.0
1652474450,H,Light,2.0
1652474450,H,MIC,2.0
1652474450,H,RSSI,87.0
1652474451,A,Temperature,23.565000534057614
1652474451,A,Humidity,38.76900100708008
1652474451,A,Pressure,101652.0
1652474451,A,Gas,1259.5179443359375
1652474451,A,Accelerometer,0.0
1652474451,A,Light,0.0
1652474451,A,MIC,1.0
1652474451,A,RSSI,81.0
1652474452,D,Temperature,23.44499969482422
1652474452,D,Humidity,37.941001892089844
1652474452,D,Pressure,101681.0
1652474452,D,Gas,3814.162109375
1652474452,D,Accelerometer,0.0
1652474452,D,Light,1.0
1652474452,D,MIC,3.0
1652474452,D,RSSI,53.0
1652474454,E,Temperature,22.48500061035156
1652474454,E,Humidity,40.104000091552734
1652474454,E,Pressure,101658.0
1652474454,E,Gas,3916.695068359375
1652474454,E,Accelerometer,0.0
1652474454,E,Light,1.0
1652474454,E,MIC,3.0
1652474454,E,RSSI,70.0
1652474456,F,Temperature,23.71500015258789
1652474456,F,Humidity,37.066001892089844
1652474456,F,Pressure,101694.0
1652474456,F,Gas,2925.864013671875
1652474456,F,Accelerometer,0.0
1652474456,F,Light,0.0
1652474456,F,MIC,3.0
1652474456,F,RSSI,82.0
1652474458,C,Temperature,22.92499923706055
1652474458,C,Humidity,40.47100067138672
1652474458,C,Pressure,101675.0
1652474458,C,Gas,1361.281982421875
1652474458,C,Accelerometer,0.0
1652474458,C,Light,0.0
1652474458,C,MIC,3.0
1652474458,C,RSSI,74.0
1652474460,B,Temperature,23.645000457763672
1652474460,B,Humidity,39.78099822998047
1652474460,B,Pressure,101618.0
1652474460,B,Gas,4940.833984375
1652474460,B,Accelerometer,0.0
1652474460,B,Light,0.0
1652474460,B,MIC,2.0
1652474460,B,RSSI,94.0
1652474460,A,Temperature,23.57500076293945
1652474460,A,Humidity,38.7599983215332
1652474460,A,Pressure,101658.0
1652474460,A,Gas,1273.0140380859375
1652474460,A,Accelerometer,0.0
1652474460,A,Light,0.0
1652474460,A,MIC,1.0
1652474460,A,RSSI,81.0
1652474460,H,Temperature,23.38500022888184
1652474460,H,Humidity,38.0359992980957
1652474460,H,Pressure,101675.0
1652474460,H,Gas,4060.02001953125
1652474460,H,Accelerometer,0.0
1652474460,H,Light,2.0
1652474460,H,MIC,2.0
1652474460,H,RSSI,87.0
1652474462,D,Temperature,23.44499969482422
1652474462,D,Humidity,37.933998107910156
1652474462,D,Pressure,101685.0
1652474462,D,Gas,3809.7119140625
1652474462,D,Accelerometer,0.0
1652474462,D,Light,1.0
1652474462,D,MIC,3.0
1652474462,D,RSSI,53.0
1652474464,E,Temperature,22.475000381469727
1652474464,E,Humidity,40.15299987792969
1652474464,E,Pressure,101656.0
1652474464,E,Gas,3912.48291015625
1652474464,E,Accelerometer,0.0
1652474464,E,Light,1.0
1652474464,E,MIC,3.0
1652474464,E,RSSI,70.0
1652474467,F,Temperature,23.71500015258789
1652474467,F,Humidity,37.06700134277344
1652474467,F,Pressure,101694.0
1652474467,F,Gas,2934.659912109375
1652474467,F,Accelerometer,0.0
1652474467,F,Light,0.0
1652474467,F,MIC,3.0
1652474467,F,RSSI,82.0
1652474468,C,Temperature,22.88500022888184
1652474468,C,Humidity,40.56800079345703
1652474468,C,Pressure,101677.0
1652474468,C,Gas,1359.550048828125
1652474468,C,Accelerometer,0.0
1652474468,C,Light,0.0
1652474468,C,MIC,3.0
1652474468,C,RSSI,74.0
1652474470,B,Temperature,23.65500068664551
1652474470,B,Humidity,39.74599838256836
1652474470,B,Pressure,101622.0
1652474470,B,Gas,4930.35498046875
1652474470,B,Accelerometer,0.0
1652474470,B,Light,0.0
1652474470,B,MIC,2.0
1652474470,B,RSSI,90.0
1652474470,A,Temperature,23.57500076293945
1652474470,A,Humidity,38.74100112915039
1652474470,A,Pressure,101656.0
1652474470,A,Gas,1285.7449951171875
1652474470,A,Accelerometer,0.0
1652474470,A,Light,0.0
1652474470,A,MIC,1.0
1652474470,A,RSSI,81.0
1652474470,H,Temperature,23.38500022888184
1652474470,H,Humidity,38.04199981689453
1652474470,H,Pressure,101673.0
1652474470,H,Gas,4058.3369140625
1652474470,H,Accelerometer,0.0
1652474470,H,Light,2.0
1652474470,H,MIC,2.0
1652474470,H,RSSI,87.0
1652474472,D,Temperature,23.44499969482422
1652474472,D,Humidity,37.959999084472656
1652474472,D,Pressure,101687.0
1652474472,D,Gas,3811.677001953125
1652474472,D,Accelerometer,0.0
1652474472,D,Light,1.0
1652474472,D,MIC,3.0
1652474472,D,RSSI,53.0
1652474474,E,Temperature,22.48500061035156
1652474474,E,Humidity,40.13899993896485
1652474474,E,Pressure,101659.0
1652474474,E,Gas,3906.698974609375
1652474474,E,Accelerometer,0.0
1652474474,E,Light,1.0
1652474474,E,MIC,3.0
1652474474,E,RSSI,70.0
1652474477,F,Temperature,23.71500015258789
1652474477,F,Humidity,37.0620002746582
1652474477,F,Pressure,101696.0
1652474477,F,Gas,2935.0029296875
1652474477,F,Accelerometer,0.0
1652474477,F,Light,0.0
1652474477,F,MIC,3.0
1652474477,F,RSSI,82.0
1652474478,C,Temperature,22.90500068664551
1652474478,C,Humidity,40.51900100708008
1652474478,C,Pressure,101679.0
1652474478,C,Gas,1359.2509765625
1652474478,C,Accelerometer,0.0
1652474478,C,Light,0.0
1652474478,C,MIC,3.0
1652474478,C,RSSI,84.0
1652474480,B,Temperature,23.645000457763672
1652474480,B,Humidity,39.77199935913086
1652474480,B,Pressure,101620.0
1652474480,B,Gas,4934.583984375
1652474480,B,Accelerometer,0.0
1652474480,B,Light,0.0
1652474480,B,MIC,2.0
1652474480,B,RSSI,90.0
1652474480,A,Temperature,23.57500076293945
1652474480,A,Humidity,38.72000122070313
1652474480,A,Pressure,101658.0
1652474480,A,Gas,1286.2049560546875
1652474480,A,Accelerometer,0.0
1652474480,A,Light,0.0
1652474480,A,MIC,1.0
1652474480,A,RSSI,81.0
1652474480,H,Temperature,23.38500022888184
1652474480,H,Humidity,38.040000915527344
1652474480,H,Pressure,101675.0
1652474480,H,Gas,4051.284912109375
1652474480,H,Accelerometer,0.0
1652474480,H,Light,2.0
1652474480,H,MIC,2.0
1652474480,H,RSSI,87.0
1652474482,D,Temperature,23.44499969482422
1652474482,D,Humidity,37.96099853515625
1652474482,D,Pressure,101683.0
1652474482,D,Gas,3804.23193359375
1652474482,D,Accelerometer,0.0
1652474482,D,Light,1.0
1652474482,D,MIC,3.0
1652474482,D,RSSI,53.0
1652474484,E,Temperature,22.475000381469727
1652474484,E,Humidity,40.18600082397461
1652474484,E,Pressure,101658.0
1652474484,E,Gas,3903.5048828125
1652474484,E,Accelerometer,0.0
1652474484,E,Light,1.0
1652474484,E,MIC,3.0
1652474484,E,RSSI,70.0
1652474486,F,Temperature,23.71500015258789
1652474486,F,Humidity,37.04999923706055
1652474486,F,Pressure,101694.0
1652474486,F,Gas,2940.532958984375
1652474486,F,Accelerometer,0.0
1652474486,F,Light,0.0
1652474486,F,MIC,3.0
1652474486,F,RSSI,78.0
1652474488,C,Temperature,22.915000915527344
1652474488,C,Humidity,40.507999420166016
1652474488,C,Pressure,101679.0
1652474488,C,Gas,1358.3599853515625
1652474488,C,Accelerometer,0.0
1652474488,C,Light,0.0
1652474488,C,MIC,3.0
1652474488,C,RSSI,84.0
1652474490,B,Temperature,23.645000457763672
1652474490,B,Humidity,39.78900146484375
1652474490,B,Pressure,101624.0
1652474490,B,Gas,4954.8828125
1652474490,B,Accelerometer,0.0
1652474490,B,Light,0.0
1652474490,B,MIC,2.0
1652474490,B,RSSI,90.0
1652474490,A,Temperature,23.565000534057614
1652474490,A,Humidity,38.76499938964844
1652474490,A,Pressure,101654.0
1652474490,A,Gas,1299.634033203125
1652474490,A,Accelerometer,0.0
1652474490,A,Light,0.0
1652474490,A,MIC,1.0
1652474490,A,RSSI,81.0
1652474492,D,Temperature,23.44499969482422
1652474492,D,Humidity,37.91600036621094
1652474492,D,Pressure,101685.0
1652474492,D,Gas,3806.096923828125
1652474492,D,Accelerometer,0.0
1652474492,D,Light,1.0
1652474492,D,MIC,3.0
1652474492,D,RSSI,53.0
1652474493,H,Temperature,23.38500022888184
1652474493,H,Humidity,38.03900146484375
1652474493,H,Pressure,101675.0
1652474493,H,Gas,4040.18603515625
1652474493,H,Accelerometer,0.0
1652474493,H,Light,2.0
1652474493,H,MIC,2.0
1652474493,H,RSSI,82.0
1652474494,E,Temperature,22.48500061035156
1652474494,E,Humidity,40.16699981689453
1652474494,E,Pressure,101658.0
1652474494,E,Gas,3901.75
1652474494,E,Accelerometer,0.0
1652474494,E,Light,1.0
1652474494,E,MIC,3.0
1652474494,E,RSSI,70.0
1652474498,C,Temperature,22.934999465942386
1652474498,C,Humidity,40.44900131225586
1652474498,C,Pressure,101681.0
1652474498,C,Gas,1366.39697265625
1652474498,C,Accelerometer,0.0
1652474498,C,Light,0.0
1652474498,C,MIC,3.0
1652474498,C,RSSI,84.0
1652474499,F,Temperature,23.71500015258789
1652474499,F,Humidity,37.053001403808594
1652474499,F,Pressure,101696.0
1652474499,F,Gas,2952.096923828125
1652474499,F,Accelerometer,0.0
1652474499,F,Light,0.0
1652474499,F,MIC,3.0
1652474499,F,RSSI,78.0
1652474500,B,Temperature,23.645000457763672
1652474500,B,Humidity,39.79700088500977
1652474500,B,Pressure,101624.0
1652474500,B,Gas,4942.83203125
1652474500,B,Accelerometer,0.0
1652474500,B,Light,0.0
1652474500,B,MIC,2.0
1652474500,B,RSSI,90.0
1652474500,A,Temperature,23.565000534057614
1652474500,A,Humidity,38.77299880981445
1652474500,A,Pressure,101656.0
1652474500,A,Gas,1300.491943359375
1652474500,A,Accelerometer,0.0
1652474500,A,Light,0.0
1652474500,A,MIC,1.0
1652474500,A,RSSI,78.0
1652474500,H,Temperature,23.375
1652474500,H,Humidity,38.060001373291016
1652474500,H,Pressure,101677.0
1652474500,H,Gas,4031.89990234375
1652474500,H,Accelerometer,0.0
1652474500,H,Light,2.0
1652474500,H,MIC,2.0
1652474500,H,RSSI,82.0
1652474502,D,Temperature,23.44499969482422
1652474502,D,Humidity,37.92599868774414
1652474502,D,Pressure,101687.0
1652474502,D,Gas,3823.318115234375
1652474502,D,Accelerometer,0.0
1652474502,D,Light,1.0
1652474502,D,MIC,3.0
1652474502,D,RSSI,53.0
1652474504,E,Temperature,22.46500015258789
1652474504,E,Humidity,40.191001892089844
1652474504,E,Pressure,101659.0
1652474504,E,Gas,3897.60888671875
1652474504,E,Accelerometer,0.0
1652474504,E,Light,1.0
1652474504,E,MIC,3.0
1652474504,E,RSSI,70.0
1652474506,F,Temperature,23.71500015258789
1652474506,F,Humidity,37.05799865722656
1652474506,F,Pressure,101700.0
1652474506,F,Gas,2953.97900390625
1652474506,F,Accelerometer,0.0
1652474506,F,Light,0.0
1652474506,F,MIC,3.0
1652474506,F,RSSI,78.0
1652474509,C,Temperature,22.94499969482422
1652474509,C,Humidity,40.43899917602539
1652474509,C,Pressure,101679.0
1652474509,C,Gas,1371.7559814453125
1652474509,C,Accelerometer,0.0
1652474509,C,Light,0.0
1652474509,C,MIC,3.0
1652474509,C,RSSI,84.0
1652474510,B,Temperature,23.63500022888184
1652474510,B,Humidity,39.810001373291016
1652474510,B,Pressure,101622.0
1652474510,B,Gas,4952.2587890625
1652474510,B,Accelerometer,0.0
1652474510,B,Light,0.0
1652474510,B,MIC,2.0
1652474510,B,RSSI,90.0
1652474510,A,Temperature,23.565000534057614
1652474510,A,Humidity,38.810001373291016
1652474510,A,Pressure,101658.0
1652474510,A,Gas,1313.344970703125
1652474510,A,Accelerometer,0.0
1652474510,A,Light,0.0
1652474510,A,MIC,1.0
1652474510,A,RSSI,78.0
1652474511,H,Temperature,23.375
1652474511,H,Humidity,38.07400131225586
1652474511,H,Pressure,101675.0
1652474511,H,Gas,4031.68896484375
1652474511,H,Accelerometer,0.0
1652474511,H,Light,2.0
1652474511,H,MIC,2.0
1652474511,H,RSSI,82.0
1652474512,D,Temperature,23.434999465942386
1652474512,D,Humidity,37.95899963378906
1652474512,D,Pressure,101687.0
1652474512,D,Gas,3832.551025390625
1652474512,D,Accelerometer,0.0
1652474512,D,Light,1.0
1652474512,D,MIC,3.0
1652474512,D,RSSI,53.0
1652474514,E,Temperature,22.475000381469727
1652474514,E,Humidity,40.1619987487793
1652474514,E,Pressure,101659.0
1652474514,E,Gas,3901.7890625
1652474514,E,Accelerometer,0.0
1652474514,E,Light,1.0
1652474514,E,MIC,3.0
1652474514,E,RSSI,70.0
1652474517,F,Temperature,23.70499992370605
1652474517,F,Humidity,37.09400177001953
1652474517,F,Pressure,101700.0
1652474517,F,Gas,2961.5458984375
1652474517,F,Accelerometer,0.0
1652474517,F,Light,0.0
1652474517,F,MIC,3.0
1652474517,F,RSSI,78.0
1652474518,C,Temperature,22.934999465942386
1652474518,C,Humidity,40.46699905395508
1652474518,C,Pressure,101679.0
1652474518,C,Gas,1364.6199951171875
1652474518,C,Accelerometer,0.0
1652474518,C,Light,0.0
1652474518,C,MIC,3.0
1652474518,C,RSSI,84.0
1652474519,B,Temperature,23.63500022888184
1652474519,B,Humidity,39.79999923706055
1652474519,B,Pressure,101624.0
1652474519,B,Gas,4949.130859375
1652474519,B,Accelerometer,0.0
1652474519,B,Light,0.0
1652474519,B,MIC,2.0
1652474519,B,RSSI,90.0
1652474520,H,Temperature,23.375
1652474520,H,Humidity,38.066001892089844
1652474520,H,Pressure,101679.0
1652474520,H,Gas,4038.458984375
1652474520,H,Accelerometer,0.0
1652474520,H,Light,2.0
1652474520,H,MIC,2.0
1652474520,H,RSSI,82.0
1652474521,A,Temperature,23.565000534057614
1652474521,A,Humidity,38.7869987487793
1652474521,A,Pressure,101656.0
1652474521,A,Gas,1323.0770263671875
1652474521,A,Accelerometer,0.0
1652474521,A,Light,0.0
1652474521,A,MIC,1.0
1652474521,A,RSSI,78.0
1652474522,D,Temperature,23.42499923706055
1652474522,D,Humidity,37.9739990234375
1652474522,D,Pressure,101689.0
1652474522,D,Gas,3834.60400390625
1652474522,D,Accelerometer,0.0
1652474522,D,Light,1.0
1652474522,D,MIC,3.0
1652474522,D,RSSI,53.0
1652474524,E,Temperature,22.475000381469727
1652474524,E,Humidity,40.16400146484375
1652474524,E,Pressure,101658.0
1652474524,E,Gas,3909.2890625
1652474524,E,Accelerometer,0.0
1652474524,E,Light,1.0
1652474524,E,MIC,3.0
1652474524,E,RSSI,70.0
1652474527,F,Temperature,23.70499992370605
1652474527,F,Humidity,37.08000183105469
1652474527,F,Pressure,101700.0
1652474527,F,Gas,2950.574951171875
1652474527,F,Accelerometer,0.0
1652474527,F,Light,0.0
1652474527,F,MIC,3.0
1652474527,F,RSSI,80.0
1652474528,C,Temperature,22.934999465942386
1652474528,C,Humidity,40.46799850463867
1652474528,C,Pressure,101679.0
1652474528,C,Gas,1364.89697265625
1652474528,C,Accelerometer,0.0
1652474528,C,Light,0.0
1652474528,C,MIC,3.0
1652474528,C,RSSI,74.0
1652474530,B,Temperature,23.63500022888184
1652474530,B,Humidity,39.81499862670898
1652474530,B,Pressure,101624.0
1652474530,B,Gas,4946.00390625
1652474530,B,Accelerometer,0.0
1652474530,B,Light,0.0
1652474530,B,MIC,2.0
1652474530,B,RSSI,90.0
1652474530,A,Temperature,23.565000534057614
1652474530,A,Humidity,38.77000045776367
1652474530,A,Pressure,101656.0
1652474530,A,Gas,1331.89501953125
1652474530,A,Accelerometer,0.0
1652474530,A,Light,0.0
1652474530,A,MIC,1.0
1652474530,A,RSSI,78.0
1652474531,H,Temperature,23.364999771118164
1652474531,H,Humidity,38.09000015258789
1652474531,H,Pressure,101675.0
1652474531,H,Gas,4032.530029296875
1652474531,H,Accelerometer,0.0
1652474531,H,Light,2.0
1652474531,H,MIC,2.0
1652474531,H,RSSI,82.0
1652474532,D,Temperature,23.434999465942386
1652474532,D,Humidity,37.97600173950195
1652474532,D,Pressure,101687.0
1652474532,D,Gas,3836.785888671875
1652474532,D,Accelerometer,0.0
1652474532,D,Light,1.0
1652474532,D,MIC,3.0
1652474532,D,RSSI,53.0
1652474534,E,Temperature,22.475000381469727
1652474534,E,Humidity,40.13399887084961
1652474534,E,Pressure,101659.0
1652474534,E,Gas,3927.472900390625
1652474534,E,Accelerometer,0.0
1652474534,E,Light,1.0
1652474534,E,MIC,3.0
1652474534,E,RSSI,70.0
1652474538,C,Temperature,22.92499923706055
1652474538,C,Humidity,40.47200012207031
1652474538,C,Pressure,101677.0
1652474538,C,Gas,1373.3270263671875
1652474538,C,Accelerometer,0.0
1652474538,C,Light,0.0
1652474538,C,MIC,3.0
1652474538,C,RSSI,74.0
1652474540,B,Temperature,23.63500022888184
1652474540,B,Humidity,39.8129997253418
1652474540,B,Pressure,101624.0
1652474540,B,Gas,4956.3271484375
1652474540,B,Accelerometer,0.0
1652474540,B,Light,0.0
1652474540,B,MIC,2.0
1652474540,B,RSSI,90.0
1652474540,A,Temperature,23.565000534057614
1652474540,A,Humidity,38.757999420166016
1652474540,A,Pressure,101656.0
1652474540,A,Gas,1322.60595703125
1652474540,A,Accelerometer,0.0
1652474540,A,Light,0.0
1652474540,A,MIC,1.0
1652474540,A,RSSI,78.0
1652474541,F,Temperature,23.70499992370605
1652474541,F,Humidity,37.07500076293945
1652474541,F,Pressure,101696.0
1652474541,F,Gas,2958.85009765625
1652474541,F,Accelerometer,0.0
1652474541,F,Light,0.0
1652474541,F,MIC,3.0
1652474541,F,RSSI,80.0
1652474543,D,Temperature,23.42499923706055
1652474543,D,Humidity,37.9630012512207
1652474543,D,Pressure,101683.0
1652474543,D,Gas,3833.591064453125
1652474543,D,Accelerometer,0.0
1652474543,D,Light,1.0
1652474543,D,MIC,3.0
1652474543,D,RSSI,53.0
1652474544,E,Temperature,22.475000381469727
1652474544,E,Humidity,40.07400131225586
1652474544,E,Pressure,101658.0
1652474544,E,Gas,3951.679931640625
1652474544,E,Accelerometer,0.0
1652474544,E,Light,1.0
1652474544,E,MIC,3.0
1652474544,E,RSSI,70.0
1652474545,H,Temperature,23.364999771118164
1652474545,H,Humidity,38.07699966430664
1652474545,H,Pressure,101675.0
1652474545,H,Gas,4021.14990234375
1652474545,H,Accelerometer,0.0
1652474545,H,Light,2.0
1652474545,H,MIC,3.0
1652474545,H,RSSI,81.0
1652474548,F,Temperature,23.70499992370605
1652474548,F,Humidity,37.0629997253418
1652474548,F,Pressure,101700.0
1652474548,F,Gas,2959.087890625
1652474548,F,Accelerometer,0.0
1652474548,F,Light,0.0
1652474548,F,MIC,3.0
1652474548,F,RSSI,80.0
1652474548,C,Temperature,22.92499923706055
1652474548,C,Humidity,40.47200012207031
1652474548,C,Pressure,101681.0
1652474548,C,Gas,1381.3590087890625
1652474548,C,Accelerometer,0.0
1652474548,C,Light,0.0
1652474548,C,MIC,3.0
1652474548,C,RSSI,74.0
1652474550,B,Temperature,23.63500022888184
1652474550,B,Humidity,39.80099868774414
1652474550,B,Pressure,101622.0
1652474550,B,Gas,4957.97119140625
1652474550,B,Accelerometer,0.0
1652474550,B,Light,0.0
1652474550,B,MIC,2.0
1652474550,B,RSSI,90.0
1652474550,A,Temperature,23.565000534057614
1652474550,A,Humidity,38.75
1652474550,A,Pressure,101656.0
1652474550,A,Gas,1319.699951171875
1652474550,A,Accelerometer,0.0
1652474550,A,Light,0.0
1652474550,A,MIC,1.0
1652474550,A,RSSI,79.0
1652474551,H,Temperature,23.354999542236328
1652474551,H,Humidity,38.108001708984375
1652474551,H,Pressure,101679.0
1652474551,H,Gas,4005.75
1652474551,H,Accelerometer,0.0
1652474551,H,Light,2.0
1652474551,H,MIC,3.0
1652474551,H,RSSI,81.0
1652474553,D,Temperature,23.42499923706055
1652474553,D,Humidity,38.00199890136719
1652474553,D,Pressure,101685.0
1652474553,D,Gas,3831.160888671875
1652474553,D,Accelerometer,0.0
1652474553,D,Light,1.0
1652474553,D,MIC,3.0
1652474553,D,RSSI,59.0
1652474554,E,Temperature,22.46500015258789
1652474554,E,Humidity,40.05699920654297
1652474554,E,Pressure,101658.0
1652474554,E,Gas,3995.819091796875
1652474554,E,Accelerometer,0.0
1652474554,E,Light,1.0
1652474554,E,MIC,2.0
1652474554,E,RSSI,73.0
1652474556,F,Temperature,23.71500015258789
1652474556,F,Humidity,37.07799911499024
1652474556,F,Pressure,101698.0
1652474556,F,Gas,2955.40087890625
1652474556,F,Accelerometer,0.0
1652474556,F,Light,0.0
1652474556,F,MIC,3.0
1652474556,F,RSSI,80.0
1652474559,C,Temperature,22.915000915527344
1652474559,C,Humidity,40.51900100708008
1652474559,C,Pressure,101679.0
1652474559,C,Gas,1370.6259765625
1652474559,C,Accelerometer,0.0
1652474559,C,Light,0.0
1652474559,C,MIC,3.0
1652474559,C,RSSI,74.0
1652474560,B,Temperature,23.63500022888184
1652474560,B,Humidity,39.79999923706055
1652474560,B,Pressure,101626.0
1652474560,B,Gas,4954.11279296875
1652474560,B,Accelerometer,0.0
1652474560,B,Light,0.0
1652474560,B,MIC,2.0
1652474560,B,RSSI,90.0
1652474560,A,Temperature,23.57500076293945
1652474560,A,Humidity,38.7239990234375
1652474560,A,Pressure,101659.0
1652474560,A,Gas,1336.4830322265625
1652474560,A,Accelerometer,0.0
1652474560,A,Light,0.0
1652474560,A,MIC,1.0
1652474560,A,RSSI,79.0
1652474562,D,Temperature,23.42499923706055
1652474562,D,Humidity,37.98400115966797
1652474562,D,Pressure,101687.0
1652474562,D,Gas,3829.555908203125
1652474562,D,Accelerometer,0.0
1652474562,D,Light,1.0
1652474562,D,MIC,3.0
1652474562,D,RSSI,59.0
1652474564,H,Temperature,23.354999542236328
1652474564,H,Humidity,38.09500122070313
1652474564,H,Pressure,101677.0
1652474564,H,Gas,3979.672119140625
1652474564,H,Accelerometer,0.0
1652474564,H,Light,2.0
1652474564,H,MIC,3.0
1652474564,H,RSSI,81.0
1652474564,E,Temperature,22.475000381469727
1652474564,E,Humidity,40.09000015258789
1652474564,E,Pressure,101658.0
1652474564,E,Gas,4014.612060546875
1652474564,E,Accelerometer,0.0
1652474564,E,Light,1.0
1652474564,E,MIC,2.0
1652474564,E,RSSI,73.0
1652474567,F,Temperature,23.70499992370605
1652474567,F,Humidity,37.0989990234375
1652474567,F,Pressure,101698.0
1652474567,F,Gas,2957.571044921875
1652474567,F,Accelerometer,0.0
1652474567,F,Light,0.0
1652474567,F,MIC,3.0
1652474567,F,RSSI,80.0
1652474568,C,Temperature,22.915000915527344
1652474568,C,Humidity,40.512001037597656
1652474568,C,Pressure,101677.0
1652474568,C,Gas,1382.5880126953125
1652474568,C,Accelerometer,0.0
1652474568,C,Light,0.0
1652474568,C,MIC,3.0
1652474568,C,RSSI,74.0
1652474570,B,Temperature,23.625
1652474570,B,Humidity,39.84600067138672
1652474570,B,Pressure,101622.0
1652474570,B,Gas,4960.55078125
1652474570,B,Accelerometer,0.0
1652474570,B,Light,0.0
1652474570,B,MIC,2.0
1652474570,B,RSSI,93.0
1652474571,A,Temperature,23.565000534057614
1652474571,A,Humidity,38.73699951171875
1652474571,A,Pressure,101654.0
1652474571,A,Gas,1332.491943359375
1652474571,A,Accelerometer,0.0
1652474571,A,Light,0.0
1652474571,A,MIC,1.0
1652474571,A,RSSI,79.0
1652474571,H,Temperature,23.34499931335449
1652474571,H,Humidity,38.11000061035156
1652474571,H,Pressure,101675.0
1652474571,H,Gas,3962.3359375
1652474571,H,Accelerometer,0.0
1652474571,H,Light,2.0
1652474571,H,MIC,3.0
1652474571,H,RSSI,81.0
1652474573,D,Temperature,23.434999465942386
1652474573,D,Humidity,37.95600128173828
1652474573,D,Pressure,101687.0
1652474573,D,Gas,3839.299072265625
1652474573,D,Accelerometer,0.0
1652474573,D,Light,1.0
1652474573,D,MIC,3.0
1652474573,D,RSSI,59.0
1652474574,E,Temperature,22.46500015258789
1652474574,E,Humidity,40.1609992980957
1652474574,E,Pressure,101659.0
1652474574,E,Gas,4016.931884765625
1652474574,E,Accelerometer,0.0
1652474574,E,Light,1.0
1652474574,E,MIC,2.0
1652474574,E,RSSI,73.0
1652474577,F,Temperature,23.70499992370605
1652474577,F,Humidity,37.08300018310547
1652474577,F,Pressure,101696.0
1652474577,F,Gas,2955.4951171875
1652474577,F,Accelerometer,0.0
1652474577,F,Light,0.0
1652474577,F,MIC,3.0
1652474577,F,RSSI,80.0
1652474578,C,Temperature,22.88500022888184
1652474578,C,Humidity,40.584999084472656
1652474578,C,Pressure,101681.0
1652474578,C,Gas,1372.2320556640625
1652474578,C,Accelerometer,0.0
1652474578,C,Light,0.0
1652474578,C,MIC,3.0
1652474578,C,RSSI,76.0
1652474580,B,Temperature,23.625
1652474580,B,Humidity,39.81100082397461
1652474580,B,Pressure,101624.0
1652474580,B,Gas,4955.73486328125
1652474580,B,Accelerometer,0.0
1652474580,B,Light,0.0
1652474580,B,MIC,2.0
1652474580,B,RSSI,93.0
1652474581,H,Temperature,23.354999542236328
1652474581,H,Humidity,38.0880012512207
1652474581,H,Pressure,101679.0
1652474581,H,Gas,3968.805908203125
1652474581,H,Accelerometer,0.0
1652474581,H,Light,2.0
1652474581,H,MIC,3.0
1652474581,H,RSSI,81.0
1652474581,A,Temperature,23.57500076293945
1652474581,A,Humidity,38.75600051879883
1652474581,A,Pressure,101661.0
1652474581,A,Gas,1350.3060302734375
1652474581,A,Accelerometer,0.0
1652474581,A,Light,0.0
1652474581,A,MIC,1.0
1652474581,A,RSSI,79.0
1652474583,D,Temperature,23.42499923706055
1652474583,D,Humidity,37.99100112915039
1652474583,D,Pressure,101687.0
1652474583,D,Gas,3848.044921875
1652474583,D,Accelerometer,0.0
1652474583,D,Light,1.0
1652474583,D,MIC,3.0
1652474583,D,RSSI,59.0
1652474584,E,Temperature,22.46500015258789
1652474584,E,Humidity,40.15999984741211
1652474584,E,Pressure,101659.0
1652474584,E,Gas,4012.863037109375
1652474584,E,Accelerometer,0.0
1652474584,E,Light,1.0
1652474584,E,MIC,2.0
1652474584,E,RSSI,73.0
1652474586,F,Temperature,23.70499992370605
1652474586,F,Humidity,37.11399841308594
1652474586,F,Pressure,101698.0
1652474586,F,Gas,2948.277099609375
1652474586,F,Accelerometer,0.0
1652474586,F,Light,0.0
1652474586,F,MIC,3.0
1652474586,F,RSSI,91.0
1652474588,C,Temperature,22.88500022888184
1652474588,C,Humidity,40.58200073242188
1652474588,C,Pressure,101679.0
1652474588,C,Gas,1380.6290283203125
1652474588,C,Accelerometer,0.0
1652474588,C,Light,0.0
1652474588,C,MIC,3.0
1652474588,C,RSSI,76.0
1652474590,B,Temperature,23.625
1652474590,B,Humidity,39.83399963378906
1652474590,B,Pressure,101624.0
1652474590,B,Gas,4949.97802734375
1652474590,B,Accelerometer,0.0
1652474590,B,Light,0.0
1652474590,B,MIC,2.0
1652474590,B,RSSI,93.0
1652474591,A,Temperature,23.565000534057614
1652474591,A,Humidity,38.77199935913086
1652474591,A,Pressure,101656.0
1652474591,A,Gas,1359.6219482421875
1652474591,A,Accelerometer,0.0
1652474591,A,Light,0.0
1652474591,A,MIC,1.0
1652474591,A,RSSI,79.0
1652474592,H,Temperature,23.354999542236328
1652474592,H,Humidity,38.097999572753906
1652474592,H,Pressure,101679.0
1652474592,H,Gas,3981.199951171875
1652474592,H,Accelerometer,0.0
1652474592,H,Light,2.0
1652474592,H,MIC,3.0
1652474592,H,RSSI,82.0
1652474593,D,Temperature,23.415000915527344
1652474593,D,Humidity,37.99499893188477
1652474593,D,Pressure,101687.0
1652474593,D,Gas,3846.406005859375
1652474593,D,Accelerometer,0.0
1652474593,D,Light,1.0
1652474593,D,MIC,3.0
1652474593,D,RSSI,59.0
1652474594,E,Temperature,22.475000381469727
1652474594,E,Humidity,40.13399887084961
1652474594,E,Pressure,101659.0
1652474594,E,Gas,4010.666015625
1652474594,E,Accelerometer,0.0
1652474594,E,Light,1.0
1652474594,E,MIC,2.0
1652474594,E,RSSI,73.0
1652474596,F,Temperature,23.70499992370605
1652474596,F,Humidity,37.08599853515625
1652474596,F,Pressure,101698.0
1652474596,F,Gas,2928.089111328125
1652474596,F,Accelerometer,0.0
1652474596,F,Light,0.0
1652474596,F,MIC,3.0
1652474596,F,RSSI,91.0
1652474598,C,Temperature,22.875
1652474598,C,Humidity,40.599998474121094
1652474598,C,Pressure,101683.0
1652474598,C,Gas,1364.10498046875
1652474598,C,Accelerometer,0.0
1652474598,C,Light,0.0
1652474598,C,MIC,3.0
1652474598,C,RSSI,76.0
1652474600,B,Temperature,23.614999771118164
1652474600,B,Humidity,39.86399841308594
1652474600,B,Pressure,101622.0
1652474600,B,Gas,4947.509765625
1652474600,B,Accelerometer,0.0
1652474600,B,Light,0.0
1652474600,B,MIC,2.0
1652474600,B,RSSI,93.0
1652474601,H,Temperature,23.354999542236328
1652474601,H,Humidity,38.10699844360352
1652474601,H,Pressure,101675.0
1652474601,H,Gas,3992.492919921875
1652474601,H,Accelerometer,0.0
1652474601,H,Light,2.0
1652474601,H,MIC,3.0
1652474601,H,RSSI,82.0
1652474602,A,Temperature,23.565000534057614
1652474602,A,Humidity,38.7599983215332
1652474602,A,Pressure,101656.0
1652474602,A,Gas,1380.18603515625
1652474602,A,Accelerometer,0.0
1652474602,A,Light,0.0
1652474602,A,MIC,1.0
1652474602,A,RSSI,74.0
1652474603,D,Temperature,23.415000915527344
1652474603,D,Humidity,37.983001708984375
1652474603,D,Pressure,101689.0
1652474603,D,Gas,3841.048095703125
1652474603,D,Accelerometer,0.0
1652474603,D,Light,1.0
1652474603,D,MIC,3.0
1652474603,D,RSSI,62.0
1652474604,E,Temperature,22.475000381469727
1652474604,E,Humidity,40.11299896240234
1652474604,E,Pressure,101659.0
1652474604,E,Gas,4022.0849609375
1652474604,E,Accelerometer,0.0
1652474604,E,Light,1.0
1652474604,E,MIC,2.0
1652474604,E,RSSI,70.0
1652474607,F,Temperature,23.70499992370605
1652474607,F,Humidity,37.11800003051758
1652474607,F,Pressure,101696.0
1652474607,F,Gas,2931.0400390625
1652474607,F,Accelerometer,0.0
1652474607,F,Light,0.0
1652474607,F,MIC,3.0
1652474607,F,RSSI,91.0
1652474609,C,Temperature,22.854999542236328
1652474609,C,Humidity,40.66699981689453
1652474609,C,Pressure,101683.0
1652474609,C,Gas,1367.427001953125
1652474609,C,Accelerometer,0.0
1652474609,C,Light,0.0
1652474609,C,MIC,3.0
1652474609,C,RSSI,76.0
1652474610,B,Temperature,23.625
1652474610,B,Humidity,39.82799911499024
1652474610,B,Pressure,101624.0
1652474610,B,Gas,4947.4208984375
1652474610,B,Accelerometer,0.0
1652474610,B,Light,0.0
1652474610,B,MIC,2.0
1652474610,B,RSSI,93.0
1652474611,A,Temperature,23.565000534057614
1652474611,A,Humidity,38.77999877929688
1652474611,A,Pressure,101656.0
1652474611,A,Gas,1383.3580322265625
1652474611,A,Accelerometer,0.0
1652474611,A,Light,0.0
1652474611,A,MIC,1.0
1652474611,A,RSSI,74.0
1652474611,H,Temperature,23.34499931335449
1652474611,H,Humidity,38.132999420166016
1652474611,H,Pressure,101675.0
1652474611,H,Gas,3992.22705078125
1652474611,H,Accelerometer,0.0
1652474611,H,Light,2.0
1652474611,H,MIC,3.0
1652474611,H,RSSI,82.0
1652474613,D,Temperature,23.415000915527344
1652474613,D,Humidity,38.0099983215332
1652474613,D,Pressure,101687.0
1652474613,D,Gas,3844.02001953125
1652474613,D,Accelerometer,0.0
1652474613,D,Light,1.0
1652474613,D,MIC,3.0
1652474613,D,RSSI,62.0
1652474614,E,Temperature,22.475000381469727
1652474614,E,Humidity,40.11899948120117
1652474614,E,Pressure,101661.0
1652474614,E,Gas,4029.530029296875
1652474614,E,Accelerometer,0.0
1652474614,E,Light,1.0
1652474614,E,MIC,2.0
1652474614,E,RSSI,70.0
1652474617,F,Temperature,23.70499992370605
1652474617,F,Humidity,37.08200073242188
1652474617,F,Pressure,101700.0
1652474617,F,Gas,2941.5849609375
1652474617,F,Accelerometer,0.0
1652474617,F,Light,0.0
1652474617,F,MIC,3.0
1652474617,F,RSSI,91.0
1652474619,C,Temperature,22.864999771118164
1652474619,C,Humidity,40.64500045776367
1652474619,C,Pressure,101681.0
1652474619,C,Gas,1348.8719482421875
1652474619,C,Accelerometer,0.0
1652474619,C,Light,0.0
1652474619,C,MIC,3.0
1652474619,C,RSSI,76.0
1652474620,B,Temperature,23.625
1652474620,B,Humidity,39.861000061035156
1652474620,B,Pressure,101624.0
1652474620,B,Gas,4952.14794921875
1652474620,B,Accelerometer,0.0
1652474620,B,Light,0.0
1652474620,B,MIC,2.0
1652474620,B,RSSI,95.0
1652474621,H,Temperature,23.354999542236328
1652474621,H,Humidity,38.0880012512207
1652474621,H,Pressure,101677.0
1652474621,H,Gas,4003.097900390625
1652474621,H,Accelerometer,0.0
1652474621,H,Light,2.0
1652474621,H,MIC,3.0
1652474621,H,RSSI,82.0
1652474621,A,Temperature,23.565000534057614
1652474621,A,Humidity,38.76599884033203
1652474621,A,Pressure,101658.0
1652474621,A,Gas,1370.217041015625
1652474621,A,Accelerometer,0.0
1652474621,A,Light,0.0
1652474621,A,MIC,1.0
1652474621,A,RSSI,74.0
1652474623,D,Temperature,23.42499923706055
1652474623,D,Humidity,37.983001708984375
1652474623,D,Pressure,101687.0
1652474623,D,Gas,3840.549072265625
1652474623,D,Accelerometer,0.0
1652474623,D,Light,1.0
1652474623,D,MIC,3.0
1652474623,D,RSSI,62.0
1652474624,E,Temperature,22.475000381469727
1652474624,E,Humidity,40.137001037597656
1652474624,E,Pressure,101659.0
1652474624,E,Gas,4028.052001953125
1652474624,E,Accelerometer,0.0
1652474624,E,Light,1.0
1652474624,E,MIC,2.0
1652474624,E,RSSI,70.0
1652474627,F,Temperature,23.70499992370605
1652474627,F,Humidity,37.12200164794922
1652474627,F,Pressure,101700.0
1652474627,F,Gas,2938.10888671875
1652474627,F,Accelerometer,0.0
1652474627,F,Light,0.0
1652474627,F,MIC,3.0
1652474627,F,RSSI,91.0
1652474628,C,Temperature,22.88500022888184
1652474628,C,Humidity,40.60599899291992
1652474628,C,Pressure,101679.0
1652474628,C,Gas,1342.550048828125
1652474628,C,Accelerometer,0.0
1652474628,C,Light,0.0
1652474628,C,MIC,3.0
1652474628,C,RSSI,75.0
1652474630,B,Temperature,23.625
1652474630,B,Humidity,39.84700012207031
1652474630,B,Pressure,101624.0
1652474630,B,Gas,4948.35107421875
1652474630,B,Accelerometer,0.0
1652474630,B,Light,0.0
1652474630,B,MIC,2.0
1652474630,B,RSSI,95.0
1652474631,H,Temperature,23.354999542236328
1652474631,H,Humidity,38.117000579833984
1652474631,H,Pressure,101679.0
1652474631,H,Gas,4015.824951171875
1652474631,H,Accelerometer,0.0
1652474631,H,Light,2.0
1652474631,H,MIC,3.0
1652474631,H,RSSI,82.0
1652474632,A,Temperature,23.565000534057614
1652474632,A,Humidity,38.808998107910156
1652474632,A,Pressure,101656.0
1652474632,A,Gas,1347.781005859375
1652474632,A,Accelerometer,0.0
1652474632,A,Light,0.0
1652474632,A,MIC,1.0
1652474632,A,RSSI,74.0
1652474633,D,Temperature,23.42499923706055
1652474633,D,Humidity,38.012001037597656
1652474633,D,Pressure,101687.0
1652474633,D,Gas,3853.403076171875
1652474633,D,Accelerometer,0.0
1652474633,D,Light,1.0
1652474633,D,MIC,3.0
1652474633,D,RSSI,62.0
1652474634,E,Temperature,22.46500015258789
1652474634,E,Humidity,40.16699981689453
1652474634,E,Pressure,101659.0
1652474634,E,Gas,4030.304931640625
1652474634,E,Accelerometer,0.0
1652474634,E,Light,1.0
1652474634,E,MIC,2.0
1652474634,E,RSSI,70.0
1652474637,F,Temperature,23.70499992370605
1652474637,F,Humidity,37.10100173950195
1652474637,F,Pressure,101698.0
1652474637,F,Gas,2922.10595703125
1652474637,F,Accelerometer,0.0
1652474637,F,Light,0.0
1652474637,F,MIC,3.0
1652474637,F,RSSI,83.0
1652474638,C,Temperature,22.864999771118164
1652474638,C,Humidity,40.63399887084961
1652474638,C,Pressure,101681.0
1652474638,C,Gas,1349.3919677734375
1652474638,C,Accelerometer,0.0
1652474638,C,Light,0.0
1652474638,C,MIC,3.0
1652474638,C,RSSI,75.0
1652474640,B,Temperature,23.625
1652474640,B,Humidity,39.82799911499024
1652474640,B,Pressure,101620.0
1652474640,B,Gas,4934.1689453125
1652474640,B,Accelerometer,0.0
1652474640,B,Light,0.0
1652474640,B,MIC,3.0
1652474640,B,RSSI,95.0
1652474641,H,Temperature,23.34499931335449
1652474641,H,Humidity,38.1259994506836
1652474641,H,Pressure,101677.0
1652474641,H,Gas,4020.613037109375
1652474641,H,Accelerometer,0.0
1652474641,H,Light,2.0
1652474641,H,MIC,3.0
1652474641,H,RSSI,87.0
1652474641,A,Temperature,23.565000534057614
1652474641,A,Humidity,38.834999084472656
1652474641,A,Pressure,101658.0
1652474641,A,Gas,1329.8349609375
1652474641,A,Accelerometer,0.0
1652474641,A,Light,0.0
1652474641,A,MIC,1.0
1652474641,A,RSSI,74.0
1652474643,D,Temperature,23.415000915527344
1652474643,D,Humidity,38.0359992980957
1652474643,D,Pressure,101687.0
1652474643,D,Gas,3850.60205078125
1652474643,D,Accelerometer,0.0
1652474643,D,Light,0.0
1652474643,D,MIC,3.0
1652474643,D,RSSI,62.0
1652474645,E,Temperature,22.46500015258789
1652474645,E,Humidity,40.15700149536133
1652474645,E,Pressure,101659.0
1652474645,E,Gas,4026.44189453125
1652474645,E,Accelerometer,0.0
1652474645,E,Light,1.0
1652474645,E,MIC,2.0
1652474645,E,RSSI,70.0
1652474648,F,Temperature,23.70499992370605
1652474648,F,Humidity,37.0890007019043
1652474648,F,Pressure,101698.0
1652474648,F,Gas,2937.987060546875
1652474648,F,Accelerometer,0.0
1652474648,F,Light,0.0
1652474648,F,MIC,3.0
1652474648,F,RSSI,83.0
1652474649,C,Temperature,22.875
1652474649,C,Humidity,40.6150016784668
1652474649,C,Pressure,101681.0
1652474649,C,Gas,1336.926025390625
1652474649,C,Accelerometer,0.0
1652474649,C,Light,0.0
1652474649,C,MIC,3.0
1652474649,C,RSSI,75.0
1652474650,B,Temperature,23.63500022888184
1652474650,B,Humidity,39.808998107910156
1652474650,B,Pressure,101622.0
1652474650,B,Gas,4947.84716796875
1652474650,B,Accelerometer,0.0
1652474650,B,Light,0.0
1652474650,B,MIC,3.0
1652474650,B,RSSI,95.0
1652474651,A,Temperature,23.55500030517578
1652474651,A,Humidity,38.82099914550781
1652474651,A,Pressure,101656.0
1652474651,A,Gas,1324.177978515625
1652474651,A,Accelerometer,0.0
1652474651,A,Light,0.0
1652474651,A,MIC,1.0
1652474651,A,RSSI,79.0
1652474651,H,Temperature,23.334999084472656
1652474651,H,Humidity,38.14699935913086
1652474651,H,Pressure,101679.0
1652474651,H,Gas,4018.465087890625
1652474651,H,Accelerometer,0.0
1652474651,H,Light,2.0
1652474651,H,MIC,3.0
1652474651,H,RSSI,87.0
1652474653,D,Temperature,23.415000915527344
1652474653,D,Humidity,38.04299926757813
1652474653,D,Pressure,101689.0
1652474653,D,Gas,3841.783935546875
1652474653,D,Accelerometer,0.0
1652474653,D,Light,0.0
1652474653,D,MIC,3.0
1652474653,D,RSSI,54.0
1652474655,E,Temperature,22.46500015258789
1652474655,E,Humidity,40.15299987792969
1652474655,E,Pressure,101661.0
1652474655,E,Gas,4032.840087890625
1652474655,E,Accelerometer,0.0
1652474655,E,Light,1.0
1652474655,E,MIC,2.0
1652474655,E,RSSI,61.0
1652474657,F,Temperature,23.70499992370605
1652474657,F,Humidity,37.08399963378906
1652474657,F,Pressure,101702.0
1652474657,F,Gas,2932.572998046875
1652474657,F,Accelerometer,0.0
1652474657,F,Light,0.0
1652474657,F,MIC,3.0
1652474657,F,RSSI,83.0
1652474659,C,Temperature,22.864999771118164
1652474659,C,Humidity,40.6259994506836
1652474659,C,Pressure,101681.0
1652474659,C,Gas,1339.001953125
1652474659,C,Accelerometer,0.0
1652474659,C,Light,0.0
1652474659,C,MIC,3.0
1652474659,C,RSSI,75.0
1652474660,B,Temperature,23.63500022888184
1652474660,B,Humidity,39.81499862670898
1652474660,B,Pressure,101622.0
1652474660,B,Gas,4953.4990234375
1652474660,B,Accelerometer,0.0
1652474660,B,Light,0.0
1652474660,B,MIC,3.0
1652474660,B,RSSI,95.0
1652474661,A,Temperature,23.55500030517578
1652474661,A,Humidity,38.816001892089844
1652474661,A,Pressure,101656.0
1652474661,A,Gas,1310.760009765625
1652474661,A,Accelerometer,0.0
1652474661,A,Light,0.0
1652474661,A,MIC,1.0
1652474661,A,RSSI,79.0
1652474661,H,Temperature,23.34499931335449
1652474661,H,Humidity,38.124000549316406
1652474661,H,Pressure,101679.0
1652474661,H,Gas,4004.549072265625
1652474661,H,Accelerometer,0.0
1652474661,H,Light,2.0
1652474661,H,MIC,3.0
1652474661,H,RSSI,87.0
1652474663,D,Temperature,23.395000457763672
1652474663,D,Humidity,38.04899978637695
1652474663,D,Pressure,101689.0
1652474663,D,Gas,3823.384033203125
1652474663,D,Accelerometer,0.0
1652474663,D,Light,0.0
1652474663,D,MIC,3.0
1652474663,D,RSSI,54.0
1652474665,E,Temperature,22.475000381469727
1652474665,E,Humidity,40.13000106811523
1652474665,E,Pressure,101661.0
1652474665,E,Gas,4037.4189453125
1652474665,E,Accelerometer,0.0
1652474665,E,Light,1.0
1652474665,E,MIC,2.0
1652474665,E,RSSI,61.0
1652474667,F,Temperature,23.70499992370605
1652474667,F,Humidity,37.104000091552734
1652474667,F,Pressure,101700.0
1652474667,F,Gas,2930.14892578125
1652474667,F,Accelerometer,0.0
1652474667,F,Light,0.0
1652474667,F,MIC,3.0
1652474667,F,RSSI,83.0
1652474669,C,Temperature,22.854999542236328
1652474669,C,Humidity,40.665000915527344
1652474669,C,Pressure,101681.0
1652474669,C,Gas,1337.866943359375
1652474669,C,Accelerometer,0.0
1652474669,C,Light,0.0
1652474669,C,MIC,3.0
1652474669,C,RSSI,75.0
1652474671,B,Temperature,23.63500022888184
1652474671,B,Humidity,39.79600143432617
1652474671,B,Pressure,101624.0
1652474671,B,Gas,4968.6767578125
1652474671,B,Accelerometer,0.0
1652474671,B,Light,0.0
1652474671,B,MIC,2.0
1652474671,B,RSSI,90.0
1652474671,A,Temperature,23.565000534057614
1652474671,A,Humidity,38.80199813842773
1652474671,A,Pressure,101658.0
1652474671,A,Gas,1309.2879638671875
1652474671,A,Accelerometer,0.0
1652474671,A,Light,0.0
1652474671,A,MIC,1.0
1652474671,A,RSSI,79.0
1652474671,H,Temperature,23.334999084472656
1652474671,H,Humidity,38.15499877929688
1652474671,H,Pressure,101679.0
1652474671,H,Gas,4013.510986328125
1652474671,H,Accelerometer,0.0
1652474671,H,Light,2.0
1652474671,H,MIC,3.0
1652474671,H,RSSI,87.0
1652474673,D,Temperature,23.38500022888184
1652474673,D,Humidity,38.06100082397461
1652474673,D,Pressure,101683.0
1652474673,D,Gas,3837.200927734375
1652474673,D,Accelerometer,0.0
1652474673,D,Light,0.0
1652474673,D,MIC,3.0
1652474673,D,RSSI,54.0
1652474675,E,Temperature,22.46500015258789
1652474675,E,Humidity,40.20100021362305
1652474675,E,Pressure,101659.0
1652474675,E,Gas,4030.35009765625
1652474675,E,Accelerometer,0.0
1652474675,E,Light,1.0
1652474675,E,MIC,2.0
1652474675,E,RSSI,61.0
1652474677,F,Temperature,23.70499992370605
1652474677,F,Humidity,37.10499954223633
1652474677,F,Pressure,101700.0
1652474677,F,Gas,2938.23095703125
1652474677,F,Accelerometer,0.0
1652474677,F,Light,0.0
1652474677,F,MIC,3.0
1652474677,F,RSSI,80.0
1652474680,B,Temperature,23.63500022888184
1652474680,B,Humidity,39.81900024414063
1652474680,B,Pressure,101624.0
1652474680,B,Gas,4963.41796875
1652474680,B,Accelerometer,0.0
1652474680,B,Light,0.0
1652474680,B,MIC,2.0
1652474680,B,RSSI,90.0
1652474680,C,Temperature,22.834999084472656
1652474680,C,Humidity,40.68999862670898
1652474680,C,Pressure,101679.0
1652474680,C,Gas,1338.31005859375
1652474680,C,Accelerometer,0.0
1652474680,C,Light,0.0
1652474680,C,MIC,3.0
1652474680,C,RSSI,82.0
1652474681,A,Temperature,23.565000534057614
1652474681,A,Humidity,38.79700088500977
1652474681,A,Pressure,101659.0
1652474681,A,Gas,1306.89697265625
1652474681,A,Accelerometer,0.0
1652474681,A,Light,0.0
1652474681,A,MIC,1.0
1652474681,A,RSSI,79.0
1652474681,H,Temperature,23.334999084472656
1652474681,H,Humidity,38.13899993896485
1652474681,H,Pressure,101679.0
1652474681,H,Gas,4022.318115234375
1652474681,H,Accelerometer,0.0
1652474681,H,Light,2.0
1652474681,H,MIC,3.0
1652474681,H,RSSI,87.0
1652474683,D,Temperature,23.40500068664551
1652474683,D,Humidity,38.02799987792969
1652474683,D,Pressure,101685.0
1652474683,D,Gas,3838.169921875
1652474683,D,Accelerometer,0.0
1652474683,D,Light,0.0
1652474683,D,MIC,3.0
1652474683,D,RSSI,54.0
1652474685,E,Temperature,22.46500015258789
1652474685,E,Humidity,40.17599868774414
1652474685,E,Pressure,101659.0
1652474685,E,Gas,4023.053955078125
1652474685,E,Accelerometer,0.0
1652474685,E,Light,1.0
1652474685,E,MIC,2.0
1652474685,E,RSSI,61.0
1652474687,F,Temperature,23.69499969482422
1652474687,F,Humidity,37.125
1652474687,F,Pressure,101698.0
1652474687,F,Gas,2940.261962890625
1652474687,F,Accelerometer,0.0
1652474687,F,Light,0.0
1652474687,F,MIC,3.0
1652474687,F,RSSI,80.0
1652474689,C,Temperature,22.82500076293945
1652474689,C,Humidity,40.70000076293945
1652474689,C,Pressure,101679.0
1652474689,C,Gas,1346.237060546875
1652474689,C,Accelerometer,0.0
1652474689,C,Light,0.0
1652474689,C,MIC,3.0
1652474689,C,RSSI,82.0
1652474690,B,Temperature,23.63500022888184
1652474690,B,Humidity,39.79899978637695
1652474690,B,Pressure,101624.0
1652474690,B,Gas,4971.876953125
1652474690,B,Accelerometer,0.0
1652474690,B,Light,0.0
1652474690,B,MIC,2.0
1652474690,B,RSSI,90.0
1652474691,H,Temperature,23.334999084472656
1652474691,H,Humidity,38.14699935913086
1652474691,H,Pressure,101679.0
1652474691,H,Gas,4026.867919921875
1652474691,H,Accelerometer,0.0
1652474691,H,Light,2.0
1652474691,H,MIC,3.0
1652474691,H,RSSI,87.0
1652474691,A,Temperature,23.55500030517578
1652474691,A,Humidity,38.790000915527344
1652474691,A,Pressure,101659.0
1652474691,A,Gas,1318.614990234375
1652474691,A,Accelerometer,0.0
1652474691,A,Light,0.0
1652474691,A,MIC,1.0
1652474691,A,RSSI,79.0
1652474693,D,Temperature,23.38500022888184
1652474693,D,Humidity,38.073001861572266
1652474693,D,Pressure,101685.0
1652474693,D,Gas,3849.318115234375
1652474693,D,Accelerometer,0.0
1652474693,D,Light,1.0
1652474693,D,MIC,3.0
1652474693,D,RSSI,54.0
1652474695,E,Temperature,22.46500015258789
1652474695,E,Humidity,40.18600082397461
1652474695,E,Pressure,101661.0
1652474695,E,Gas,4010.5380859375
1652474695,E,Accelerometer,0.0
1652474695,E,Light,1.0
1652474695,E,MIC,2.0
1652474695,E,RSSI,61.0
1652474697,F,Temperature,23.69499969482422
1652474697,F,Humidity,37.111000061035156
1652474697,F,Pressure,101702.0
1652474697,F,Gas,2928.964111328125
1652474697,F,Accelerometer,0.0
1652474697,F,Light,0.0
1652474697,F,MIC,3.0
1652474697,F,RSSI,80.0
1652474699,C,Temperature,22.815000534057614
1652474699,C,Humidity,40.7239990234375
1652474699,C,Pressure,101679.0
1652474699,C,Gas,1349.137939453125
1652474699,C,Accelerometer,0.0
1652474699,C,Light,0.0
1652474699,C,MIC,3.0
1652474699,C,RSSI,82.0
1652474700,B,Temperature,23.63500022888184
1652474700,B,Humidity,39.81700134277344
1652474700,B,Pressure,101624.0
1652474700,B,Gas,4973.31005859375
1652474700,B,Accelerometer,0.0
1652474700,B,Light,0.0
1652474700,B,MIC,2.0
1652474700,B,RSSI,90.0
1652474701,H,Temperature,23.32500076293945
1652474701,H,Humidity,38.15599822998047
1652474701,H,Pressure,101679.0
1652474701,H,Gas,4027.847900390625
1652474701,H,Accelerometer,0.0
1652474701,H,Light,2.0
1652474701,H,MIC,3.0
1652474701,H,RSSI,87.0
1652474701,A,Temperature,23.545000076293945
1652474701,A,Humidity,38.81100082397461
1652474701,A,Pressure,101658.0
1652474701,A,Gas,1311.68505859375
1652474701,A,Accelerometer,0.0
1652474701,A,Light,0.0
1652474701,A,MIC,1.0
1652474701,A,RSSI,81.0
1652474703,D,Temperature,23.395000457763672
1652474703,D,Humidity,38.02999877929688
1652474703,D,Pressure,101685.0
1652474703,D,Gas,3858.9990234375
1652474703,D,Accelerometer,0.0
1652474703,D,Light,0.0
1652474703,D,MIC,2.0
1652474703,D,RSSI,62.0
1652474705,E,Temperature,22.46500015258789
1652474705,E,Humidity,40.15900039672852
1652474705,E,Pressure,101659.0
1652474705,E,Gas,4017.662109375
1652474705,E,Accelerometer,0.0
1652474705,E,Light,1.0
1652474705,E,MIC,2.0
1652474705,E,RSSI,69.0
1652474707,F,Temperature,23.70499992370605
1652474707,F,Humidity,37.1150016784668
1652474707,F,Pressure,101698.0
1652474707,F,Gas,2937.7880859375
1652474707,F,Accelerometer,0.0
1652474707,F,Light,0.0
1652474707,F,MIC,3.0
1652474707,F,RSSI,80.0
1652474709,C,Temperature,22.78499984741211
1652474709,C,Humidity,40.83200073242188
1652474709,C,Pressure,101681.0
1652474709,C,Gas,1359.593994140625
1652474709,C,Accelerometer,0.0
1652474709,C,Light,0.0
1652474709,C,MIC,3.0
1652474709,C,RSSI,82.0
1652474710,B,Temperature,23.63500022888184
1652474710,B,Humidity,39.82799911499024
1652474710,B,Pressure,101626.0
1652474710,B,Gas,4976.34912109375
1652474710,B,Accelerometer,0.0
1652474710,B,Light,0.0
1652474710,B,MIC,2.0
1652474710,B,RSSI,90.0
1652474711,A,Temperature,23.55500030517578
1652474711,A,Humidity,38.80099868774414
1652474711,A,Pressure,101661.0
1652474711,A,Gas,1295.8370361328125
1652474711,A,Accelerometer,0.0
1652474711,A,Light,0.0
1652474711,A,MIC,1.0
1652474711,A,RSSI,81.0
1652474711,H,Temperature,23.32500076293945
1652474711,H,Humidity,38.17599868774414
1652474711,H,Pressure,101679.0
1652474711,H,Gas,4032.48095703125
1652474711,H,Accelerometer,0.0
1652474711,H,Light,2.0
1652474711,H,MIC,3.0
1652474711,H,RSSI,87.0
1652474713,D,Temperature,23.395000457763672
1652474713,D,Humidity,38.02799987792969
1652474713,D,Pressure,101689.0
1652474713,D,Gas,3838.014892578125
1652474713,D,Accelerometer,0.0
1652474713,D,Light,1.0
1652474713,D,MIC,2.0
1652474713,D,RSSI,62.0
1652474715,E,Temperature,22.46500015258789
1652474715,E,Humidity,40.1349983215332
1652474715,E,Pressure,101663.0
1652474715,E,Gas,4028.876953125
1652474715,E,Accelerometer,0.0
1652474715,E,Light,1.0
1652474715,E,MIC,2.0
1652474715,E,RSSI,69.0
1652474717,F,Temperature,23.70499992370605
1652474717,F,Humidity,37.10100173950195
1652474717,F,Pressure,101704.0
1652474717,F,Gas,2927.176025390625
1652474717,F,Accelerometer,0.0
1652474717,F,Light,0.0
1652474717,F,MIC,3.0
1652474717,F,RSSI,80.0
1652474719,C,Temperature,22.78499984741211
1652474719,C,Humidity,40.79700088500977
1652474719,C,Pressure,101681.0
1652474719,C,Gas,1346.8179931640625
1652474719,C,Accelerometer,0.0
1652474719,C,Light,0.0
1652474719,C,MIC,3.0
1652474719,C,RSSI,82.0
1652474720,B,Temperature,23.63500022888184
1652474720,B,Humidity,39.82899856567383
1652474720,B,Pressure,101628.0
1652474720,B,Gas,4971.27880859375
1652474720,B,Accelerometer,0.0
1652474720,B,Light,0.0
1652474720,B,MIC,2.0
1652474720,B,RSSI,89.0
1652474721,A,Temperature,23.55500030517578
1652474721,A,Humidity,38.775001525878906
1652474721,A,Pressure,101661.0
1652474721,A,Gas,1315.947021484375
1652474721,A,Accelerometer,0.0
1652474721,A,Light,0.0
1652474721,A,MIC,1.0
1652474721,A,RSSI,81.0
1652474721,H,Temperature,23.32500076293945
1652474721,H,Humidity,38.17399978637695
1652474721,H,Pressure,101683.0
1652474721,H,Gas,4046.9560546875
1652474721,H,Accelerometer,0.0
1652474721,H,Light,2.0
1652474721,H,MIC,3.0
1652474721,H,RSSI,87.0
1652474723,D,Temperature,23.395000457763672
1652474723,D,Humidity,38.060001373291016
1652474723,D,Pressure,101691.0
1652474723,D,Gas,3851.908935546875
1652474723,D,Accelerometer,0.0
1652474723,D,Light,1.0
1652474723,D,MIC,2.0
1652474723,D,RSSI,62.0
1652474725,E,Temperature,22.45499992370605
1652474725,E,Humidity,40.178001403808594
1652474725,E,Pressure,101661.0
1652474725,E,Gas,4039.26708984375
1652474725,E,Accelerometer,0.0
1652474725,E,Light,1.0
1652474725,E,MIC,2.0
1652474725,E,RSSI,69.0
1652474727,F,Temperature,23.69499969482422
1652474727,F,Humidity,37.12900161743164
1652474727,F,Pressure,101704.0
1652474727,F,Gas,2935.285888671875
1652474727,F,Accelerometer,0.0
1652474727,F,Light,0.0
1652474727,F,MIC,3.0
1652474727,F,RSSI,80.0
1652474729,C,Temperature,22.795000076293945
1652474729,C,Humidity,40.77099990844727
1652474729,C,Pressure,101679.0
1652474729,C,Gas,1342.5889892578125
1652474729,C,Accelerometer,0.0
1652474729,C,Light,0.0
1652474729,C,MIC,3.0
1652474729,C,RSSI,79.0
1652474731,B,Temperature,23.625
1652474731,B,Humidity,39.86299896240234
1652474731,B,Pressure,101628.0
1652474731,B,Gas,4973.8310546875
1652474731,B,Accelerometer,0.0
1652474731,B,Light,0.0
1652474731,B,MIC,2.0
1652474731,B,RSSI,89.0
1652474731,A,Temperature,23.55500030517578
1652474731,A,Humidity,38.77799987792969
1652474731,A,Pressure,101661.0
1652474731,A,Gas,1310.7659912109375
1652474731,A,Accelerometer,0.0
1652474731,A,Light,0.0
1652474731,A,MIC,1.0
1652474731,A,RSSI,81.0
1652474731,H,Temperature,23.32500076293945
1652474731,H,Humidity,38.16999816894531
1652474731,H,Pressure,101683.0
1652474731,H,Gas,4053.56494140625
1652474731,H,Accelerometer,0.0
1652474731,H,Light,2.0
1652474731,H,MIC,2.0
1652474731,H,RSSI,87.0
1652474733,D,Temperature,23.375
1652474733,D,Humidity,38.111000061035156
1652474733,D,Pressure,101685.0
1652474733,D,Gas,3834.405029296875
1652474733,D,Accelerometer,0.0
1652474733,D,Light,1.0
1652474733,D,MIC,2.0
1652474733,D,RSSI,62.0
1652474735,E,Temperature,22.46500015258789
1652474735,E,Humidity,40.14400100708008
1652474735,E,Pressure,101661.0
1652474735,E,Gas,4046.281005859375
1652474735,E,Accelerometer,0.0
1652474735,E,Light,1.0
1652474735,E,MIC,2.0
1652474735,E,RSSI,69.0
1652474737,F,Temperature,23.70499992370605
1652474737,F,Humidity,37.11600112915039
1652474737,F,Pressure,101702.0
1652474737,F,Gas,2941.68408203125
1652474737,F,Accelerometer,0.0
1652474737,F,Light,0.0
1652474737,F,MIC,3.0
1652474737,F,RSSI,91.0
1652474739,C,Temperature,22.76499938964844
1652474739,C,Humidity,40.847999572753906
1652474739,C,Pressure,101679.0
1652474739,C,Gas,1355.8189697265625
1652474739,C,Accelerometer,0.0
1652474739,C,Light,0.0
1652474739,C,MIC,3.0
1652474739,C,RSSI,79.0
1652474740,B,Temperature,23.63500022888184
1652474740,B,Humidity,39.83599853515625
1652474740,B,Pressure,101624.0
1652474740,B,Gas,4969.90576171875
1652474740,B,Accelerometer,0.0
1652474740,B,Light,0.0
1652474740,B,MIC,2.0
1652474740,B,RSSI,89.0
1652474741,H,Temperature,23.32500076293945
1652474741,H,Humidity,38.1619987487793
1652474741,H,Pressure,101677.0
1652474741,H,Gas,4066.60693359375
1652474741,H,Accelerometer,0.0
1652474741,H,Light,2.0
1652474741,H,MIC,2.0
1652474741,H,RSSI,88.0
1652474741,A,Temperature,23.55500030517578
1652474741,A,Humidity,38.77299880981445
1652474741,A,Pressure,101656.0
1652474741,A,Gas,1308.5899658203125
1652474741,A,Accelerometer,0.0
1652474741,A,Light,0.0
1652474741,A,MIC,1.0
1652474741,A,RSSI,81.0
1652474743,D,Temperature,23.38500022888184
1652474743,D,Humidity,38.08599853515625
1652474743,D,Pressure,101685.0
1652474743,D,Gas,3833.12109375
1652474743,D,Accelerometer,0.0
1652474743,D,Light,0.0
1652474743,D,MIC,2.0
1652474743,D,RSSI,62.0
1652474745,E,Temperature,22.46500015258789
1652474745,E,Humidity,40.1879997253418
1652474745,E,Pressure,101663.0
1652474745,E,Gas,4043.93896484375
1652474745,E,Accelerometer,0.0
1652474745,E,Light,1.0
1652474745,E,MIC,2.0
1652474745,E,RSSI,69.0
1652474747,F,Temperature,23.70499992370605
1652474747,F,Humidity,37.108001708984375
1652474747,F,Pressure,101700.0
1652474747,F,Gas,2935.0029296875
1652474747,F,Accelerometer,0.0
1652474747,F,Light,0.0
1652474747,F,MIC,3.0
1652474747,F,RSSI,91.0
1652474749,C,Temperature,22.78499984741211
1652474749,C,Humidity,40.82600021362305
1652474749,C,Pressure,101679.0
1652474749,C,Gas,1364.072021484375
1652474749,C,Accelerometer,0.0
1652474749,C,Light,0.0
1652474749,C,MIC,3.0
1652474749,C,RSSI,79.0
1652474750,B,Temperature,23.625
1652474750,B,Humidity,39.858001708984375
1652474750,B,Pressure,101624.0
1652474750,B,Gas,4968.1240234375
1652474750,B,Accelerometer,0.0
1652474750,B,Light,0.0
1652474750,B,MIC,2.0
1652474750,B,RSSI,89.0
1652474751,A,Temperature,23.55500030517578
1652474751,A,Humidity,38.79299926757813
1652474751,A,Pressure,101658.0
1652474751,A,Gas,1318.47705078125
1652474751,A,Accelerometer,0.0
1652474751,A,Light,0.0
1652474751,A,MIC,1.0
1652474751,A,RSSI,80.0
1652474751,H,Temperature,23.315000534057614
1652474751,H,Humidity,38.19200134277344
1652474751,H,Pressure,101679.0
1652474751,H,Gas,4071.318115234375
1652474751,H,Accelerometer,0.0
1652474751,H,Light,2.0
1652474751,H,MIC,2.0
1652474751,H,RSSI,88.0
1652474753,D,Temperature,23.38500022888184
1652474753,D,Humidity,38.11600112915039
1652474753,D,Pressure,101685.0
1652474753,D,Gas,3834.615966796875
1652474753,D,Accelerometer,0.0
1652474753,D,Light,1.0
1652474753,D,MIC,2.0
1652474753,D,RSSI,60.0
1652474755,E,Temperature,22.45499992370605
1652474755,E,Humidity,40.2239990234375
1652474755,E,Pressure,101659.0
1652474755,E,Gas,4037.805908203125
1652474755,E,Accelerometer,0.0
1652474755,E,Light,1.0
1652474755,E,MIC,2.0
1652474755,E,RSSI,73.0
1652474757,F,Temperature,23.70499992370605
1652474757,F,Humidity,37.11999893188477
1652474757,F,Pressure,101700.0
1652474757,F,Gas,2940.992919921875
1652474757,F,Accelerometer,0.0
1652474757,F,Light,0.0
1652474757,F,MIC,3.0
1652474757,F,RSSI,91.0
1652474759,C,Temperature,22.78499984741211
1652474759,C,Humidity,40.80099868774414
1652474759,C,Pressure,101679.0
1652474759,C,Gas,1355.2879638671875
1652474759,C,Accelerometer,0.0
1652474759,C,Light,0.0
1652474759,C,MIC,3.0
1652474759,C,RSSI,79.0
1652474760,B,Temperature,23.625
1652474760,B,Humidity,39.83100128173828
1652474760,B,Pressure,101624.0
1652474760,B,Gas,4979.171875
1652474760,B,Accelerometer,0.0
1652474760,B,Light,0.0
1652474760,B,MIC,2.0
1652474760,B,RSSI,89.0
1652474761,H,Temperature,23.315000534057614
1652474761,H,Humidity,38.19400024414063
1652474761,H,Pressure,101677.0
1652474761,H,Gas,4082.864990234375
1652474761,H,Accelerometer,0.0
1652474761,H,Light,2.0
1652474761,H,MIC,2.0
1652474761,H,RSSI,88.0
1652474762,A,Temperature,23.55500030517578
1652474762,A,Humidity,38.79700088500977
1652474762,A,Pressure,101659.0
1652474762,A,Gas,1326.48095703125
1652474762,A,Accelerometer,0.0
1652474762,A,Light,0.0
1652474762,A,MIC,1.0
1652474762,A,RSSI,80.0
1652474763,D,Temperature,23.395000457763672
1652474763,D,Humidity,38.07799911499024
1652474763,D,Pressure,101687.0
1652474763,D,Gas,3844.534912109375
1652474763,D,Accelerometer,0.0
1652474763,D,Light,0.0
1652474763,D,MIC,3.0
1652474763,D,RSSI,60.0
1652474765,E,Temperature,22.44499969482422
1652474765,E,Humidity,40.25299835205078
1652474765,E,Pressure,101661.0
1652474765,E,Gas,4031.279052734375
1652474765,E,Accelerometer,0.0
1652474765,E,Light,1.0
1652474765,E,MIC,2.0
1652474765,E,RSSI,73.0
1652474767,F,Temperature,23.70499992370605
1652474767,F,Humidity,37.104000091552734
1652474767,F,Pressure,101702.0
1652474767,F,Gas,2944.4970703125
1652474767,F,Accelerometer,0.0
1652474767,F,Light,0.0
1652474767,F,MIC,3.0
1652474767,F,RSSI,91.0
1652474769,C,Temperature,22.774999618530273
1652474769,C,Humidity,40.83599853515625
1652474769,C,Pressure,101681.0
1652474769,C,Gas,1325.93798828125
1652474769,C,Accelerometer,0.0
1652474769,C,Light,0.0
1652474769,C,MIC,3.0
1652474769,C,RSSI,79.0
1652474771,A,Temperature,23.55500030517578
1652474771,A,Humidity,38.80699920654297
1652474771,A,Pressure,101659.0
1652474771,A,Gas,1320.1820068359375
1652474771,A,Accelerometer,0.0
1652474771,A,Light,0.0
1652474771,A,MIC,1.0
1652474771,A,RSSI,80.0
1652474771,H,Temperature,23.315000534057614
1652474771,H,Humidity,38.18899917602539
1652474771,H,Pressure,101679.0
1652474771,H,Gas,4076.5869140625
1652474771,H,Accelerometer,0.0
1652474771,H,Light,2.0
1652474771,H,MIC,2.0
1652474771,H,RSSI,88.0
1652474772,B,Temperature,23.625
1652474772,B,Humidity,39.854000091552734
1652474772,B,Pressure,101626.0
1652474772,B,Gas,4982.18896484375
1652474772,B,Accelerometer,0.0
1652474772,B,Light,0.0
1652474772,B,MIC,2.0
1652474772,B,RSSI,90.0
1652474773,D,Temperature,23.40500068664551
1652474773,D,Humidity,38.06399917602539
1652474773,D,Pressure,101689.0
1652474773,D,Gas,3838.761962890625
1652474773,D,Accelerometer,0.0
1652474773,D,Light,0.0
1652474773,D,MIC,3.0
1652474773,D,RSSI,60.0
1652474775,E,Temperature,22.45499992370605
1652474775,E,Humidity,40.22100067138672
1652474775,E,Pressure,101661.0
1652474775,E,Gas,4030.842041015625
1652474775,E,Accelerometer,0.0
1652474775,E,Light,1.0
1652474775,E,MIC,2.0
1652474775,E,RSSI,73.0
1652474777,F,Temperature,23.69499969482422
1652474777,F,Humidity,37.10200119018555
1652474777,F,Pressure,101702.0
1652474777,F,Gas,2940.1240234375
1652474777,F,Accelerometer,0.0
1652474777,F,Light,0.0
1652474777,F,MIC,3.0
1652474777,F,RSSI,91.0
1652474779,C,Temperature,22.795000076293945
1652474779,C,Humidity,40.803001403808594
1652474779,C,Pressure,101681.0
1652474779,C,Gas,1323.968017578125
1652474779,C,Accelerometer,0.0
1652474779,C,Light,0.0
1652474779,C,MIC,3.0
1652474779,C,RSSI,76.0
1652474781,B,Temperature,23.63500022888184
1652474781,B,Humidity,39.82600021362305
1652474781,B,Pressure,101626.0
1652474781,B,Gas,4974.705078125
1652474781,B,Accelerometer,0.0
1652474781,B,Light,0.0
1652474781,B,MIC,2.0
1652474781,B,RSSI,90.0
1652474781,A,Temperature,23.545000076293945
1652474781,A,Humidity,38.81700134277344
1652474781,A,Pressure,101658.0
1652474781,A,Gas,1313.373046875
1652474781,A,Accelerometer,0.0
1652474781,A,Light,0.0
1652474781,A,MIC,1.0
1652474781,A,RSSI,80.0
1652474783,D,Temperature,23.395000457763672
1652474783,D,Humidity,38.08200073242188
1652474783,D,Pressure,101687.0
1652474783,D,Gas,3841.14697265625
1652474783,D,Accelerometer,0.0
1652474783,D,Light,0.0
1652474783,D,MIC,3.0
1652474783,D,RSSI,60.0
1652474784,H,Temperature,23.30500030517578
1652474784,H,Humidity,38.22700119018555
1652474784,H,Pressure,101679.0
1652474784,H,Gas,4080.60595703125
1652474784,H,Accelerometer,0.0
1652474784,H,Light,2.0
1652474784,H,MIC,2.0
1652474784,H,RSSI,88.0
1652474785,E,Temperature,22.45499992370605
1652474785,E,Humidity,40.196998596191406
1652474785,E,Pressure,101661.0
1652474785,E,Gas,4038.77490234375
1652474785,E,Accelerometer,0.0
1652474785,E,Light,1.0
1652474785,E,MIC,2.0
1652474785,E,RSSI,73.0
1652474787,F,Temperature,23.69499969482422
1652474787,F,Humidity,37.11199951171875
1652474787,F,Pressure,101700.0
1652474787,F,Gas,2943.16796875
1652474787,F,Accelerometer,0.0
1652474787,F,Light,0.0
1652474787,F,MIC,3.0
1652474787,F,RSSI,80.0
1652474789,C,Temperature,22.76499938964844
1652474789,C,Humidity,40.83700180053711
1652474789,C,Pressure,101681.0
1652474789,C,Gas,1325.175048828125
1652474789,C,Accelerometer,0.0
1652474789,C,Light,0.0
1652474789,C,MIC,3.0
1652474789,C,RSSI,76.0
1652474790,B,Temperature,23.625
1652474790,B,Humidity,39.85200119018555
1652474790,B,Pressure,101626.0
1652474790,B,Gas,4982.90283203125
1652474790,B,Accelerometer,0.0
1652474790,B,Light,0.0
1652474790,B,MIC,2.0
1652474790,B,RSSI,90.0
1652474791,A,Temperature,23.545000076293945
1652474791,A,Humidity,38.80699920654297
1652474791,A,Pressure,101658.0
1652474791,A,Gas,1313.373046875
1652474791,A,Accelerometer,0.0
1652474791,A,Light,0.0
1652474791,A,MIC,1.0
1652474791,A,RSSI,80.0
1652474791,H,Temperature,23.315000534057614
1652474791,H,Humidity,38.185001373291016
1652474791,H,Pressure,101681.0
1652474791,H,Gas,4096.01123046875
1652474791,H,Accelerometer,0.0
1652474791,H,Light,2.0
1652474791,H,MIC,2.0
1652474791,H,RSSI,79.0
1652474793,D,Temperature,23.395000457763672
1652474793,D,Humidity,38.125
1652474793,D,Pressure,101689.0
1652474793,D,Gas,3834.18408203125
1652474793,D,Accelerometer,0.0
1652474793,D,Light,1.0
1652474793,D,MIC,3.0
1652474793,D,RSSI,60.0
1652474795,E,Temperature,22.44499969482422
1652474795,E,Humidity,40.19599914550781
1652474795,E,Pressure,101663.0
1652474795,E,Gas,4061.3701171875
1652474795,E,Accelerometer,0.0
1652474795,E,Light,1.0
1652474795,E,MIC,2.0
1652474795,E,RSSI,73.0
1652474797,F,Temperature,23.70499992370605
1652474797,F,Humidity,37.11600112915039
1652474797,F,Pressure,101702.0
1652474797,F,Gas,2951.79296875
1652474797,F,Accelerometer,0.0
1652474797,F,Light,0.0
1652474797,F,MIC,3.0
1652474797,F,RSSI,80.0
1652474799,C,Temperature,22.78499984741211
1652474799,C,Humidity,40.803001403808594
1652474799,C,Pressure,101681.0
1652474799,C,Gas,1326.2320556640625
1652474799,C,Accelerometer,0.0
1652474799,C,Light,0.0
1652474799,C,MIC,3.0
1652474799,C,RSSI,76.0
1652474800,B,Temperature,23.625
1652474800,B,Humidity,39.85499954223633
1652474800,B,Pressure,101624.0
1652474800,B,Gas,4977.19091796875
1652474800,B,Accelerometer,0.0
1652474800,B,Light,0.0
1652474800,B,MIC,2.0
1652474800,B,RSSI,90.0
1652474801,A,Temperature,23.55500030517578
1652474801,A,Humidity,38.77899932861328
1652474801,A,Pressure,101659.0
1652474801,A,Gas,1327.011962890625
1652474801,A,Accelerometer,0.0
1652474801,A,Light,0.0
1652474801,A,MIC,1.0
1652474801,A,RSSI,74.0
1652474801,H,Temperature,23.32500076293945
1652474801,H,Humidity,38.18199920654297
1652474801,H,Pressure,101681.0
1652474801,H,Gas,4111.9482421875
1652474801,H,Accelerometer,0.0
1652474801,H,Light,2.0
1652474801,H,MIC,2.0
1652474801,H,RSSI,79.0
1652474803,D,Temperature,23.38500022888184
1652474803,D,Humidity,38.11299896240234
1652474803,D,Pressure,101685.0
1652474803,D,Gas,3839.054931640625
1652474803,D,Accelerometer,0.0
1652474803,D,Light,1.0
1652474803,D,MIC,3.0
1652474803,D,RSSI,59.0
1652474805,E,Temperature,22.44499969482422
1652474805,E,Humidity,40.20399856567383
1652474805,E,Pressure,101661.0
1652474805,E,Gas,4071.156982421875
1652474805,E,Accelerometer,0.0
1652474805,E,Light,1.0
1652474805,E,MIC,2.0
1652474805,E,RSSI,68.0
1652474807,F,Temperature,23.684999465942386
1652474807,F,Humidity,37.14799880981445
1652474807,F,Pressure,101698.0
1652474807,F,Gas,2948.593017578125
1652474807,F,Accelerometer,0.0
1652474807,F,Light,0.0
1652474807,F,MIC,3.0
1652474807,F,RSSI,80.0
1652474809,C,Temperature,22.774999618530273
1652474809,C,Humidity,40.84000015258789
1652474809,C,Pressure,101681.0
1652474809,C,Gas,1328.529052734375
1652474809,C,Accelerometer,0.0
1652474809,C,Light,0.0
1652474809,C,MIC,3.0
1652474809,C,RSSI,76.0
1652474810,B,Temperature,23.625
1652474810,B,Humidity,39.858001708984375
1652474810,B,Pressure,101626.0
1652474810,B,Gas,4974.6162109375
1652474810,B,Accelerometer,0.0
1652474810,B,Light,0.0
1652474810,B,MIC,2.0
1652474810,B,RSSI,90.0
1652474811,A,Temperature,23.55500030517578
1652474811,A,Humidity,38.81999969482422
1652474811,A,Pressure,101659.0
1652474811,A,Gas,1319.262939453125
1652474811,A,Accelerometer,0.0
1652474811,A,Light,0.0
1652474811,A,MIC,1.0
1652474811,A,RSSI,74.0
1652474811,H,Temperature,23.315000534057614
1652474811,H,Humidity,38.20299911499024
1652474811,H,Pressure,101679.0
1652474811,H,Gas,4112.02001953125
1652474811,H,Accelerometer,0.0
1652474811,H,Light,2.0
1652474811,H,MIC,2.0
1652474811,H,RSSI,79.0
1652474813,D,Temperature,23.38500022888184
1652474813,D,Humidity,38.12200164794922
1652474813,D,Pressure,101689.0
1652474813,D,Gas,3838.0869140625
1652474813,D,Accelerometer,0.0
1652474813,D,Light,0.0
1652474813,D,MIC,3.0
1652474813,D,RSSI,59.0
1652474815,E,Temperature,22.45499992370605
1652474815,E,Humidity,40.20600128173828
1652474815,E,Pressure,101661.0
1652474815,E,Gas,4068.87109375
1652474815,E,Accelerometer,0.0
1652474815,E,Light,1.0
1652474815,E,MIC,2.0
1652474815,E,RSSI,68.0
1652474817,F,Temperature,23.684999465942386
1652474817,F,Humidity,37.13600158691406
1652474817,F,Pressure,101696.0
1652474817,F,Gas,2945.824951171875
1652474817,F,Accelerometer,0.0
1652474817,F,Light,0.0
1652474817,F,MIC,3.0
1652474817,F,RSSI,80.0
1652474819,C,Temperature,22.795000076293945
1652474819,C,Humidity,40.80799865722656
1652474819,C,Pressure,101679.0
1652474819,C,Gas,1326.198974609375
1652474819,C,Accelerometer,0.0
1652474819,C,Light,0.0
1652474819,C,MIC,3.0
1652474819,C,RSSI,76.0
1652474820,B,Temperature,23.614999771118164
1652474820,B,Humidity,39.87300109863281
1652474820,B,Pressure,101624.0
1652474820,B,Gas,4966.58984375
1652474820,B,Accelerometer,0.0
1652474820,B,Light,0.0
1652474820,B,MIC,2.0
1652474820,B,RSSI,94.0
1652474821,A,Temperature,23.55500030517578
1652474821,A,Humidity,38.79800033569336
1652474821,A,Pressure,101659.0
1652474821,A,Gas,1304.5
1652474821,A,Accelerometer,0.0
1652474821,A,Light,0.0
1652474821,A,MIC,1.0
1652474821,A,RSSI,74.0
1652474821,H,Temperature,23.315000534057614
1652474821,H,Humidity,38.242000579833984
1652474821,H,Pressure,101679.0
1652474821,H,Gas,4127.9619140625
1652474821,H,Accelerometer,0.0
1652474821,H,Light,2.0
1652474821,H,MIC,2.0
1652474821,H,RSSI,79.0
1652474823,D,Temperature,23.38500022888184
1652474823,D,Humidity,38.137001037597656
1652474823,D,Pressure,101687.0
1652474823,D,Gas,3812.302001953125
1652474823,D,Accelerometer,0.0
1652474823,D,Light,0.0
1652474823,D,MIC,3.0
1652474823,D,RSSI,59.0
1652474825,E,Temperature,22.45499992370605
1652474825,E,Humidity,40.2140007019043
1652474825,E,Pressure,101661.0
1652474825,E,Gas,4064.762939453125
1652474825,E,Accelerometer,0.0
1652474825,E,Light,1.0
1652474825,E,MIC,2.0
1652474825,E,RSSI,68.0
1652474827,F,Temperature,23.69499969482422
1652474827,F,Humidity,37.12300109863281
1652474827,F,Pressure,101704.0
1652474827,F,Gas,2946.887939453125
1652474827,F,Accelerometer,0.0
1652474827,F,Light,0.0
1652474827,F,MIC,3.0
1652474827,F,RSSI,91.0
1652474829,C,Temperature,22.82500076293945
1652474829,C,Humidity,40.7239990234375
1652474829,C,Pressure,101681.0
1652474829,C,Gas,1308.385986328125
1652474829,C,Accelerometer,0.0
1652474829,C,Light,0.0
1652474829,C,MIC,3.0
1652474829,C,RSSI,74.0
1652474830,B,Temperature,23.625
1652474830,B,Humidity,39.84500122070313
1652474830,B,Pressure,101628.0
1652474830,B,Gas,4967.99609375
1652474830,B,Accelerometer,0.0
1652474830,B,Light,0.0
1652474830,B,MIC,2.0
1652474830,B,RSSI,94.0
1652474831,A,Temperature,23.55500030517578
1652474831,A,Humidity,38.79399871826172
1652474831,A,Pressure,101659.0
1652474831,A,Gas,1308.6619873046875
1652474831,A,Accelerometer,0.0
1652474831,A,Light,0.0
1652474831,A,MIC,1.0
1652474831,A,RSSI,74.0
1652474832,H,Temperature,23.30500030517578
1652474832,H,Humidity,38.24399948120117
1652474832,H,Pressure,101681.0
1652474832,H,Gas,4142.630859375
1652474832,H,Accelerometer,0.0
1652474832,H,Light,2.0
1652474832,H,MIC,2.0
1652474832,H,RSSI,79.0
1652474833,D,Temperature,23.38500022888184
1652474833,D,Humidity,38.11199951171875
1652474833,D,Pressure,101687.0
1652474833,D,Gas,3810.89599609375
1652474833,D,Accelerometer,0.0
1652474833,D,Light,0.0
1652474833,D,MIC,3.0
1652474833,D,RSSI,59.0
1652474835,E,Temperature,22.45499992370605
1652474835,E,Humidity,40.20000076293945
1652474835,E,Pressure,101663.0
1652474835,E,Gas,4068.47802734375
1652474835,E,Accelerometer,0.0
1652474835,E,Light,1.0
1652474835,E,MIC,2.0
1652474835,E,RSSI,68.0
1652474839,C,Temperature,22.82500076293945
1652474839,C,Humidity,40.71500015258789
1652474839,C,Pressure,101681.0
1652474839,C,Gas,1304.4549560546875
1652474839,C,Accelerometer,0.0
1652474839,C,Light,0.0
1652474839,C,MIC,3.0
1652474839,C,RSSI,74.0
1652474839,F,Temperature,23.684999465942386
1652474839,F,Humidity,37.141998291015625
1652474839,F,Pressure,101700.0
1652474839,F,Gas,2941.02587890625
1652474839,F,Accelerometer,0.0
1652474839,F,Light,0.0
1652474839,F,MIC,3.0
1652474839,F,RSSI,91.0
1652474840,B,Temperature,23.614999771118164
1652474840,B,Humidity,39.875
1652474840,B,Pressure,101626.0
1652474840,B,Gas,4977.27880859375
1652474840,B,Accelerometer,0.0
1652474840,B,Light,0.0
1652474840,B,MIC,2.0
1652474840,B,RSSI,94.0
1652474841,A,Temperature,23.55500030517578
1652474841,A,Humidity,38.82400131225586
1652474841,A,Pressure,101661.0
1652474841,A,Gas,1310.93701171875
1652474841,A,Accelerometer,0.0
1652474841,A,Light,0.0
1652474841,A,MIC,1.0
1652474841,A,RSSI,74.0
1652474841,H,Temperature,23.30500030517578
1652474841,H,Humidity,38.2509994506836
1652474841,H,Pressure,101683.0
1652474841,H,Gas,4134.35595703125
1652474841,H,Accelerometer,0.0
1652474841,H,Light,2.0
1652474841,H,MIC,2.0
1652474841,H,RSSI,80.0
1652474843,D,Temperature,23.395000457763672
1652474843,D,Humidity,38.09700012207031
1652474843,D,Pressure,101691.0
1652474843,D,Gas,3811.947998046875
1652474843,D,Accelerometer,0.0
1652474843,D,Light,0.0
1652474843,D,MIC,3.0
1652474843,D,RSSI,59.0
1652474845,E,Temperature,22.45499992370605
1652474845,E,Humidity,40.11999893188477
1652474845,E,Pressure,101663.0
1652474845,E,Gas,4090.498046875
1652474845,E,Accelerometer,0.0
1652474845,E,Light,1.0
1652474845,E,MIC,2.0
1652474845,E,RSSI,68.0
1652474848,F,Temperature,23.684999465942386
1652474848,F,Humidity,37.13999938964844
1652474848,F,Pressure,101698.0
1652474848,F,Gas,2945.824951171875
1652474848,F,Accelerometer,0.0
1652474848,F,Light,0.0
1652474848,F,MIC,3.0
1652474848,F,RSSI,91.0
1652474849,C,Temperature,22.82500076293945
1652474849,C,Humidity,40.74399948120117
1652474849,C,Pressure,101685.0
1652474849,C,Gas,1307.926025390625
1652474849,C,Accelerometer,0.0
1652474849,C,Light,0.0
1652474849,C,MIC,3.0
1652474849,C,RSSI,74.0
1652474850,B,Temperature,23.614999771118164
1652474850,B,Humidity,39.89599990844727
1652474850,B,Pressure,101626.0
1652474850,B,Gas,4977.64990234375
1652474850,B,Accelerometer,0.0
1652474850,B,Light,0.0
1652474850,B,MIC,2.0
1652474850,B,RSSI,94.0
1652474851,A,Temperature,23.545000076293945
1652474851,A,Humidity,38.821998596191406
1652474851,A,Pressure,101659.0
1652474851,A,Gas,1306.3709716796875
1652474851,A,Accelerometer,0.0
1652474851,A,Light,0.0
1652474851,A,MIC,1.0
1652474851,A,RSSI,81.0
1652474851,H,Temperature,23.295000076293945
1652474851,H,Humidity,38.25699996948242
1652474851,H,Pressure,101679.0
1652474851,H,Gas,4113.2978515625
1652474851,H,Accelerometer,0.0
1652474851,H,Light,2.0
1652474851,H,MIC,2.0
1652474851,H,RSSI,80.0
1652474853,D,Temperature,23.395000457763672
1652474853,D,Humidity,38.12900161743164
1652474853,D,Pressure,101691.0
1652474853,D,Gas,3818.967041015625
1652474853,D,Accelerometer,0.0
1652474853,D,Light,0.0
1652474853,D,MIC,3.0
1652474853,D,RSSI,62.0
1652474855,E,Temperature,22.45499992370605
1652474855,E,Humidity,40.08100128173828
1652474855,E,Pressure,101663.0
1652474855,E,Gas,4137.7587890625
1652474855,E,Accelerometer,0.0
1652474855,E,Light,1.0
1652474855,E,MIC,2.0
1652474855,E,RSSI,60.0
1652474857,F,Temperature,23.684999465942386
1652474857,F,Humidity,37.14400100708008
1652474857,F,Pressure,101698.0
1652474857,F,Gas,2934.571044921875
1652474857,F,Accelerometer,0.0
1652474857,F,Light,0.0
1652474857,F,MIC,3.0
1652474857,F,RSSI,91.0
1652474859,C,Temperature,22.795000076293945
1652474859,C,Humidity,40.823001861572266
1652474859,C,Pressure,101681.0
1652474859,C,Gas,1309.1719970703125
1652474859,C,Accelerometer,0.0
1652474859,C,Light,0.0
1652474859,C,MIC,3.0
1652474859,C,RSSI,74.0
1652474861,A,Temperature,23.53499984741211
1652474861,A,Humidity,38.84500122070313
1652474861,A,Pressure,101661.0
1652474861,A,Gas,1309.791015625
1652474861,A,Accelerometer,0.0
1652474861,A,Light,0.0
1652474861,A,MIC,1.0
1652474861,A,RSSI,81.0
1652474861,H,Temperature,23.295000076293945
1652474861,H,Humidity,38.24499893188477
1652474861,H,Pressure,101681.0
1652474861,H,Gas,4100.81103515625
1652474861,H,Accelerometer,0.0
1652474861,H,Light,2.0
1652474861,H,MIC,2.0
1652474861,H,RSSI,80.0
1652474862,B,Temperature,23.614999771118164
1652474862,B,Humidity,39.887001037597656
1652474862,B,Pressure,101628.0
1652474862,B,Gas,4981.3310546875
1652474862,B,Accelerometer,0.0
1652474862,B,Light,0.0
1652474862,B,MIC,2.0
1652474862,B,RSSI,94.0
1652474863,D,Temperature,23.395000457763672
1652474863,D,Humidity,38.11999893188477
1652474863,D,Pressure,101689.0
1652474863,D,Gas,3804.159912109375
1652474863,D,Accelerometer,0.0
1652474863,D,Light,1.0
1652474863,D,MIC,3.0
1652474863,D,RSSI,62.0
1652474865,E,Temperature,22.45499992370605
1652474865,E,Humidity,40.05099868774414
1652474865,E,Pressure,101663.0
1652474865,E,Gas,4182.31494140625
1652474865,E,Accelerometer,0.0
1652474865,E,Light,1.0
1652474865,E,MIC,2.0
1652474865,E,RSSI,60.0
1652474867,F,Temperature,23.69499969482422
1652474867,F,Humidity,37.13600158691406
1652474867,F,Pressure,101706.0
1652474867,F,Gas,2944.530029296875
1652474867,F,Accelerometer,0.0
1652474867,F,Light,0.0
1652474867,F,MIC,3.0
1652474867,F,RSSI,91.0
1652474869,C,Temperature,22.795000076293945
1652474869,C,Humidity,40.80199813842773
1652474869,C,Pressure,101681.0
1652474869,C,Gas,1312.126953125
1652474869,C,Accelerometer,0.0
1652474869,C,Light,0.0
1652474869,C,MIC,3.0
1652474869,C,RSSI,74.0
1652474871,B,Temperature,23.614999771118164
1652474871,B,Humidity,39.89300155639648
1652474871,B,Pressure,101628.0
1652474871,B,Gas,4981.8291015625
1652474871,B,Accelerometer,0.0
1652474871,B,Light,0.0
1652474871,B,MIC,2.0
1652474871,B,RSSI,95.0
1652474871,A,Temperature,23.545000076293945
1652474871,A,Humidity,38.80799865722656
1652474871,A,Pressure,101661.0
1652474871,A,Gas,1298.2220458984375
1652474871,A,Accelerometer,0.0
1652474871,A,Light,0.0
1652474871,A,MIC,1.0
1652474871,A,RSSI,81.0
1652474872,H,Temperature,23.295000076293945
1652474872,H,Humidity,38.26800155639648
1652474872,H,Pressure,101681.0
1652474872,H,Gas,4103.3291015625
1652474872,H,Accelerometer,0.0
1652474872,H,Light,2.0
1652474872,H,MIC,2.0
1652474872,H,RSSI,80.0
1652474873,D,Temperature,23.395000457763672
1652474873,D,Humidity,38.111000061035156
1652474873,D,Pressure,101691.0
1652474873,D,Gas,3791.073974609375
1652474873,D,Accelerometer,0.0
1652474873,D,Light,1.0
1652474873,D,MIC,3.0
1652474873,D,RSSI,62.0
1652474875,E,Temperature,22.45499992370605
1652474875,E,Humidity,40.02899932861328
1652474875,E,Pressure,101663.0
1652474875,E,Gas,4221.041015625
1652474875,E,Accelerometer,0.0
1652474875,E,Light,1.0
1652474875,E,MIC,2.0
1652474875,E,RSSI,60.0
1652474877,F,Temperature,23.684999465942386
1652474877,F,Humidity,37.150001525878906
1652474877,F,Pressure,101704.0
1652474877,F,Gas,2939.2880859375
1652474877,F,Accelerometer,0.0
1652474877,F,Light,0.0
1652474877,F,MIC,3.0
1652474877,F,RSSI,91.0
1652474879,C,Temperature,22.80500030517578
1652474879,C,Humidity,40.78900146484375
1652474879,C,Pressure,101685.0
1652474879,C,Gas,1305.4520263671875
1652474879,C,Accelerometer,0.0
1652474879,C,Light,0.0
1652474879,C,MIC,3.0
1652474879,C,RSSI,83.0
1652474881,B,Temperature,23.614999771118164
1652474881,B,Humidity,39.88600158691406
1652474881,B,Pressure,101628.0
1652474881,B,Gas,4991.958984375
1652474881,B,Accelerometer,0.0
1652474881,B,Light,0.0
1652474881,B,MIC,2.0
1652474881,B,RSSI,95.0
1652474881,A,Temperature,23.545000076293945
1652474881,A,Humidity,38.83100128173828
1652474881,A,Pressure,101661.0
1652474881,A,Gas,1311.7010498046875
1652474881,A,Accelerometer,0.0
1652474881,A,Light,0.0
1652474881,A,MIC,1.0
1652474881,A,RSSI,81.0
1652474881,H,Temperature,23.295000076293945
1652474881,H,Humidity,38.27799987792969
1652474881,H,Pressure,101685.0
1652474881,H,Gas,4111.56591796875
1652474881,H,Accelerometer,0.0
1652474881,H,Light,2.0
1652474881,H,MIC,2.0
1652474881,H,RSSI,80.0
1652474883,D,Temperature,23.395000457763672
1652474883,D,Humidity,38.12900161743164
1652474883,D,Pressure,101689.0
1652474883,D,Gas,3800.931884765625
1652474883,D,Accelerometer,0.0
1652474883,D,Light,0.0
1652474883,D,MIC,3.0
1652474883,D,RSSI,62.0
1652474885,E,Temperature,22.45499992370605
1652474885,E,Humidity,40.00600051879883
1652474885,E,Pressure,101665.0
1652474885,E,Gas,4276.09619140625
1652474885,E,Accelerometer,0.0
1652474885,E,Light,1.0
1652474885,E,MIC,2.0
1652474885,E,RSSI,60.0
1652474889,C,Temperature,22.864999771118164
1652474889,C,Humidity,40.62900161743164
1652474889,C,Pressure,101685.0
1652474889,C,Gas,1309.56494140625
1652474889,C,Accelerometer,0.0
1652474889,C,Light,0.0
1652474889,C,MIC,3.0
1652474889,C,RSSI,83.0
1652474889,F,Temperature,23.684999465942386
1652474889,F,Humidity,37.13899993896485
1652474889,F,Pressure,101702.0
1652474889,F,Gas,2936.658935546875
1652474889,F,Accelerometer,0.0
1652474889,F,Light,0.0
1652474889,F,MIC,3.0
1652474889,F,RSSI,83.0
1652474890,B,Temperature,23.614999771118164
1652474890,B,Humidity,39.87900161743164
1652474890,B,Pressure,101628.0
1652474890,B,Gas,4989.13623046875
1652474890,B,Accelerometer,0.0
1652474890,B,Light,0.0
1652474890,B,MIC,2.0
1652474890,B,RSSI,95.0
1652474891,A,Temperature,23.545000076293945
1652474891,A,Humidity,38.861000061035156
1652474891,A,Pressure,101663.0
1652474891,A,Gas,1301.123046875
1652474891,A,Accelerometer,0.0
1652474891,A,Light,0.0
1652474891,A,MIC,1.0
1652474891,A,RSSI,81.0
1652474892,H,Temperature,23.295000076293945
1652474892,H,Humidity,38.2760009765625
1652474892,H,Pressure,101681.0
1652474892,H,Gas,4119.7421875
1652474892,H,Accelerometer,0.0
1652474892,H,Light,2.0
1652474892,H,MIC,2.0
1652474892,H,RSSI,81.0
1652474893,D,Temperature,23.395000457763672
1652474893,D,Humidity,38.099998474121094
1652474893,D,Pressure,101693.0
1652474893,D,Gas,3805.7041015625
1652474893,D,Accelerometer,0.0
1652474893,D,Light,1.0
1652474893,D,MIC,3.0
1652474893,D,RSSI,62.0
1652474895,E,Temperature,22.44499969482422
1652474895,E,Humidity,40.0890007019043
1652474895,E,Pressure,101667.0
1652474895,E,Gas,4302.2958984375
1652474895,E,Accelerometer,0.0
1652474895,E,Light,1.0
1652474895,E,MIC,2.0
1652474895,E,RSSI,60.0
1652474898,F,Temperature,23.684999465942386
1652474898,F,Humidity,37.14699935913086
1652474898,F,Pressure,101702.0
1652474898,F,Gas,2933.751953125
1652474898,F,Accelerometer,0.0
1652474898,F,Light,0.0
1652474898,F,MIC,3.0
1652474898,F,RSSI,83.0
1652474899,C,Temperature,22.88500022888184
1652474899,C,Humidity,40.59099960327149
1652474899,C,Pressure,101687.0
1652474899,C,Gas,1315.8470458984375
1652474899,C,Accelerometer,0.0
1652474899,C,Light,0.0
1652474899,C,MIC,3.0
1652474899,C,RSSI,83.0
1652474901,B,Temperature,23.614999771118164
1652474901,B,Humidity,39.88800048828125
1652474901,B,Pressure,101630.0
1652474901,B,Gas,4975.2587890625
1652474901,B,Accelerometer,0.0
1652474901,B,Light,0.0
1652474901,B,MIC,2.0
1652474901,B,RSSI,95.0
1652474901,H,Temperature,23.295000076293945
1652474901,H,Humidity,38.26300048828125
1652474901,H,Pressure,101681.0
1652474901,H,Gas,4133.087890625
1652474901,H,Accelerometer,0.0
1652474901,H,Light,2.0
1652474901,H,MIC,3.0
1652474901,H,RSSI,81.0
1652474901,A,Temperature,23.545000076293945
1652474901,A,Humidity,38.85599899291992
1652474901,A,Pressure,101663.0
1652474901,A,Gas,1295.2939453125
1652474901,A,Accelerometer,0.0
1652474901,A,Light,0.0
1652474901,A,MIC,1.0
1652474901,A,RSSI,81.0
1652474903,D,Temperature,23.395000457763672
1652474903,D,Humidity,38.12699890136719
1652474903,D,Pressure,101693.0
1652474903,D,Gas,3785.787109375
1652474903,D,Accelerometer,0.0
1652474903,D,Light,1.0
1652474903,D,MIC,3.0
1652474903,D,RSSI,53.0
1652474905,E,Temperature,22.44499969482422
1652474905,E,Humidity,40.10100173950195
1652474905,E,Pressure,101665.0
1652474905,E,Gas,4310.35009765625
1652474905,E,Accelerometer,0.0
1652474905,E,Light,1.0
1652474905,E,MIC,2.0
1652474905,E,RSSI,60.0
1652474908,F,Temperature,23.684999465942386
1652474908,F,Humidity,37.14400100708008
1652474908,F,Pressure,101702.0
1652474908,F,Gas,2956.27587890625
1652474908,F,Accelerometer,0.0
1652474908,F,Light,0.0
1652474908,F,MIC,3.0
1652474908,F,RSSI,83.0
1652474909,C,Temperature,22.864999771118164
1652474909,C,Humidity,40.64500045776367
1652474909,C,Pressure,101687.0
1652474909,C,Gas,1323.3199462890625
1652474909,C,Accelerometer,0.0
1652474909,C,Light,0.0
1652474909,C,MIC,3.0
1652474909,C,RSSI,83.0
1652474911,A,Temperature,23.545000076293945
1652474911,A,Humidity,38.86000061035156
1652474911,A,Pressure,101661.0
1652474911,A,Gas,1298.6710205078125
1652474911,A,Accelerometer,0.0
1652474911,A,Light,0.0
1652474911,A,MIC,1.0
1652474911,A,RSSI,81.0
1652474911,H,Temperature,23.295000076293945
1652474911,H,Humidity,38.26300048828125
1652474911,H,Pressure,101683.0
1652474911,H,Gas,4122.56494140625
1652474911,H,Accelerometer,0.0
1652474911,H,Light,2.0
1652474911,H,MIC,3.0
1652474911,H,RSSI,81.0
1652474912,B,Temperature,23.614999771118164
1652474912,B,Humidity,39.89599990844727
1652474912,B,Pressure,101628.0
1652474912,B,Gas,4985.66015625
1652474912,B,Accelerometer,0.0
1652474912,B,Light,0.0
1652474912,B,MIC,2.0
1652474912,B,RSSI,95.0
1652474913,D,Temperature,23.38500022888184
1652474913,D,Humidity,38.13600158691406
1652474913,D,Pressure,101691.0
1652474913,D,Gas,3797.4560546875
1652474913,D,Accelerometer,0.0
1652474913,D,Light,1.0
1652474913,D,MIC,3.0
1652474913,D,RSSI,53.0
1652474915,E,Temperature,22.44499969482422
1652474915,E,Humidity,40.11199951171875
1652474915,E,Pressure,101667.0
1652474915,E,Gas,4316.10693359375
1652474915,E,Accelerometer,0.0
1652474915,E,Light,1.0
1652474915,E,MIC,2.0
1652474915,E,RSSI,60.0
1652474917,F,Temperature,23.684999465942386
1652474917,F,Humidity,37.14500045776367
1652474917,F,Pressure,101702.0
1652474917,F,Gas,2952.406982421875
1652474917,F,Accelerometer,0.0
1652474917,F,Light,0.0
1652474917,F,MIC,3.0
1652474917,F,RSSI,83.0
1652474919,C,Temperature,22.875
1652474919,C,Humidity,40.62799835205078
1652474919,C,Pressure,101685.0
1652474919,C,Gas,1316.261962890625
1652474919,C,Accelerometer,0.0
1652474919,C,Light,0.0
1652474919,C,MIC,3.0
1652474919,C,RSSI,83.0
1652474921,B,Temperature,23.604999542236328
1652474921,B,Humidity,39.89099884033203
1652474921,B,Pressure,101628.0
1652474921,B,Gas,4984.35302734375
1652474921,B,Accelerometer,0.0
1652474921,B,Light,0.0
1652474921,B,MIC,2.0
1652474921,B,RSSI,89.0
1652474921,A,Temperature,23.545000076293945
1652474921,A,Humidity,38.82699966430664
1652474921,A,Pressure,101661.0
1652474921,A,Gas,1300.8349609375
1652474921,A,Accelerometer,0.0
1652474921,A,Light,0.0
1652474921,A,MIC,1.0
1652474921,A,RSSI,81.0
1652474922,H,Temperature,23.28499984741211
1652474922,H,Humidity,38.2869987487793
1652474922,H,Pressure,101685.0
1652474922,H,Gas,4106.6669921875
1652474922,H,Accelerometer,0.0
1652474922,H,Light,2.0
1652474922,H,MIC,3.0
1652474922,H,RSSI,81.0
1652474923,D,Temperature,23.395000457763672
1652474923,D,Humidity,38.11199951171875
1652474923,D,Pressure,101693.0
1652474923,D,Gas,3800.35693359375
1652474923,D,Accelerometer,0.0
1652474923,D,Light,1.0
1652474923,D,MIC,3.0
1652474923,D,RSSI,53.0
1652474925,E,Temperature,22.44499969482422
1652474925,E,Humidity,40.07400131225586
1652474925,E,Pressure,101663.0
1652474925,E,Gas,4331.6611328125
1652474925,E,Accelerometer,0.0
1652474925,E,Light,1.0
1652474925,E,MIC,2.0
1652474925,E,RSSI,60.0
1652474929,F,Temperature,23.684999465942386
1652474929,F,Humidity,37.14400100708008
1652474929,F,Pressure,101702.0
1652474929,F,Gas,2965.06103515625
1652474929,F,Accelerometer,0.0
1652474929,F,Light,0.0
1652474929,F,MIC,3.0
1652474929,F,RSSI,83.0
1652474929,C,Temperature,22.864999771118164
1652474929,C,Humidity,40.64799880981445
1652474929,C,Pressure,101685.0
1652474929,C,Gas,1305.7889404296875
1652474929,C,Accelerometer,0.0
1652474929,C,Light,0.0
1652474929,C,MIC,3.0
1652474929,C,RSSI,76.0
1652474931,B,Temperature,23.614999771118164
1652474931,B,Humidity,39.87300109863281
1652474931,B,Pressure,101628.0
1652474931,B,Gas,4983.01416015625
1652474931,B,Accelerometer,0.0
1652474931,B,Light,0.0
1652474931,B,MIC,2.0
1652474931,B,RSSI,89.0
1652474931,A,Temperature,23.545000076293945
1652474931,A,Humidity,38.82699966430664
1652474931,A,Pressure,101661.0
1652474931,A,Gas,1286.3819580078125
1652474931,A,Accelerometer,0.0
1652474931,A,Light,0.0
1652474931,A,MIC,1.0
1652474931,A,RSSI,81.0
1652474932,H,Temperature,23.274999618530273
1652474932,H,Humidity,38.316001892089844
1652474932,H,Pressure,101685.0
1652474932,H,Gas,4073.570068359375
1652474932,H,Accelerometer,0.0
1652474932,H,Light,2.0
1652474932,H,MIC,3.0
1652474932,H,RSSI,81.0
1652474933,D,Temperature,23.395000457763672
1652474933,D,Humidity,38.11199951171875
1652474933,D,Pressure,101695.0
1652474933,D,Gas,3801.784912109375
1652474933,D,Accelerometer,0.0
1652474933,D,Light,1.0
1652474933,D,MIC,3.0
1652474933,D,RSSI,53.0
1652474935,E,Temperature,22.44499969482422
1652474935,E,Humidity,40.08000183105469
1652474935,E,Pressure,101667.0
1652474935,E,Gas,4355.56396484375
1652474935,E,Accelerometer,0.0
1652474935,E,Light,1.0
1652474935,E,MIC,2.0
1652474935,E,RSSI,60.0
1652474937,F,Temperature,23.684999465942386
1652474937,F,Humidity,37.13399887084961
1652474937,F,Pressure,101706.0
1652474937,F,Gas,2963.173095703125
1652474937,F,Accelerometer,0.0
1652474937,F,Light,0.0
1652474937,F,MIC,3.0
1652474937,F,RSSI,78.0
1652474939,C,Temperature,22.854999542236328
1652474939,C,Humidity,40.66799926757813
1652474939,C,Pressure,101687.0
1652474939,C,Gas,1311.0040283203125
1652474939,C,Accelerometer,0.0
1652474939,C,Light,0.0
1652474939,C,MIC,3.0
1652474939,C,RSSI,76.0
1652474941,B,Temperature,23.614999771118164
1652474941,B,Humidity,39.88999938964844
1652474941,B,Pressure,101630.0
1652474941,B,Gas,4979.908203125
1652474941,B,Accelerometer,0.0
1652474941,B,Light,0.0
1652474941,B,MIC,3.0
1652474941,B,RSSI,89.0
1652474941,H,Temperature,23.274999618530273
1652474941,H,Humidity,38.308998107910156
1652474941,H,Pressure,101685.0
1652474941,H,Gas,4055.591064453125
1652474941,H,Accelerometer,0.0
1652474941,H,Light,2.0
1652474941,H,MIC,3.0
1652474941,H,RSSI,81.0
1652474941,A,Temperature,23.545000076293945
1652474941,A,Humidity,38.82500076293945
1652474941,A,Pressure,101663.0
1652474941,A,Gas,1302.41796875
1652474941,A,Accelerometer,0.0
1652474941,A,Light,0.0
1652474941,A,MIC,1.0
1652474941,A,RSSI,81.0
1652474943,D,Temperature,23.395000457763672
1652474943,D,Humidity,38.10900115966797
1652474943,D,Pressure,101695.0
1652474943,D,Gas,3817.510986328125
1652474943,D,Accelerometer,0.0
1652474943,D,Light,1.0
1652474943,D,MIC,3.0
1652474943,D,RSSI,53.0
1652474945,E,Temperature,22.44499969482422
1652474945,E,Humidity,40.15299987792969
1652474945,E,Pressure,101669.0
1652474945,E,Gas,4352.09814453125
1652474945,E,Accelerometer,0.0
1652474945,E,Light,1.0
1652474945,E,MIC,2.0
1652474945,E,RSSI,60.0
1652474947,F,Temperature,23.684999465942386
1652474947,F,Humidity,37.1619987487793
1652474947,F,Pressure,101704.0
1652474947,F,Gas,2963.16796875
1652474947,F,Accelerometer,0.0
1652474947,F,Light,0.0
1652474947,F,MIC,3.0
1652474947,F,RSSI,78.0
1652474949,C,Temperature,22.834999084472656
1652474949,C,Humidity,40.70899963378906
1652474949,C,Pressure,101683.0
1652474949,C,Gas,1326.2320556640625
1652474949,C,Accelerometer,0.0
1652474949,C,Light,0.0
1652474949,C,MIC,3.0
1652474949,C,RSSI,76.0
1652474950,B,Temperature,23.604999542236328
1652474950,B,Humidity,39.891998291015625
1652474950,B,Pressure,101632.0
1652474950,B,Gas,4984.3310546875
1652474950,B,Accelerometer,0.0
1652474950,B,Light,0.0
1652474950,B,MIC,3.0
1652474950,B,RSSI,89.0
1652474951,A,Temperature,23.545000076293945
1652474951,A,Humidity,38.84400177001953
1652474951,A,Pressure,101663.0
1652474951,A,Gas,1299.7340087890625
1652474951,A,Accelerometer,0.0
1652474951,A,Light,0.0
1652474951,A,MIC,1.0
1652474951,A,RSSI,82.0
1652474952,H,Temperature,23.274999618530273
1652474952,H,Humidity,38.321998596191406
1652474952,H,Pressure,101683.0
1652474952,H,Gas,4050.470947265625
1652474952,H,Accelerometer,0.0
1652474952,H,Light,2.0
1652474952,H,MIC,3.0
1652474952,H,RSSI,81.0
1652474953,D,Temperature,23.395000457763672
1652474953,D,Humidity,38.11600112915039
1652474953,D,Pressure,101693.0
1652474953,D,Gas,3810.408935546875
1652474953,D,Accelerometer,0.0
1652474953,D,Light,1.0
1652474953,D,MIC,3.0
1652474953,D,RSSI,53.0
1652474955,E,Temperature,22.44499969482422
1652474955,E,Humidity,40.20199966430664
1652474955,E,Pressure,101665.0
1652474955,E,Gas,4340.1748046875
1652474955,E,Accelerometer,0.0
1652474955,E,Light,1.0
1652474955,E,MIC,2.0
1652474955,E,RSSI,70.0
1652474957,F,Temperature,23.684999465942386
1652474957,F,Humidity,37.150001525878906
1652474957,F,Pressure,101704.0
1652474957,F,Gas,2951.614990234375
1652474957,F,Accelerometer,0.0
1652474957,F,Light,0.0
1652474957,F,MIC,3.0
1652474957,F,RSSI,78.0
1652474960,C,Temperature,22.82500076293945
1652474960,C,Humidity,40.75199890136719
1652474960,C,Pressure,101685.0
1652474960,C,Gas,1322.008056640625
1652474960,C,Accelerometer,0.0
1652474960,C,Light,0.0
1652474960,C,MIC,3.0
1652474960,C,RSSI,76.0
1652474961,B,Temperature,23.604999542236328
1652474961,B,Humidity,39.91699981689453
1652474961,B,Pressure,101628.0
1652474961,B,Gas,4973.4482421875
1652474961,B,Accelerometer,0.0
1652474961,B,Light,0.0
1652474961,B,MIC,3.0
1652474961,B,RSSI,89.0
1652474961,A,Temperature,23.545000076293945
1652474961,A,Humidity,38.84000015258789
1652474961,A,Pressure,101663.0
1652474961,A,Gas,1283.3380126953125
1652474961,A,Accelerometer,0.0
1652474961,A,Light,0.0
1652474961,A,MIC,1.0
1652474961,A,RSSI,82.0
1652474963,H,Temperature,23.26499938964844
1652474963,H,Humidity,38.33399963378906
1652474963,H,Pressure,101685.0
1652474963,H,Gas,4060.02001953125
1652474963,H,Accelerometer,0.0
1652474963,H,Light,2.0
1652474963,H,MIC,3.0
1652474963,H,RSSI,81.0
1652474963,D,Temperature,23.395000457763672
1652474963,D,Humidity,38.132999420166016
1652474963,D,Pressure,101691.0
1652474963,D,Gas,3803.22998046875
1652474963,D,Accelerometer,0.0
1652474963,D,Light,1.0
1652474963,D,MIC,3.0
1652474963,D,RSSI,53.0
1652474966,E,Temperature,22.44499969482422
1652474966,E,Humidity,40.20100021362305
1652474966,E,Pressure,101665.0
1652474966,E,Gas,4327.1337890625
1652474966,E,Accelerometer,0.0
1652474966,E,Light,1.0
1652474966,E,MIC,2.0
1652474966,E,RSSI,70.0
1652474968,F,Temperature,23.684999465942386
1652474968,F,Humidity,37.1510009765625
1652474968,F,Pressure,101702.0
1652474968,F,Gas,2948.6650390625
1652474968,F,Accelerometer,0.0
1652474968,F,Light,0.0
1652474968,F,MIC,3.0
1652474968,F,RSSI,78.0
1652474969,C,Temperature,22.82500076293945
1652474969,C,Humidity,40.72000122070313
1652474969,C,Pressure,101687.0
1652474969,C,Gas,1330.9759521484375
1652474969,C,Accelerometer,0.0
1652474969,C,Light,0.0
1652474969,C,MIC,3.0
1652474969,C,RSSI,76.0
1652474971,B,Temperature,23.604999542236328
1652474971,B,Humidity,39.91400146484375
1652474971,B,Pressure,101632.0
1652474971,B,Gas,4967.63623046875
1652474971,B,Accelerometer,0.0
1652474971,B,Light,0.0
1652474971,B,MIC,3.0
1652474971,B,RSSI,94.0
1652474971,A,Temperature,23.545000076293945
1652474971,A,Humidity,38.79800033569336
1652474971,A,Pressure,101665.0
1652474971,A,Gas,1289.6590576171875
1652474971,A,Accelerometer,0.0
1652474971,A,Light,0.0
1652474971,A,MIC,1.0
1652474971,A,RSSI,82.0
1652474972,H,Temperature,23.26499938964844
1652474972,H,Humidity,38.34299850463867
1652474972,H,Pressure,101685.0
1652474972,H,Gas,4075.31396484375
1652474972,H,Accelerometer,0.0
1652474972,H,Light,2.0
1652474972,H,MIC,3.0
1652474972,H,RSSI,81.0
1652474974,D,Temperature,23.395000457763672
1652474974,D,Humidity,38.1609992980957
1652474974,D,Pressure,101693.0
1652474974,D,Gas,3809.916015625
1652474974,D,Accelerometer,0.0
1652474974,D,Light,1.0
1652474974,D,MIC,3.0
1652474974,D,RSSI,53.0
1652474975,E,Temperature,22.44499969482422
1652474975,E,Humidity,40.20899963378906
1652474975,E,Pressure,101667.0
1652474975,E,Gas,4299.93212890625
1652474975,E,Accelerometer,0.0
1652474975,E,Light,1.0
1652474975,E,MIC,2.0
1652474975,E,RSSI,70.0
1652474977,F,Temperature,23.684999465942386
1652474977,F,Humidity,37.15599822998047
1652474977,F,Pressure,101702.0
1652474977,F,Gas,2964.446044921875
1652474977,F,Accelerometer,0.0
1652474977,F,Light,0.0
1652474977,F,MIC,3.0
1652474977,F,RSSI,80.0
1652474979,C,Temperature,22.795000076293945
1652474979,C,Humidity,40.78799819946289
1652474979,C,Pressure,101687.0
1652474979,C,Gas,1332.39794921875
1652474979,C,Accelerometer,0.0
1652474979,C,Light,0.0
1652474979,C,MIC,3.0
1652474979,C,RSSI,78.0
1652474981,B,Temperature,23.604999542236328
1652474981,B,Humidity,39.90700149536133
1652474981,B,Pressure,101632.0
1652474981,B,Gas,4986.94384765625
1652474981,B,Accelerometer,0.0
1652474981,B,Light,0.0
1652474981,B,MIC,3.0
1652474981,B,RSSI,94.0
1652474981,A,Temperature,23.55500030517578
1652474981,A,Humidity,38.77299880981445
1652474981,A,Pressure,101667.0
1652474981,A,Gas,1294.70703125
1652474981,A,Accelerometer,0.0
1652474981,A,Light,0.0
1652474981,A,MIC,1.0
1652474981,A,RSSI,82.0
1652474982,H,Temperature,23.274999618530273
1652474982,H,Humidity,38.305999755859375
1652474982,H,Pressure,101687.0
1652474982,H,Gas,4093.1220703125
1652474982,H,Accelerometer,0.0
1652474982,H,Light,2.0
1652474982,H,MIC,3.0
1652474982,H,RSSI,81.0
1652474984,D,Temperature,23.38500022888184
1652474984,D,Humidity,38.16299819946289
1652474984,D,Pressure,101693.0
1652474984,D,Gas,3782.089111328125
1652474984,D,Accelerometer,0.0
1652474984,D,Light,1.0
1652474984,D,MIC,3.0
1652474984,D,RSSI,53.0
1652474985,E,Temperature,22.434999465942386
1652474985,E,Humidity,40.13999938964844
1652474985,E,Pressure,101669.0
1652474985,E,Gas,4317.091796875
1652474985,E,Accelerometer,0.0
1652474985,E,Light,1.0
1652474985,E,MIC,2.0
1652474985,E,RSSI,70.0
1652474987,F,Temperature,23.684999465942386
1652474987,F,Humidity,37.13999938964844
1652474987,F,Pressure,101710.0
1652474987,F,Gas,2956.132080078125
1652474987,F,Accelerometer,0.0
1652474987,F,Light,0.0
1652474987,F,MIC,3.0
1652474987,F,RSSI,80.0
1652474989,C,Temperature,22.834999084472656
1652474989,C,Humidity,40.71799850463867
1652474989,C,Pressure,101687.0
1652474989,C,Gas,1339.6390380859375
1652474989,C,Accelerometer,0.0
1652474989,C,Light,0.0
1652474989,C,MIC,3.0
1652474989,C,RSSI,78.0
1652474991,B,Temperature,23.59499931335449
1652474991,B,Humidity,39.92499923706055
1652474991,B,Pressure,101632.0
1652474991,B,Gas,4971.12890625
1652474991,B,Accelerometer,0.0
1652474991,B,Light,0.0
1652474991,B,MIC,3.0
1652474991,B,RSSI,94.0
1652474991,A,Temperature,23.55500030517578
1652474991,A,Humidity,38.749000549316406
1652474991,A,Pressure,101669.0
1652474991,A,Gas,1315.0999755859375
1652474991,A,Accelerometer,0.0
1652474991,A,Light,0.0
1652474991,A,MIC,1.0
1652474991,A,RSSI,79.0
1652474992,H,Temperature,23.2549991607666
1652474992,H,Humidity,38.367000579833984
1652474992,H,Pressure,101691.0
1652474992,H,Gas,4098.80712890625
1652474992,H,Accelerometer,0.0
1652474992,H,Light,2.0
1652474992,H,MIC,3.0
1652474992,H,RSSI,81.0
1652474994,D,Temperature,23.38500022888184
1652474994,D,Humidity,38.16799926757813
1652474994,D,Pressure,101693.0
1652474994,D,Gas,3791.672119140625
1652474994,D,Accelerometer,0.0
1652474994,D,Light,0.0
1652474994,D,MIC,3.0
1652474994,D,RSSI,53.0
1652474995,E,Temperature,22.434999465942386
1652474995,E,Humidity,40.12799835205078
1652474995,E,Pressure,101667.0
1652474995,E,Gas,4348.40087890625
1652474995,E,Accelerometer,0.0
1652474995,E,Light,1.0
1652474995,E,MIC,2.0
1652474995,E,RSSI,70.0
1652474997,F,Temperature,23.684999465942386
1652474997,F,Humidity,37.14400100708008
1652474997,F,Pressure,101706.0
1652474997,F,Gas,2952.069091796875
1652474997,F,Accelerometer,0.0
1652474997,F,Light,0.0
1652474997,F,MIC,3.0
1652474997,F,RSSI,80.0
1652475000,C,Temperature,22.864999771118164
1652475000,C,Humidity,40.624000549316406
1652475000,C,Pressure,101691.0
1652475000,C,Gas,1350.488037109375
1652475000,C,Accelerometer,0.0
1652475000,C,Light,0.0
1652475000,C,MIC,3.0
1652475000,C,RSSI,78.0
1652475001,B,Temperature,23.59499931335449
1652475001,B,Humidity,39.95100021362305
1652475001,B,Pressure,101630.0
1652475001,B,Gas,4975.70703125
1652475001,B,Accelerometer,0.0
1652475001,B,Light,0.0
1652475001,B,MIC,3.0
1652475001,B,RSSI,94.0
1652475001,A,Temperature,23.545000076293945
1652475001,A,Humidity,38.7599983215332
1652475001,A,Pressure,101665.0
1652475001,A,Gas,1326.032958984375
1652475001,A,Accelerometer,0.0
1652475001,A,Light,0.0
1652475001,A,MIC,1.0
1652475001,A,RSSI,79.0
1652475002,H,Temperature,23.26499938964844
1652475002,H,Humidity,38.354000091552734
1652475002,H,Pressure,101691.0
1652475002,H,Gas,4117.03515625
1652475002,H,Accelerometer,0.0
1652475002,H,Light,2.0
1652475002,H,MIC,3.0
1652475002,H,RSSI,81.0
1652475004,D,Temperature,23.375
1652475004,D,Humidity,38.1609992980957
1652475004,D,Pressure,101695.0
1652475004,D,Gas,3806.284912109375
1652475004,D,Accelerometer,0.0
1652475004,D,Light,1.0
1652475004,D,MIC,3.0
1652475004,D,RSSI,59.0
1652475005,E,Temperature,22.44499969482422
1652475005,E,Humidity,40.18199920654297
1652475005,E,Pressure,101667.0
1652475005,E,Gas,4349.2421875
1652475005,E,Accelerometer,0.0
1652475005,E,Light,1.0
1652475005,E,MIC,2.0
1652475005,E,RSSI,72.0
1652475007,F,Temperature,23.684999465942386
1652475007,F,Humidity,37.150001525878906
1652475007,F,Pressure,101704.0
1652475007,F,Gas,2967.468994140625
1652475007,F,Accelerometer,0.0
1652475007,F,Light,0.0
1652475007,F,MIC,3.0
1652475007,F,RSSI,80.0
1652475009,C,Temperature,22.875
1652475009,C,Humidity,40.61299896240234
1652475009,C,Pressure,101691.0
1652475009,C,Gas,1347.89794921875
1652475009,C,Accelerometer,0.0
1652475009,C,Light,0.0
1652475009,C,MIC,3.0
1652475009,C,RSSI,78.0
1652475011,B,Temperature,23.604999542236328
1652475011,B,Humidity,39.9109992980957
1652475011,B,Pressure,101630.0
1652475011,B,Gas,4984.85693359375
1652475011,B,Accelerometer,0.0
1652475011,B,Light,0.0
1652475011,B,MIC,2.0
1652475011,B,RSSI,94.0
1652475011,A,Temperature,23.53499984741211
1652475011,A,Humidity,38.8120002746582
1652475011,A,Pressure,101665.0
1652475011,A,Gas,1328.3800048828125
1652475011,A,Accelerometer,0.0
1652475011,A,Light,0.0
1652475011,A,MIC,1.0
1652475011,A,RSSI,79.0
1652475012,H,Temperature,23.2549991607666
1652475012,H,Humidity,38.347999572753906
1652475012,H,Pressure,101687.0
1652475012,H,Gas,4118.39697265625
1652475012,H,Accelerometer,0.0
1652475012,H,Light,2.0
1652475012,H,MIC,3.0
1652475012,H,RSSI,81.0
1652475014,D,Temperature,23.375
1652475014,D,Humidity,38.150001525878906
1652475014,D,Pressure,101695.0
1652475014,D,Gas,3804.697021484375
1652475014,D,Accelerometer,0.0
1652475014,D,Light,1.0
1652475014,D,MIC,3.0
1652475014,D,RSSI,59.0
1652475015,E,Temperature,22.44499969482422
1652475015,E,Humidity,40.20899963378906
1652475015,E,Pressure,101667.0
1652475015,E,Gas,4341.298828125
1652475015,E,Accelerometer,0.0
1652475015,E,Light,1.0
1652475015,E,MIC,2.0
1652475015,E,RSSI,72.0
1652475017,F,Temperature,23.684999465942386
1652475017,F,Humidity,37.13800048828125
1652475017,F,Pressure,101704.0
1652475017,F,Gas,2968.10498046875
1652475017,F,Accelerometer,0.0
1652475017,F,Light,0.0
1652475017,F,MIC,3.0
1652475017,F,RSSI,80.0
1652475019,C,Temperature,22.88500022888184
1652475019,C,Humidity,40.56900024414063
1652475019,C,Pressure,101687.0
1652475019,C,Gas,1357.64599609375
1652475019,C,Accelerometer,0.0
1652475019,C,Light,0.0
1652475019,C,MIC,3.0
1652475019,C,RSSI,78.0
1652475021,B,Temperature,23.59499931335449
1652475021,B,Humidity,39.930999755859375
1652475021,B,Pressure,101630.0
1652475021,B,Gas,4989.41796875
1652475021,B,Accelerometer,0.0
1652475021,B,Light,0.0
1652475021,B,MIC,2.0
1652475021,B,RSSI,90.0
1652475022,A,Temperature,23.524999618530273
1652475022,A,Humidity,38.82699966430664
1652475022,A,Pressure,101663.0
1652475022,A,Gas,1334.93896484375
1652475022,A,Accelerometer,0.0
1652475022,A,Light,0.0
1652475022,A,MIC,1.0
1652475022,A,RSSI,79.0
1652475022,H,Temperature,23.2450008392334
1652475022,H,Humidity,38.374000549316406
1652475022,H,Pressure,101687.0
1652475022,H,Gas,4114.759765625
1652475022,H,Accelerometer,0.0
1652475022,H,Light,2.0
1652475022,H,MIC,3.0
1652475022,H,RSSI,81.0
1652475024,D,Temperature,23.375
1652475024,D,Humidity,38.14699935913086
1652475024,D,Pressure,101693.0
1652475024,D,Gas,3812.534912109375
1652475024,D,Accelerometer,0.0
1652475024,D,Light,1.0
1652475024,D,MIC,3.0
1652475024,D,RSSI,59.0
1652475025,E,Temperature,22.434999465942386
1652475025,E,Humidity,40.22000122070313
1652475025,E,Pressure,101667.0
1652475025,E,Gas,4331.39599609375
1652475025,E,Accelerometer,0.0
1652475025,E,Light,1.0
1652475025,E,MIC,2.0
1652475025,E,RSSI,72.0
1652475028,F,Temperature,23.684999465942386
1652475028,F,Humidity,37.12799835205078
1652475028,F,Pressure,101706.0
1652475028,F,Gas,2975.22900390625
1652475028,F,Accelerometer,0.0
1652475028,F,Light,0.0
1652475028,F,MIC,3.0
1652475028,F,RSSI,80.0
1652475030,C,Temperature,22.895000457763672
1652475030,C,Humidity,40.57500076293945
1652475030,C,Pressure,101691.0
1652475030,C,Gas,1358.0550537109375
1652475030,C,Accelerometer,0.0
1652475030,C,Light,0.0
1652475030,C,MIC,3.0
1652475030,C,RSSI,76.0
1652475031,B,Temperature,23.604999542236328
1652475031,B,Humidity,39.92200088500977
1652475031,B,Pressure,101630.0
1652475031,B,Gas,5002.205078125
1652475031,B,Accelerometer,0.0
1652475031,B,Light,0.0
1652475031,B,MIC,2.0
1652475031,B,RSSI,90.0
1652475032,A,Temperature,23.524999618530273
1652475032,A,Humidity,38.85699844360352
1652475032,A,Pressure,101665.0
1652475032,A,Gas,1336.333984375
1652475032,A,Accelerometer,0.0
1652475032,A,Light,0.0
1652475032,A,MIC,1.0
1652475032,A,RSSI,79.0
1652475032,H,Temperature,23.2450008392334
1652475032,H,Humidity,38.3650016784668
1652475032,H,Pressure,101689.0
1652475032,H,Gas,4110.2099609375
1652475032,H,Accelerometer,0.0
1652475032,H,Light,2.0
1652475032,H,MIC,3.0
1652475032,H,RSSI,81.0
1652475034,D,Temperature,23.38500022888184
1652475034,D,Humidity,38.13600158691406
1652475034,D,Pressure,101693.0
1652475034,D,Gas,3808.847900390625
1652475034,D,Accelerometer,0.0
1652475034,D,Light,0.0
1652475034,D,MIC,3.0
1652475034,D,RSSI,59.0
1652475036,E,Temperature,22.434999465942386
1652475036,E,Humidity,40.19200134277344
1652475036,E,Pressure,101669.0
1652475036,E,Gas,4333.421875
1652475036,E,Accelerometer,0.0
1652475036,E,Light,1.0
1652475036,E,MIC,2.0
1652475036,E,RSSI,72.0
1652475037,F,Temperature,23.67499923706055
1652475037,F,Humidity,37.17100143432617
1652475037,F,Pressure,101704.0
1652475037,F,Gas,2980.610107421875
1652475037,F,Accelerometer,0.0
1652475037,F,Light,0.0
1652475037,F,MIC,3.0
1652475037,F,RSSI,91.0
1652475040,C,Temperature,22.92499923706055
1652475040,C,Humidity,40.507999420166016
1652475040,C,Pressure,101689.0
1652475040,C,Gas,1345.656005859375
1652475040,C,Accelerometer,0.0
1652475040,C,Light,0.0
1652475040,C,MIC,3.0
1652475040,C,RSSI,76.0
1652475041,B,Temperature,23.59499931335449
1652475041,B,Humidity,39.93000030517578
1652475041,B,Pressure,101630.0
1652475041,B,Gas,5004.580078125
1652475041,B,Accelerometer,0.0
1652475041,B,Light,0.0
1652475041,B,MIC,2.0
1652475041,B,RSSI,90.0
1652475042,A,Temperature,23.524999618530273
1652475042,A,Humidity,38.834999084472656
1652475042,A,Pressure,101665.0
1652475042,A,Gas,1339.52294921875
1652475042,A,Accelerometer,0.0
1652475042,A,Light,0.0
1652475042,A,MIC,1.0
1652475042,A,RSSI,79.0
1652475042,H,Temperature,23.23500061035156
1652475042,H,Humidity,38.40399932861328
1652475042,H,Pressure,101689.0
1652475042,H,Gas,4103.94921875
1652475042,H,Accelerometer,0.0
1652475042,H,Light,2.0
1652475042,H,MIC,3.0
1652475042,H,RSSI,79.0
1652475044,D,Temperature,23.375
1652475044,D,Humidity,38.13600158691406
1652475044,D,Pressure,101693.0
1652475044,D,Gas,3806.179931640625
1652475044,D,Accelerometer,0.0
1652475044,D,Light,0.0
1652475044,D,MIC,3.0
1652475044,D,RSSI,59.0
1652475046,E,Temperature,22.434999465942386
1652475046,E,Humidity,40.22000122070313
1652475046,E,Pressure,101669.0
1652475046,E,Gas,4328.1298828125
1652475046,E,Accelerometer,0.0
1652475046,E,Light,1.0
1652475046,E,MIC,2.0
1652475046,E,RSSI,72.0
1652475047,F,Temperature,23.684999465942386
1652475047,F,Humidity,37.13800048828125
1652475047,F,Pressure,101706.0
1652475047,F,Gas,2980.56591796875
1652475047,F,Accelerometer,0.0
1652475047,F,Light,0.0
1652475047,F,MIC,3.0
1652475047,F,RSSI,91.0
1652475050,C,Temperature,22.88500022888184
1652475050,C,Humidity,40.60699844360352
1652475050,C,Pressure,101689.0
1652475050,C,Gas,1348.866943359375
1652475050,C,Accelerometer,0.0
1652475050,C,Light,0.0
1652475050,C,MIC,3.0
1652475050,C,RSSI,76.0
1652475051,B,Temperature,23.604999542236328
1652475051,B,Humidity,39.89500045776367
1652475051,B,Pressure,101636.0
1652475051,B,Gas,5010.14306640625
1652475051,B,Accelerometer,0.0
1652475051,B,Light,0.0
1652475051,B,MIC,2.0
1652475051,B,RSSI,90.0
1652475052,A,Temperature,23.524999618530273
1652475052,A,Humidity,38.84600067138672
1652475052,A,Pressure,101665.0
1652475052,A,Gas,1339.2509765625
1652475052,A,Accelerometer,0.0
1652475052,A,Light,0.0
1652475052,A,MIC,1.0
1652475052,A,RSSI,74.0
1652475052,H,Temperature,23.23500061035156
1652475052,H,Humidity,38.40800094604492
1652475052,H,Pressure,101691.0
1652475052,H,Gas,4096.7919921875
1652475052,H,Accelerometer,0.0
1652475052,H,Light,2.0
1652475052,H,MIC,3.0
1652475052,H,RSSI,79.0
1652475054,D,Temperature,23.375
1652475054,D,Humidity,38.15599822998047
1652475054,D,Pressure,101695.0
1652475054,D,Gas,3819.85302734375
1652475054,D,Accelerometer,0.0
1652475054,D,Light,0.0
1652475054,D,MIC,3.0
1652475054,D,RSSI,62.0
1652475056,E,Temperature,22.424999237060547
1652475056,E,Humidity,40.28099822998047
1652475056,E,Pressure,101671.0
1652475056,E,Gas,4312.61376953125
1652475056,E,Accelerometer,0.0
1652475056,E,Light,1.0
1652475056,E,MIC,2.0
1652475056,E,RSSI,68.0
1652475057,F,Temperature,23.684999465942386
1652475057,F,Humidity,37.14300155639648
1652475057,F,Pressure,101706.0
1652475057,F,Gas,2976.3701171875
1652475057,F,Accelerometer,0.0
1652475057,F,Light,0.0
1652475057,F,MIC,3.0
1652475057,F,RSSI,91.0
1652475060,C,Temperature,22.864999771118164
1652475060,C,Humidity,40.64300155639648
1652475060,C,Pressure,101689.0
1652475060,C,Gas,1343.1700439453125
1652475060,C,Accelerometer,0.0
1652475060,C,Light,0.0
1652475060,C,MIC,3.0
1652475060,C,RSSI,76.0
1652475061,B,Temperature,23.604999542236328
1652475061,B,Humidity,39.91799926757813
1652475061,B,Pressure,101634.0
1652475061,B,Gas,4998.296875
1652475061,B,Accelerometer,0.0
1652475061,B,Light,0.0
1652475061,B,MIC,2.0
1652475061,B,RSSI,90.0
1652475062,A,Temperature,23.53499984741211
1652475062,A,Humidity,38.79700088500977
1652475062,A,Pressure,101667.0
1652475062,A,Gas,1352.928955078125
1652475062,A,Accelerometer,0.0
1652475062,A,Light,0.0
1652475062,A,MIC,1.0
1652475062,A,RSSI,74.0
1652475062,H,Temperature,23.2450008392334
1652475062,H,Humidity,38.37099838256836
1652475062,H,Pressure,101691.0
1652475062,H,Gas,4100.76611328125
1652475062,H,Accelerometer,0.0
1652475062,H,Light,2.0
1652475062,H,MIC,3.0
1652475062,H,RSSI,79.0
1652475064,D,Temperature,23.354999542236328
1652475064,D,Humidity,38.20899963378906
1652475064,D,Pressure,101695.0
1652475064,D,Gas,3824.93408203125
1652475064,D,Accelerometer,0.0
1652475064,D,Light,0.0
1652475064,D,MIC,3.0
1652475064,D,RSSI,62.0
1652475066,E,Temperature,22.434999465942386
1652475066,E,Humidity,40.26399993896485
1652475066,E,Pressure,101669.0
1652475066,E,Gas,4295.2158203125
1652475066,E,Accelerometer,0.0
1652475066,E,Light,1.0
1652475066,E,MIC,3.0
1652475066,E,RSSI,68.0
1652475068,F,Temperature,23.67499923706055
1652475068,F,Humidity,37.1609992980957
1652475068,F,Pressure,101706.0
1652475068,F,Gas,2978.06396484375
1652475068,F,Accelerometer,0.0
1652475068,F,Light,0.0
1652475068,F,MIC,3.0
1652475068,F,RSSI,91.0
1652475070,C,Temperature,22.84499931335449
1652475070,C,Humidity,40.67499923706055
1652475070,C,Pressure,101687.0
1652475070,C,Gas,1356.427978515625
1652475070,C,Accelerometer,0.0
1652475070,C,Light,0.0
1652475070,C,MIC,3.0
1652475070,C,RSSI,76.0
1652475071,B,Temperature,23.604999542236328
1652475071,B,Humidity,39.92100143432617
1652475071,B,Pressure,101634.0
1652475071,B,Gas,5012.44580078125
1652475071,B,Accelerometer,0.0
1652475071,B,Light,0.0
1652475071,B,MIC,2.0
1652475071,B,RSSI,94.0
1652475072,A,Temperature,23.524999618530273
1652475072,A,Humidity,38.83000183105469
1652475072,A,Pressure,101665.0
1652475072,A,Gas,1358.0389404296875
1652475072,A,Accelerometer,0.0
1652475072,A,Light,0.0
1652475072,A,MIC,1.0
1652475072,A,RSSI,74.0
1652475072,H,Temperature,23.2450008392334
1652475072,H,Humidity,38.382999420166016
1652475072,H,Pressure,101691.0
1652475072,H,Gas,4102.7421875
1652475072,H,Accelerometer,0.0
1652475072,H,Light,2.0
1652475072,H,MIC,3.0
1652475072,H,RSSI,79.0
1652475074,D,Temperature,23.354999542236328
1652475074,D,Humidity,38.22800064086914
1652475074,D,Pressure,101695.0
1652475074,D,Gas,3822.47607421875
1652475074,D,Accelerometer,0.0
1652475074,D,Light,0.0
1652475074,D,MIC,3.0
1652475074,D,RSSI,62.0
1652475076,E,Temperature,22.424999237060547
1652475076,E,Humidity,40.29600143432617
1652475076,E,Pressure,101671.0
1652475076,E,Gas,4286.8349609375
1652475076,E,Accelerometer,0.0
1652475076,E,Light,1.0
1652475076,E,MIC,3.0
1652475076,E,RSSI,68.0
1652475078,F,Temperature,23.67499923706055
1652475078,F,Humidity,37.17399978637695
1652475078,F,Pressure,101706.0
1652475078,F,Gas,2990.4580078125
1652475078,F,Accelerometer,0.0
1652475078,F,Light,0.0
1652475078,F,MIC,3.0
1652475078,F,RSSI,82.0
1652475080,C,Temperature,22.82500076293945
1652475080,C,Humidity,40.733001708984375
1652475080,C,Pressure,101689.0
1652475080,C,Gas,1385.0570068359375
1652475080,C,Accelerometer,0.0
1652475080,C,Light,0.0
1652475080,C,MIC,3.0
1652475080,C,RSSI,74.0
1652475081,B,Temperature,23.59499931335449
1652475081,B,Humidity,39.9370002746582
1652475081,B,Pressure,101632.0
1652475081,B,Gas,5010.4638671875
1652475081,B,Accelerometer,0.0
1652475081,B,Light,0.0
1652475081,B,MIC,2.0
1652475081,B,RSSI,94.0
1652475082,A,Temperature,23.524999618530273
1652475082,A,Humidity,38.867000579833984
1652475082,A,Pressure,101665.0
1652475082,A,Gas,1336.7989501953125
1652475082,A,Accelerometer,0.0
1652475082,A,Light,0.0
1652475082,A,MIC,1.0
1652475082,A,RSSI,74.0
1652475082,H,Temperature,23.23500061035156
1652475082,H,Humidity,38.41899871826172
1652475082,H,Pressure,101693.0
1652475082,H,Gas,4109.0810546875
1652475082,H,Accelerometer,0.0
1652475082,H,Light,2.0
1652475082,H,MIC,3.0
1652475082,H,RSSI,87.0
1652475084,D,Temperature,23.364999771118164
1652475084,D,Humidity,38.22000122070313
1652475084,D,Pressure,101695.0
1652475084,D,Gas,3817.467041015625
1652475084,D,Accelerometer,0.0
1652475084,D,Light,0.0
1652475084,D,MIC,3.0
1652475084,D,RSSI,62.0
1652475086,E,Temperature,22.424999237060547
1652475086,E,Humidity,40.308998107910156
1652475086,E,Pressure,101667.0
1652475086,E,Gas,4280.4921875
1652475086,E,Accelerometer,0.0
1652475086,E,Light,1.0
1652475086,E,MIC,3.0
1652475086,E,RSSI,68.0
1652475088,F,Temperature,23.684999465942386
1652475088,F,Humidity,37.15900039672852
1652475088,F,Pressure,101706.0
1652475088,F,Gas,2988.625
1652475088,F,Accelerometer,0.0
1652475088,F,Light,0.0
1652475088,F,MIC,3.0
1652475088,F,RSSI,82.0
1652475090,C,Temperature,22.82500076293945
1652475090,C,Humidity,40.69599914550781
1652475090,C,Pressure,101691.0
1652475090,C,Gas,1379.4720458984375
1652475090,C,Accelerometer,0.0
1652475090,C,Light,0.0
1652475090,C,MIC,3.0
1652475090,C,RSSI,74.0
1652475091,B,Temperature,23.59499931335449
1652475091,B,Humidity,39.93199920654297
1652475091,B,Pressure,101632.0
1652475091,B,Gas,5010.02685546875
1652475091,B,Accelerometer,0.0
1652475091,B,Light,0.0
1652475091,B,MIC,2.0
1652475091,B,RSSI,94.0
1652475092,H,Temperature,23.22500038146973
1652475092,H,Humidity,38.45199966430664
1652475092,H,Pressure,101689.0
1652475092,H,Gas,4104.92919921875
1652475092,H,Accelerometer,0.0
1652475092,H,Light,2.0
1652475092,H,MIC,3.0
1652475092,H,RSSI,87.0
1652475092,A,Temperature,23.524999618530273
1652475092,A,Humidity,38.88999938964844
1652475092,A,Pressure,101667.0
1652475092,A,Gas,1350.06201171875
1652475092,A,Accelerometer,0.0
1652475092,A,Light,0.0
1652475092,A,MIC,1.0
1652475092,A,RSSI,74.0
1652475094,D,Temperature,23.364999771118164
1652475094,D,Humidity,38.21200180053711
1652475094,D,Pressure,101693.0
1652475094,D,Gas,3803.623046875
1652475094,D,Accelerometer,0.0
1652475094,D,Light,0.0
1652475094,D,MIC,3.0
1652475094,D,RSSI,62.0
1652475096,E,Temperature,22.424999237060547
1652475096,E,Humidity,40.165000915527344
1652475096,E,Pressure,101669.0
1652475096,E,Gas,4307.35498046875
1652475096,E,Accelerometer,0.0
1652475096,E,Light,1.0
1652475096,E,MIC,3.0
1652475096,E,RSSI,68.0
1652475098,F,Temperature,23.67499923706055
1652475098,F,Humidity,37.1609992980957
1652475098,F,Pressure,101708.0
1652475098,F,Gas,2991.126953125
1652475098,F,Accelerometer,0.0
1652475098,F,Light,0.0
1652475098,F,MIC,3.0
1652475098,F,RSSI,82.0
1652475100,C,Temperature,22.815000534057614
1652475100,C,Humidity,40.749000549316406
1652475100,C,Pressure,101689.0
1652475100,C,Gas,1378.751953125
1652475100,C,Accelerometer,0.0
1652475100,C,Light,0.0
1652475100,C,MIC,3.0
1652475100,C,RSSI,74.0
1652475101,B,Temperature,23.59499931335449
1652475101,B,Humidity,39.95500183105469
1652475101,B,Pressure,101634.0
1652475101,B,Gas,5008.5771484375
1652475101,B,Accelerometer,0.0
1652475101,B,Light,0.0
1652475101,B,MIC,2.0
1652475101,B,RSSI,94.0
1652475102,A,Temperature,23.524999618530273
1652475102,A,Humidity,38.87099838256836
1652475102,A,Pressure,101667.0
1652475102,A,Gas,1338.3489990234375
1652475102,A,Accelerometer,0.0
1652475102,A,Light,0.0
1652475102,A,MIC,1.0
1652475102,A,RSSI,81.0
1652475102,H,Temperature,23.22500038146973
1652475102,H,Humidity,38.43199920654297
1652475102,H,Pressure,101689.0
1652475102,H,Gas,4108.44384765625
1652475102,H,Accelerometer,0.0
1652475102,H,Light,2.0
1652475102,H,MIC,3.0
1652475102,H,RSSI,87.0
1652475104,D,Temperature,23.354999542236328
1652475104,D,Humidity,38.22100067138672
1652475104,D,Pressure,101695.0
1652475104,D,Gas,3807.596923828125
1652475104,D,Accelerometer,0.0
1652475104,D,Light,1.0
1652475104,D,MIC,3.0
1652475104,D,RSSI,53.0
1652475106,E,Temperature,22.424999237060547
1652475106,E,Humidity,40.12900161743164
1652475106,E,Pressure,101673.0
1652475106,E,Gas,4339.0458984375
1652475106,E,Accelerometer,0.0
1652475106,E,Light,1.0
1652475106,E,MIC,3.0
1652475106,E,RSSI,60.0
1652475108,F,Temperature,23.67499923706055
1652475108,F,Humidity,37.15900039672852
1652475108,F,Pressure,101706.0
1652475108,F,Gas,2993.18701171875
1652475108,F,Accelerometer,0.0
1652475108,F,Light,0.0
1652475108,F,MIC,3.0
1652475108,F,RSSI,82.0
1652475110,C,Temperature,22.834999084472656
1652475110,C,Humidity,40.72100067138672
1652475110,C,Pressure,101691.0
1652475110,C,Gas,1383.4410400390625
1652475110,C,Accelerometer,0.0
1652475110,C,Light,0.0
1652475110,C,MIC,3.0
1652475110,C,RSSI,74.0
1652475111,B,Temperature,23.584999084472656
1652475111,B,Humidity,39.96099853515625
1652475111,B,Pressure,101634.0
1652475111,B,Gas,5008.880859375
1652475111,B,Accelerometer,0.0
1652475111,B,Light,0.0
1652475111,B,MIC,3.0
1652475111,B,RSSI,94.0
1652475112,A,Temperature,23.524999618530273
1652475112,A,Humidity,38.83700180053711
1652475112,A,Pressure,101667.0
1652475112,A,Gas,1333.362060546875
1652475112,A,Accelerometer,0.0
1652475112,A,Light,0.0
1652475112,A,MIC,1.0
1652475112,A,RSSI,81.0
1652475112,H,Temperature,23.23500061035156
1652475112,H,Humidity,38.415000915527344
1652475112,H,Pressure,101694.0
1652475112,H,Gas,4117.27294921875
1652475112,H,Accelerometer,0.0
1652475112,H,Light,2.0
1652475112,H,MIC,3.0
1652475112,H,RSSI,87.0
1652475114,D,Temperature,23.354999542236328
1652475114,D,Humidity,38.2140007019043
1652475114,D,Pressure,101695.0
1652475114,D,Gas,3815.98291015625
1652475114,D,Accelerometer,0.0
1652475114,D,Light,1.0
1652475114,D,MIC,3.0
1652475114,D,RSSI,53.0
1652475116,E,Temperature,22.415000915527344
1652475116,E,Humidity,40.12699890136719
1652475116,E,Pressure,101671.0
1652475116,E,Gas,4371.42822265625
1652475116,E,Accelerometer,0.0
1652475116,E,Light,1.0
1652475116,E,MIC,2.0
1652475116,E,RSSI,60.0
1652475118,F,Temperature,23.684999465942386
1652475118,F,Humidity,37.14599990844727
1652475118,F,Pressure,101708.0
1652475118,F,Gas,3002.95703125
1652475118,F,Accelerometer,0.0
1652475118,F,Light,0.0
1652475118,F,MIC,3.0
1652475118,F,RSSI,82.0
1652475120,C,Temperature,22.834999084472656
1652475120,C,Humidity,40.72200012207031
1652475120,C,Pressure,101691.0
1652475120,C,Gas,1364.3709716796875
1652475120,C,Accelerometer,0.0
1652475120,C,Light,0.0
1652475120,C,MIC,3.0
1652475120,C,RSSI,74.0
1652475121,B,Temperature,23.584999084472656
1652475121,B,Humidity,39.959999084472656
1652475121,B,Pressure,101636.0
1652475121,B,Gas,5004.80712890625
1652475121,B,Accelerometer,0.0
1652475121,B,Light,0.0
1652475121,B,MIC,3.0
1652475121,B,RSSI,90.0
1652475122,A,Temperature,23.524999618530273
1652475122,A,Humidity,38.849998474121094
1652475122,A,Pressure,101667.0
1652475122,A,Gas,1334.3690185546875
1652475122,A,Accelerometer,0.0
1652475122,A,Light,0.0
1652475122,A,MIC,1.0
1652475122,A,RSSI,81.0
1652475123,H,Temperature,23.23500061035156
1652475123,H,Humidity,38.39599990844727
1652475123,H,Pressure,101694.0
1652475123,H,Gas,4116.625
1652475123,H,Accelerometer,0.0
1652475123,H,Light,2.0
1652475123,H,MIC,3.0
1652475123,H,RSSI,87.0
1652475124,D,Temperature,23.364999771118164
1652475124,D,Humidity,38.19300079345703
1652475124,D,Pressure,101695.0
1652475124,D,Gas,3822.531982421875
1652475124,D,Accelerometer,0.0
1652475124,D,Light,1.0
1652475124,D,MIC,3.0
1652475124,D,RSSI,53.0
1652475126,E,Temperature,22.424999237060547
1652475126,E,Humidity,40.13199996948242
1652475126,E,Pressure,101673.0
1652475126,E,Gas,4402.17822265625
1652475126,E,Accelerometer,0.0
1652475126,E,Light,1.0
1652475126,E,MIC,2.0
1652475126,E,RSSI,60.0
1652475128,F,Temperature,23.67499923706055
1652475128,F,Humidity,37.15999984741211
1652475128,F,Pressure,101708.0
1652475128,F,Gas,2985.447998046875
1652475128,F,Accelerometer,0.0
1652475128,F,Light,0.0
1652475128,F,MIC,3.0
1652475128,F,RSSI,79.0
1652475130,C,Temperature,22.854999542236328
1652475130,C,Humidity,40.65700149536133
1652475130,C,Pressure,101687.0
1652475130,C,Gas,1364.1219482421875
1652475130,C,Accelerometer,0.0
1652475130,C,Light,0.0
1652475130,C,MIC,3.0
1652475130,C,RSSI,82.0
1652475131,B,Temperature,23.584999084472656
1652475131,B,Humidity,39.948001861572266
1652475131,B,Pressure,101636.0
1652475131,B,Gas,5015.77294921875
1652475131,B,Accelerometer,0.0
1652475131,B,Light,0.0
1652475131,B,MIC,3.0
1652475131,B,RSSI,90.0
1652475132,H,Temperature,23.23500061035156
1652475132,H,Humidity,38.39500045776367
1652475132,H,Pressure,101693.0
1652475132,H,Gas,4121.30810546875
1652475132,H,Accelerometer,0.0
1652475132,H,Light,2.0
1652475132,H,MIC,3.0
1652475132,H,RSSI,87.0
1652475132,A,Temperature,23.51499938964844
1652475132,A,Humidity,38.8759994506836
1652475132,A,Pressure,101667.0
1652475132,A,Gas,1329.0050048828125
1652475132,A,Accelerometer,0.0
1652475132,A,Light,0.0
1652475132,A,MIC,1.0
1652475132,A,RSSI,81.0
1652475134,D,Temperature,23.364999771118164
1652475134,D,Humidity,38.1870002746582
1652475134,D,Pressure,101697.0
1652475134,D,Gas,3825.56005859375
1652475134,D,Accelerometer,0.0
1652475134,D,Light,1.0
1652475134,D,MIC,3.0
1652475134,D,RSSI,53.0
1652475136,E,Temperature,22.424999237060547
1652475136,E,Humidity,40.17100143432617
1652475136,E,Pressure,101673.0
1652475136,E,Gas,4414.87109375
1652475136,E,Accelerometer,0.0
1652475136,E,Light,1.0
1652475136,E,MIC,2.0
1652475136,E,RSSI,60.0
1652475138,F,Temperature,23.67499923706055
1652475138,F,Humidity,37.16600036621094
1652475138,F,Pressure,101708.0
1652475138,F,Gas,2997.31005859375
1652475138,F,Accelerometer,0.0
1652475138,F,Light,0.0
1652475138,F,MIC,3.0
1652475138,F,RSSI,79.0
1652475140,C,Temperature,22.875
1652475140,C,Humidity,40.6259994506836
1652475140,C,Pressure,101693.0
1652475140,C,Gas,1372.281005859375
1652475140,C,Accelerometer,0.0
1652475140,C,Light,0.0
1652475140,C,MIC,3.0
1652475140,C,RSSI,82.0
1652475142,H,Temperature,23.23500061035156
1652475142,H,Humidity,38.41600036621094
1652475142,H,Pressure,101693.0
1652475142,H,Gas,4132.26904296875
1652475142,H,Accelerometer,0.0
1652475142,H,Light,2.0
1652475142,H,MIC,2.0
1652475142,H,RSSI,82.0
1652475142,A,Temperature,23.524999618530273
1652475142,A,Humidity,38.84299850463867
1652475142,A,Pressure,101665.0
1652475142,A,Gas,1316.2020263671875
1652475142,A,Accelerometer,0.0
1652475142,A,Light,0.0
1652475142,A,MIC,1.0
1652475142,A,RSSI,80.0
1652475142,B,Temperature,23.584999084472656
1652475142,B,Humidity,39.94900131225586
1652475142,B,Pressure,101634.0
1652475142,B,Gas,5023.6162109375
1652475142,B,Accelerometer,0.0
1652475142,B,Light,0.0
1652475142,B,MIC,2.0
1652475142,B,RSSI,90.0
1652475144,D,Temperature,23.364999771118164
1652475144,D,Humidity,38.183998107910156
1652475144,D,Pressure,101697.0
1652475144,D,Gas,3829.3291015625
1652475144,D,Accelerometer,0.0
1652475144,D,Light,1.0
1652475144,D,MIC,3.0
1652475144,D,RSSI,53.0
1652475146,E,Temperature,22.415000915527344
1652475146,E,Humidity,40.26599884033203
1652475146,E,Pressure,101671.0
1652475146,E,Gas,4415.31884765625
1652475146,E,Accelerometer,0.0
1652475146,E,Light,1.0
1652475146,E,MIC,2.0
1652475146,E,RSSI,60.0
1652475148,F,Temperature,23.67499923706055
1652475148,F,Humidity,37.17300033569336
1652475148,F,Pressure,101710.0
1652475148,F,Gas,2992.06298828125
1652475148,F,Accelerometer,0.0
1652475148,F,Light,0.0
1652475148,F,MIC,3.0
1652475148,F,RSSI,79.0
1652475150,C,Temperature,22.92499923706055
1652475150,C,Humidity,40.52999877929688
1652475150,C,Pressure,101693.0
1652475150,C,Gas,1371.85498046875
1652475150,C,Accelerometer,0.0
1652475150,C,Light,0.0
1652475150,C,MIC,3.0
1652475150,C,RSSI,82.0
1652475152,A,Temperature,23.524999618530273
1652475152,A,Humidity,38.82500076293945
1652475152,A,Pressure,101667.0
1652475152,A,Gas,1325.843994140625
1652475152,A,Accelerometer,0.0
1652475152,A,Light,0.0
1652475152,A,MIC,1.0
1652475152,A,RSSI,80.0
1652475152,H,Temperature,23.23500061035156
1652475152,H,Humidity,38.400001525878906
1652475152,H,Pressure,101693.0
1652475152,H,Gas,4140.255859375
1652475152,H,Accelerometer,0.0
1652475152,H,Light,2.0
1652475152,H,MIC,2.0
1652475152,H,RSSI,82.0
1652475153,B,Temperature,23.584999084472656
1652475153,B,Humidity,39.95199966430664
1652475153,B,Pressure,101634.0
1652475153,B,Gas,5013.69189453125
1652475153,B,Accelerometer,0.0
1652475153,B,Light,0.0
1652475153,B,MIC,2.0
1652475153,B,RSSI,90.0
1652475154,D,Temperature,23.364999771118164
1652475154,D,Humidity,38.18199920654297
1652475154,D,Pressure,101695.0
1652475154,D,Gas,3834.5048828125
1652475154,D,Accelerometer,0.0
1652475154,D,Light,1.0
1652475154,D,MIC,3.0
1652475154,D,RSSI,60.0
1652475156,E,Temperature,22.415000915527344
1652475156,E,Humidity,40.29299926757813
1652475156,E,Pressure,101669.0
1652475156,E,Gas,4394.06787109375
1652475156,E,Accelerometer,0.0
1652475156,E,Light,1.0
1652475156,E,MIC,2.0
1652475156,E,RSSI,70.0
1652475159,F,Temperature,23.67499923706055
1652475159,F,Humidity,37.16699981689453
1652475159,F,Pressure,101708.0
1652475159,F,Gas,2993.81201171875
1652475159,F,Accelerometer,0.0
1652475159,F,Light,0.0
1652475159,F,MIC,3.0
1652475159,F,RSSI,79.0
1652475160,C,Temperature,22.934999465942386
1652475160,C,Humidity,40.5
1652475160,C,Pressure,101691.0
1652475160,C,Gas,1365.14599609375
1652475160,C,Accelerometer,0.0
1652475160,C,Light,0.0
1652475160,C,MIC,3.0
1652475160,C,RSSI,82.0
1652475162,A,Temperature,23.51499938964844
1652475162,A,Humidity,38.84600067138672
1652475162,A,Pressure,101667.0
1652475162,A,Gas,1328.866943359375
1652475162,A,Accelerometer,0.0
1652475162,A,Light,0.0
1652475162,A,MIC,1.0
1652475162,A,RSSI,80.0
1652475163,B,Temperature,23.59499931335449
1652475163,B,Humidity,39.948001861572266
1652475163,B,Pressure,101634.0
1652475163,B,Gas,5007.2041015625
1652475163,B,Accelerometer,0.0
1652475163,B,Light,0.0
1652475163,B,MIC,2.0
1652475163,B,RSSI,90.0
1652475164,H,Temperature,23.23500061035156
1652475164,H,Humidity,38.41799926757813
1652475164,H,Pressure,101689.0
1652475164,H,Gas,4138.05908203125
1652475164,H,Accelerometer,0.0
1652475164,H,Light,2.0
1652475164,H,MIC,2.0
1652475164,H,RSSI,82.0
1652475164,D,Temperature,23.364999771118164
1652475164,D,Humidity,38.21799850463867
1652475164,D,Pressure,101695.0
1652475164,D,Gas,3833.498046875
1652475164,D,Accelerometer,0.0
1652475164,D,Light,1.0
1652475164,D,MIC,3.0
1652475164,D,RSSI,60.0
1652475166,E,Temperature,22.424999237060547
1652475166,E,Humidity,40.2599983215332
1652475166,E,Pressure,101671.0
1652475166,E,Gas,4384.2978515625
1652475166,E,Accelerometer,0.0
1652475166,E,Light,1.0
1652475166,E,MIC,2.0
1652475166,E,RSSI,70.0
1652475168,F,Temperature,23.67499923706055
1652475168,F,Humidity,37.165000915527344
1652475168,F,Pressure,101708.0
1652475168,F,Gas,3001.152099609375
1652475168,F,Accelerometer,0.0
1652475168,F,Light,0.0
1652475168,F,MIC,3.0
1652475168,F,RSSI,79.0
1652475170,C,Temperature,22.95499992370605
1652475170,C,Humidity,40.45100021362305
1652475170,C,Pressure,101693.0
1652475170,C,Gas,1370.3160400390625
1652475170,C,Accelerometer,0.0
1652475170,C,Light,0.0
1652475170,C,MIC,3.0
1652475170,C,RSSI,82.0
1652475171,B,Temperature,23.59499931335449
1652475171,B,Humidity,40.00299835205078
1652475171,B,Pressure,101632.0
1652475171,B,Gas,4988.6318359375
1652475171,B,Accelerometer,0.0
1652475171,B,Light,0.0
1652475171,B,MIC,2.0
1652475171,B,RSSI,93.0
1652475172,A,Temperature,23.51499938964844
1652475172,A,Humidity,38.87900161743164
1652475172,A,Pressure,101667.0
1652475172,A,Gas,1334.1810302734375
1652475172,A,Accelerometer,0.0
1652475172,A,Light,0.0
1652475172,A,MIC,1.0
1652475172,A,RSSI,80.0
1652475173,H,Temperature,23.23500061035156
1652475173,H,Humidity,38.40599822998047
1652475173,H,Pressure,101689.0
1652475173,H,Gas,4138.291015625
1652475173,H,Accelerometer,0.0
1652475173,H,Light,2.0
1652475173,H,MIC,2.0
1652475173,H,RSSI,82.0
1652475174,D,Temperature,23.364999771118164
1652475174,D,Humidity,38.22600173950195
1652475174,D,Pressure,101693.0
1652475174,D,Gas,3823.284912109375
1652475174,D,Accelerometer,0.0
1652475174,D,Light,0.0
1652475174,D,MIC,3.0
1652475174,D,RSSI,60.0
1652475176,E,Temperature,22.415000915527344
1652475176,E,Humidity,40.28300094604492
1652475176,E,Pressure,101669.0
1652475176,E,Gas,4370.39892578125
1652475176,E,Accelerometer,0.0
1652475176,E,Light,1.0
1652475176,E,MIC,2.0
1652475176,E,RSSI,70.0
1652475178,F,Temperature,23.67499923706055
1652475178,F,Humidity,37.15299987792969
1652475178,F,Pressure,101708.0
1652475178,F,Gas,3004.988037109375
1652475178,F,Accelerometer,0.0
1652475178,F,Light,0.0
1652475178,F,MIC,3.0
1652475178,F,RSSI,79.0
1652475180,C,Temperature,22.96500015258789
1652475180,C,Humidity,40.44599914550781
1652475180,C,Pressure,101689.0
1652475180,C,Gas,1361.0169677734375
1652475180,C,Accelerometer,0.0
1652475180,C,Light,0.0
1652475180,C,MIC,3.0
1652475180,C,RSSI,78.0
1652475181,B,Temperature,23.584999084472656
1652475181,B,Humidity,40.01100158691406
1652475181,B,Pressure,101632.0
1652475181,B,Gas,4980.97705078125
1652475181,B,Accelerometer,0.0
1652475181,B,Light,0.0
1652475181,B,MIC,2.0
1652475181,B,RSSI,93.0
1652475182,A,Temperature,23.524999618530273
1652475182,A,Humidity,38.84400177001953
1652475182,A,Pressure,101667.0
1652475182,A,Gas,1332.8409423828125
1652475182,A,Accelerometer,0.0
1652475182,A,Light,0.0
1652475182,A,MIC,1.0
1652475182,A,RSSI,80.0
1652475182,H,Temperature,23.22500038146973
1652475182,H,Humidity,38.435001373291016
1652475182,H,Pressure,101689.0
1652475182,H,Gas,4119.35888671875
1652475182,H,Accelerometer,0.0
1652475182,H,Light,2.0
1652475182,H,MIC,2.0
1652475182,H,RSSI,82.0
1652475184,D,Temperature,23.364999771118164
1652475184,D,Humidity,38.24100112915039
1652475184,D,Pressure,101693.0
1652475184,D,Gas,3818.85595703125
1652475184,D,Accelerometer,0.0
1652475184,D,Light,0.0
1652475184,D,MIC,3.0
1652475184,D,RSSI,60.0
1652475186,E,Temperature,22.415000915527344
1652475186,E,Humidity,40.249000549316406
1652475186,E,Pressure,101669.0
1652475186,E,Gas,4369.2138671875
1652475186,E,Accelerometer,0.0
1652475186,E,Light,1.0
1652475186,E,MIC,2.0
1652475186,E,RSSI,70.0
1652475188,F,Temperature,23.67499923706055
1652475188,F,Humidity,37.15999984741211
1652475188,F,Pressure,101706.0
1652475188,F,Gas,2997.282958984375
1652475188,F,Accelerometer,0.0
1652475188,F,Light,0.0
1652475188,F,MIC,3.0
1652475188,F,RSSI,80.0
1652475190,C,Temperature,22.96500015258789
1652475190,C,Humidity,40.441001892089844
1652475190,C,Pressure,101689.0
1652475190,C,Gas,1361.0660400390625
1652475190,C,Accelerometer,0.0
1652475190,C,Light,0.0
1652475190,C,MIC,3.0
1652475190,C,RSSI,78.0
1652475192,H,Temperature,23.22500038146973
1652475192,H,Humidity,38.448001861572266
1652475192,H,Pressure,101687.0
1652475192,H,Gas,4103.59521484375
1652475192,H,Accelerometer,0.0
1652475192,H,Light,2.0
1652475192,H,MIC,2.0
1652475192,H,RSSI,81.0
1652475192,A,Temperature,23.524999618530273
1652475192,A,Humidity,38.81100082397461
1652475192,A,Pressure,101665.0
1652475192,A,Gas,1355.2099609375
1652475192,A,Accelerometer,0.0
1652475192,A,Light,0.0
1652475192,A,MIC,1.0
1652475192,A,RSSI,80.0
1652475193,B,Temperature,23.584999084472656
1652475193,B,Humidity,39.98899841308594
1652475193,B,Pressure,101634.0
1652475193,B,Gas,4987.02197265625
1652475193,B,Accelerometer,0.0
1652475193,B,Light,0.0
1652475193,B,MIC,2.0
1652475193,B,RSSI,93.0
1652475194,D,Temperature,23.364999771118164
1652475194,D,Humidity,38.22600173950195
1652475194,D,Pressure,101693.0
1652475194,D,Gas,3820.4951171875
1652475194,D,Accelerometer,0.0
1652475194,D,Light,0.0
1652475194,D,MIC,3.0
1652475194,D,RSSI,60.0
1652475196,E,Temperature,22.415000915527344
1652475196,E,Humidity,40.21900177001953
1652475196,E,Pressure,101671.0
1652475196,E,Gas,4376.05078125
1652475196,E,Accelerometer,0.0
1652475196,E,Light,1.0
1652475196,E,MIC,2.0
1652475196,E,RSSI,70.0
1652475198,F,Temperature,23.67499923706055
1652475198,F,Humidity,37.18000030517578
1652475198,F,Pressure,101708.0
1652475198,F,Gas,3008.054931640625
1652475198,F,Accelerometer,0.0
1652475198,F,Light,0.0
1652475198,F,MIC,3.0
1652475198,F,RSSI,80.0
1652475200,C,Temperature,22.934999465942386
1652475200,C,Humidity,40.49700164794922
1652475200,C,Pressure,101689.0
1652475200,C,Gas,1366.0150146484375
1652475200,C,Accelerometer,0.0
1652475200,C,Light,0.0
1652475200,C,MIC,3.0
1652475200,C,RSSI,78.0
1652475201,B,Temperature,23.584999084472656
1652475201,B,Humidity,39.97999954223633
1652475201,B,Pressure,101630.0
1652475201,B,Gas,4974.56689453125
1652475201,B,Accelerometer,0.0
1652475201,B,Light,0.0
1652475201,B,MIC,2.0
1652475201,B,RSSI,93.0
1652475202,A,Temperature,23.524999618530273
1652475202,A,Humidity,38.7859992980957
1652475202,A,Pressure,101667.0
1652475202,A,Gas,1360.7950439453125
1652475202,A,Accelerometer,0.0
1652475202,A,Light,0.0
1652475202,A,MIC,1.0
1652475202,A,RSSI,79.0
1652475203,H,Temperature,23.21500015258789
1652475203,H,Humidity,38.47600173950195
1652475203,H,Pressure,101685.0
1652475203,H,Gas,4106.794921875
1652475203,H,Accelerometer,0.0
1652475203,H,Light,2.0
1652475203,H,MIC,2.0
1652475203,H,RSSI,81.0
1652475204,D,Temperature,23.364999771118164
1652475204,D,Humidity,38.222999572753906
1652475204,D,Pressure,101695.0
1652475204,D,Gas,3816.498046875
1652475204,D,Accelerometer,0.0
1652475204,D,Light,1.0
1652475204,D,MIC,3.0
1652475204,D,RSSI,58.0
1652475206,E,Temperature,22.415000915527344
1652475206,E,Humidity,40.1879997253418
1652475206,E,Pressure,101673.0
1652475206,E,Gas,4395.43017578125
1652475206,E,Accelerometer,0.0
1652475206,E,Light,1.0
1652475206,E,MIC,3.0
1652475206,E,RSSI,68.0
1652475208,F,Temperature,23.67499923706055
1652475208,F,Humidity,37.18600082397461
1652475208,F,Pressure,101708.0
1652475208,F,Gas,3004.612060546875
1652475208,F,Accelerometer,0.0
1652475208,F,Light,0.0
1652475208,F,MIC,3.0
1652475208,F,RSSI,80.0
1652475210,C,Temperature,22.895000457763672
1652475210,C,Humidity,40.57899856567383
1652475210,C,Pressure,101687.0
1652475210,C,Gas,1375.592041015625
1652475210,C,Accelerometer,0.0
1652475210,C,Light,0.0
1652475210,C,MIC,3.0
1652475210,C,RSSI,78.0
1652475211,B,Temperature,23.584999084472656
1652475211,B,Humidity,39.97600173950195
1652475211,B,Pressure,101634.0
1652475211,B,Gas,4971.76611328125
1652475211,B,Accelerometer,0.0
1652475211,B,Light,0.0
1652475211,B,MIC,3.0
1652475211,B,RSSI,93.0
1652475212,H,Temperature,23.21500015258789
1652475212,H,Humidity,38.4739990234375
1652475212,H,Pressure,101689.0
1652475212,H,Gas,4074.84912109375
1652475212,H,Accelerometer,0.0
1652475212,H,Light,2.0
1652475212,H,MIC,2.0
1652475212,H,RSSI,81.0
1652475212,A,Temperature,23.51499938964844
1652475212,A,Humidity,38.867000579833984
1652475212,A,Pressure,101667.0
1652475212,A,Gas,1367.7530517578125
1652475212,A,Accelerometer,0.0
1652475212,A,Light,0.0
1652475212,A,MIC,1.0
1652475212,A,RSSI,79.0
1652475214,D,Temperature,23.354999542236328
1652475214,D,Humidity,38.233001708984375
1652475214,D,Pressure,101697.0
1652475214,D,Gas,3820.84912109375
1652475214,D,Accelerometer,0.0
1652475214,D,Light,1.0
1652475214,D,MIC,3.0
1652475214,D,RSSI,58.0
1652475216,E,Temperature,22.415000915527344
1652475216,E,Humidity,40.16400146484375
1652475216,E,Pressure,101675.0
1652475216,E,Gas,4422.1162109375
1652475216,E,Accelerometer,0.0
1652475216,E,Light,1.0
1652475216,E,MIC,2.0
1652475216,E,RSSI,68.0
1652475219,F,Temperature,23.67499923706055
1652475219,F,Humidity,37.17100143432617
1652475219,F,Pressure,101708.0
1652475219,F,Gas,3014.220947265625
1652475219,F,Accelerometer,0.0
1652475219,F,Light,0.0
1652475219,F,MIC,3.0
1652475219,F,RSSI,80.0
1652475220,C,Temperature,22.854999542236328
1652475220,C,Humidity,40.67599868774414
1652475220,C,Pressure,101693.0
1652475220,C,Gas,1375.115966796875
1652475220,C,Accelerometer,0.0
1652475220,C,Light,0.0
1652475220,C,MIC,3.0
1652475220,C,RSSI,78.0
1652475222,B,Temperature,23.584999084472656
1652475222,B,Humidity,39.986000061035156
1652475222,B,Pressure,101632.0
1652475222,B,Gas,4970.10498046875
1652475222,B,Accelerometer,0.0
1652475222,B,Light,0.0
1652475222,B,MIC,3.0
1652475222,B,RSSI,92.0
1652475222,A,Temperature,23.51499938964844
1652475222,A,Humidity,38.82799911499024
1652475222,A,Pressure,101667.0
1652475222,A,Gas,1356.5050048828125
1652475222,A,Accelerometer,0.0
1652475222,A,Light,0.0
1652475222,A,MIC,1.0
1652475222,A,RSSI,79.0
1652475222,H,Temperature,23.20499992370605
1652475222,H,Humidity,38.483001708984375
1652475222,H,Pressure,101689.0
1652475222,H,Gas,4061.8798828125
1652475222,H,Accelerometer,0.0
1652475222,H,Light,2.0
1652475222,H,MIC,3.0
1652475222,H,RSSI,81.0
1652475224,D,Temperature,23.354999542236328
1652475224,D,Humidity,38.23199844360352
1652475224,D,Pressure,101697.0
1652475224,D,Gas,3823.672119140625
1652475224,D,Accelerometer,0.0
1652475224,D,Light,0.0
1652475224,D,MIC,3.0
1652475224,D,RSSI,58.0
1652475226,E,Temperature,22.415000915527344
1652475226,E,Humidity,40.23899841308594
1652475226,E,Pressure,101673.0
1652475226,E,Gas,4419.884765625
1652475226,E,Accelerometer,0.0
1652475226,E,Light,1.0
1652475226,E,MIC,2.0
1652475226,E,RSSI,68.0
1652475229,F,Temperature,23.67499923706055
1652475229,F,Humidity,37.19599914550781
1652475229,F,Pressure,101710.0
1652475229,F,Gas,3002.2041015625
1652475229,F,Accelerometer,0.0
1652475229,F,Light,0.0
1652475229,F,MIC,3.0
1652475229,F,RSSI,92.0
1652475230,C,Temperature,22.854999542236328
1652475230,C,Humidity,40.66299819946289
1652475230,C,Pressure,101689.0
1652475230,C,Gas,1384.1600341796875
1652475230,C,Accelerometer,0.0
1652475230,C,Light,0.0
1652475230,C,MIC,3.0
1652475230,C,RSSI,76.0
1652475232,B,Temperature,23.57500076293945
1652475232,B,Humidity,40.02099990844727
1652475232,B,Pressure,101634.0
1652475232,B,Gas,4962.9140625
1652475232,B,Accelerometer,0.0
1652475232,B,Light,0.0
1652475232,B,MIC,3.0
1652475232,B,RSSI,92.0
1652475232,A,Temperature,23.51499938964844
1652475232,A,Humidity,38.86600112915039
1652475232,A,Pressure,101669.0
1652475232,A,Gas,1353.0009765625
1652475232,A,Accelerometer,0.0
1652475232,A,Light,0.0
1652475232,A,MIC,1.0
1652475232,A,RSSI,79.0
1652475234,D,Temperature,23.354999542236328
1652475234,D,Humidity,38.23099899291992
1652475234,D,Pressure,101697.0
1652475234,D,Gas,3823.340087890625
1652475234,D,Accelerometer,0.0
1652475234,D,Light,0.0
1652475234,D,MIC,3.0
1652475234,D,RSSI,58.0
1652475235,H,Temperature,23.19499969482422
1652475235,H,Humidity,38.50299835205078
1652475235,H,Pressure,101689.0
1652475235,H,Gas,4059.361083984375
1652475235,H,Accelerometer,0.0
1652475235,H,Light,2.0
1652475235,H,MIC,3.0
1652475235,H,RSSI,82.0
1652475236,E,Temperature,22.415000915527344
1652475236,E,Humidity,40.2869987487793
1652475236,E,Pressure,101675.0
1652475236,E,Gas,4409.5400390625
1652475236,E,Accelerometer,0.0
1652475236,E,Light,1.0
1652475236,E,MIC,2.0
1652475236,E,RSSI,68.0
1652475238,F,Temperature,23.67499923706055
1652475238,F,Humidity,37.17300033569336
1652475238,F,Pressure,101710.0
1652475238,F,Gas,3009.25
1652475238,F,Accelerometer,0.0
1652475238,F,Light,0.0
1652475238,F,MIC,3.0
1652475238,F,RSSI,92.0
1652475240,C,Temperature,22.82500076293945
1652475240,C,Humidity,40.724998474121094
1652475240,C,Pressure,101691.0
1652475240,C,Gas,1389.02099609375
1652475240,C,Accelerometer,0.0
1652475240,C,Light,0.0
1652475240,C,MIC,3.0
1652475240,C,RSSI,76.0
1652475242,B,Temperature,23.57500076293945
1652475242,B,Humidity,40.04700088500977
1652475242,B,Pressure,101634.0
1652475242,B,Gas,4954.28515625
1652475242,B,Accelerometer,0.0
1652475242,B,Light,0.0
1652475242,B,MIC,3.0
1652475242,B,RSSI,92.0
1652475242,A,Temperature,23.524999618530273
1652475242,A,Humidity,38.88100051879883
1652475242,A,Pressure,101669.0
1652475242,A,Gas,1358.5980224609375
1652475242,A,Accelerometer,0.0
1652475242,A,Light,0.0
1652475242,A,MIC,1.0
1652475242,A,RSSI,79.0
1652475243,H,Temperature,23.20499992370605
1652475243,H,Humidity,38.486000061035156
1652475243,H,Pressure,101691.0
1652475243,H,Gas,4059.2939453125
1652475243,H,Accelerometer,0.0
1652475243,H,Light,2.0
1652475243,H,MIC,3.0
1652475243,H,RSSI,82.0
1652475244,D,Temperature,23.354999542236328
1652475244,D,Humidity,38.23099899291992
1652475244,D,Pressure,101697.0
1652475244,D,Gas,3839.8798828125
1652475244,D,Accelerometer,0.0
1652475244,D,Light,0.0
1652475244,D,MIC,2.0
1652475244,D,RSSI,58.0
1652475246,E,Temperature,22.415000915527344
1652475246,E,Humidity,40.3120002746582
1652475246,E,Pressure,101675.0
1652475246,E,Gas,4395.5849609375
1652475246,E,Accelerometer,0.0
1652475246,E,Light,1.0
1652475246,E,MIC,2.0
1652475246,E,RSSI,68.0
1652475248,F,Temperature,23.67499923706055
1652475248,F,Humidity,37.17300033569336
1652475248,F,Pressure,101710.0
1652475248,F,Gas,3009.80908203125
1652475248,F,Accelerometer,0.0
1652475248,F,Light,0.0
1652475248,F,MIC,3.0
1652475248,F,RSSI,92.0
1652475250,C,Temperature,22.834999084472656
1652475250,C,Humidity,40.70700073242188
1652475250,C,Pressure,101689.0
1652475250,C,Gas,1388.887939453125
1652475250,C,Accelerometer,0.0
1652475250,C,Light,0.0
1652475250,C,MIC,3.0
1652475250,C,RSSI,76.0
1652475251,B,Temperature,23.584999084472656
1652475251,B,Humidity,40.0989990234375
1652475251,B,Pressure,101632.0
1652475251,B,Gas,4928.9208984375
1652475251,B,Accelerometer,0.0
1652475251,B,Light,0.0
1652475251,B,MIC,3.0
1652475251,B,RSSI,92.0
1652475252,A,Temperature,23.5049991607666
1652475252,A,Humidity,38.90999984741211
1652475252,A,Pressure,101665.0
1652475252,A,Gas,1346.4420166015625
1652475252,A,Accelerometer,0.0
1652475252,A,Light,0.0
1652475252,A,MIC,1.0
1652475252,A,RSSI,74.0
1652475252,H,Temperature,23.19499969482422
1652475252,H,Humidity,38.5009994506836
1652475252,H,Pressure,101687.0
1652475252,H,Gas,4066.739990234375
1652475252,H,Accelerometer,0.0
1652475252,H,Light,2.0
1652475252,H,MIC,3.0
1652475252,H,RSSI,82.0
1652475254,D,Temperature,23.364999771118164
1652475254,D,Humidity,38.22000122070313
1652475254,D,Pressure,101697.0
1652475254,D,Gas,3837.958984375
1652475254,D,Accelerometer,0.0
1652475254,D,Light,0.0
1652475254,D,MIC,2.0
1652475254,D,RSSI,62.0
1652475256,E,Temperature,22.415000915527344
1652475256,E,Humidity,40.31399917602539
1652475256,E,Pressure,101671.0
1652475256,E,Gas,4385.86376953125
1652475256,E,Accelerometer,0.0
1652475256,E,Light,1.0
1652475256,E,MIC,2.0
1652475256,E,RSSI,68.0
1652475258,F,Temperature,23.67499923706055
1652475258,F,Humidity,37.16999816894531
1652475258,F,Pressure,101710.0
1652475258,F,Gas,3020.27197265625
1652475258,F,Accelerometer,0.0
1652475258,F,Light,0.0
1652475258,F,MIC,3.0
1652475258,F,RSSI,92.0
1652475261,C,Temperature,22.854999542236328
1652475261,C,Humidity,40.66600036621094
1652475261,C,Pressure,101691.0
1652475261,C,Gas,1392.613037109375
1652475261,C,Accelerometer,0.0
1652475261,C,Light,0.0
1652475261,C,MIC,3.0
1652475261,C,RSSI,76.0
1652475261,B,Temperature,23.584999084472656
1652475261,B,Humidity,40.066001892089844
1652475261,B,Pressure,101634.0
1652475261,B,Gas,4907.4990234375
1652475261,B,Accelerometer,1.0
1652475261,B,Light,0.0
1652475261,B,MIC,3.0
1652475261,B,RSSI,92.0
1652475262,A,Temperature,23.5049991607666
1652475262,A,Humidity,38.93600082397461
1652475262,A,Pressure,101669.0
1652475262,A,Gas,1364.365966796875
1652475262,A,Accelerometer,0.0
1652475262,A,Light,0.0
1652475262,A,MIC,1.0
1652475262,A,RSSI,74.0
1652475262,H,Temperature,23.19499969482422
1652475262,H,Humidity,38.49599838256836
1652475262,H,Pressure,101691.0
1652475262,H,Gas,4080.4619140625
1652475262,H,Accelerometer,0.0
1652475262,H,Light,2.0
1652475262,H,MIC,3.0
1652475262,H,RSSI,82.0
1652475264,D,Temperature,23.364999771118164
1652475264,D,Humidity,38.21599960327149
1652475264,D,Pressure,101697.0
1652475264,D,Gas,3846.532958984375
1652475264,D,Accelerometer,0.0
1652475264,D,Light,1.0
1652475264,D,MIC,2.0
1652475264,D,RSSI,62.0
1652475266,E,Temperature,22.405000686645508
1652475266,E,Humidity,40.334999084472656
1652475266,E,Pressure,101673.0
1652475266,E,Gas,4367.2822265625
1652475266,E,Accelerometer,0.0
1652475266,E,Light,1.0
1652475266,E,MIC,2.0
1652475266,E,RSSI,68.0
1652475269,F,Temperature,23.67499923706055
1652475269,F,Humidity,37.178001403808594
1652475269,F,Pressure,101712.0
1652475269,F,Gas,3021.01904296875
1652475269,F,Accelerometer,0.0
1652475269,F,Light,0.0
1652475269,F,MIC,3.0
1652475269,F,RSSI,92.0
1652475270,C,Temperature,22.875
1652475270,C,Humidity,40.65399932861328
1652475270,C,Pressure,101689.0
1652475270,C,Gas,1385.0179443359375
1652475270,C,Accelerometer,0.0
1652475270,C,Light,0.0
1652475270,C,MIC,3.0
1652475270,C,RSSI,76.0
1652475271,B,Temperature,23.584999084472656
1652475271,B,Humidity,40.053001403808594
1652475271,B,Pressure,101636.0
1652475271,B,Gas,4883.087890625
1652475271,B,Accelerometer,0.0
1652475271,B,Light,0.0
1652475271,B,MIC,3.0
1652475271,B,RSSI,96.0
1652475272,A,Temperature,23.51499938964844
1652475272,A,Humidity,38.89099884033203
1652475272,A,Pressure,101671.0
1652475272,A,Gas,1366.281005859375
1652475272,A,Accelerometer,0.0
1652475272,A,Light,0.0
1652475272,A,MIC,1.0
1652475272,A,RSSI,74.0
1652475272,H,Temperature,23.19499969482422
1652475272,H,Humidity,38.49499893188477
1652475272,H,Pressure,101693.0
1652475272,H,Gas,4087.426025390625
1652475272,H,Accelerometer,0.0
1652475272,H,Light,2.0
1652475272,H,MIC,3.0
1652475272,H,RSSI,82.0
1652475274,D,Temperature,23.364999771118164
1652475274,D,Humidity,38.23099899291992
1652475274,D,Pressure,101697.0
1652475274,D,Gas,3833.47509765625
1652475274,D,Accelerometer,0.0
1652475274,D,Light,1.0
1652475274,D,MIC,2.0
1652475274,D,RSSI,62.0
1652475276,E,Temperature,22.405000686645508
1652475276,E,Humidity,40.36800003051758
1652475276,E,Pressure,101669.0
1652475276,E,Gas,4343.5849609375
1652475276,E,Accelerometer,0.0
1652475276,E,Light,1.0
1652475276,E,MIC,2.0
1652475276,E,RSSI,68.0
1652475278,F,Temperature,23.665000915527344
1652475278,F,Humidity,37.20299911499024
1652475278,F,Pressure,101706.0
1652475278,F,Gas,3019.7958984375
1652475278,F,Accelerometer,0.0
1652475278,F,Light,0.0
1652475278,F,MIC,3.0
1652475278,F,RSSI,92.0
1652475280,C,Temperature,22.895000457763672
1652475280,C,Humidity,40.59199905395508
1652475280,C,Pressure,101691.0
1652475280,C,Gas,1380.43994140625
1652475280,C,Accelerometer,0.0
1652475280,C,Light,0.0
1652475280,C,MIC,3.0
1652475280,C,RSSI,74.0
1652475282,B,Temperature,23.584999084472656
1652475282,B,Humidity,40.04999923706055
1652475282,B,Pressure,101632.0
1652475282,B,Gas,4903.71923828125
1652475282,B,Accelerometer,0.0
1652475282,B,Light,0.0
1652475282,B,MIC,3.0
1652475282,B,RSSI,96.0
1652475282,A,Temperature,23.51499938964844
1652475282,A,Humidity,38.86899948120117
1652475282,A,Pressure,101671.0
1652475282,A,Gas,1369.5030517578125
1652475282,A,Accelerometer,0.0
1652475282,A,Light,0.0
1652475282,A,MIC,1.0
1652475282,A,RSSI,74.0
1652475284,H,Temperature,23.19499969482422
1652475284,H,Humidity,38.50199890136719
1652475284,H,Pressure,101687.0
1652475284,H,Gas,4080.235107421875
1652475284,H,Accelerometer,0.0
1652475284,H,Light,2.0
1652475284,H,MIC,3.0
1652475284,H,RSSI,82.0
1652475284,D,Temperature,23.364999771118164
1652475284,D,Humidity,38.24399948120117
1652475284,D,Pressure,101693.0
1652475284,D,Gas,3823.4169921875
1652475284,D,Accelerometer,0.0
1652475284,D,Light,0.0
1652475284,D,MIC,2.0
1652475284,D,RSSI,62.0
1652475286,E,Temperature,22.405000686645508
1652475286,E,Humidity,40.387001037597656
1652475286,E,Pressure,101669.0
1652475286,E,Gas,4327.32177734375
1652475286,E,Accelerometer,0.0
1652475286,E,Light,1.0
1652475286,E,MIC,3.0
1652475286,E,RSSI,68.0
1652475288,F,Temperature,23.665000915527344
1652475288,F,Humidity,37.21599960327149
1652475288,F,Pressure,101704.0
1652475288,F,Gas,3012.43310546875
1652475288,F,Accelerometer,0.0
1652475288,F,Light,0.0
1652475288,F,MIC,3.0
1652475288,F,RSSI,92.0
1652475290,C,Temperature,22.864999771118164
1652475290,C,Humidity,40.6609992980957
1652475290,C,Pressure,101689.0
1652475290,C,Gas,1382.2449951171875
1652475290,C,Accelerometer,0.0
1652475290,C,Light,0.0
1652475290,C,MIC,3.0
1652475290,C,RSSI,74.0
1652475292,B,Temperature,23.584999084472656
1652475292,B,Humidity,40.07400131225586
1652475292,B,Pressure,101634.0
1652475292,B,Gas,4877.81201171875
1652475292,B,Accelerometer,0.0
1652475292,B,Light,0.0
1652475292,B,MIC,3.0
1652475292,B,RSSI,96.0
1652475293,H,Temperature,23.19499969482422
1652475293,H,Humidity,38.49399948120117
1652475293,H,Pressure,101689.0
1652475293,H,Gas,4082.85302734375
1652475293,H,Accelerometer,0.0
1652475293,H,Light,2.0
1652475293,H,MIC,3.0
1652475293,H,RSSI,87.0
1652475294,D,Temperature,23.354999542236328
1652475294,D,Humidity,38.2509994506836
1652475294,D,Pressure,101695.0
1652475294,D,Gas,3837.383056640625
1652475294,D,Accelerometer,0.0
1652475294,D,Light,0.0
1652475294,D,MIC,2.0
1652475294,D,RSSI,62.0
1652475295,A,Temperature,23.51499938964844
1652475295,A,Humidity,38.86600112915039
1652475295,A,Pressure,101667.0
1652475295,A,Gas,1355.7080078125
1652475295,A,Accelerometer,0.0
1652475295,A,Light,0.0
1652475295,A,MIC,1.0
1652475295,A,RSSI,74.0
1652475296,E,Temperature,22.395000457763672
1652475296,E,Humidity,40.43999862670898
1652475296,E,Pressure,101667.0
1652475296,E,Gas,4314.42919921875
1652475296,E,Accelerometer,0.0
1652475296,E,Light,1.0
1652475296,E,MIC,3.0
1652475296,E,RSSI,68.0
1652475298,F,Temperature,23.665000915527344
1652475298,F,Humidity,37.21500015258789
1652475298,F,Pressure,101706.0
1652475298,F,Gas,3023.044921875
1652475298,F,Accelerometer,0.0
1652475298,F,Light,0.0
1652475298,F,MIC,3.0
1652475298,F,RSSI,92.0
1652475300,C,Temperature,22.875
1652475300,C,Humidity,40.652000427246094
1652475300,C,Pressure,101689.0
1652475300,C,Gas,1380.4739990234375
1652475300,C,Accelerometer,0.0
1652475300,C,Light,0.0
1652475300,C,MIC,3.0
1652475300,C,RSSI,74.0
1652475301,B,Temperature,23.584999084472656
1652475301,B,Humidity,40.09500122070313
1652475301,B,Pressure,101632.0
1652475301,B,Gas,4858.01220703125
1652475301,B,Accelerometer,0.0
1652475301,B,Light,0.0
1652475301,B,MIC,3.0
1652475301,B,RSSI,96.0
1652475302,A,Temperature,23.51499938964844
1652475302,A,Humidity,38.854000091552734
1652475302,A,Pressure,101667.0
1652475302,A,Gas,1359.0179443359375
1652475302,A,Accelerometer,0.0
1652475302,A,Light,0.0
1652475302,A,MIC,1.0
1652475302,A,RSSI,78.0
1652475304,D,Temperature,23.364999771118164
1652475304,D,Humidity,38.249000549316406
1652475304,D,Pressure,101693.0
1652475304,D,Gas,3825.360107421875
1652475304,D,Accelerometer,0.0
1652475304,D,Light,0.0
1652475304,D,MIC,2.0
1652475304,D,RSSI,53.0
1652475305,H,Temperature,23.184999465942386
1652475305,H,Humidity,38.53099822998047
1652475305,H,Pressure,101687.0
1652475305,H,Gas,4094.22900390625
1652475305,H,Accelerometer,0.0
1652475305,H,Light,2.0
1652475305,H,MIC,3.0
1652475305,H,RSSI,87.0
1652475306,E,Temperature,22.395000457763672
1652475306,E,Humidity,40.44200134277344
1652475306,E,Pressure,101665.0
1652475306,E,Gas,4288.19189453125
1652475306,E,Accelerometer,0.0
1652475306,E,Light,1.0
1652475306,E,MIC,3.0
1652475306,E,RSSI,60.0
1652475308,F,Temperature,23.665000915527344
1652475308,F,Humidity,37.20899963378906
1652475308,F,Pressure,101706.0
1652475308,F,Gas,3007.60107421875
1652475308,F,Accelerometer,0.0
1652475308,F,Light,0.0
1652475308,F,MIC,3.0
1652475308,F,RSSI,92.0
1652475310,C,Temperature,22.864999771118164
1652475310,C,Humidity,40.6609992980957
1652475310,C,Pressure,101687.0
1652475310,C,Gas,1394.279052734375
1652475310,C,Accelerometer,0.0
1652475310,C,Light,0.0
1652475310,C,MIC,3.0
1652475310,C,RSSI,74.0
1652475312,B,Temperature,23.584999084472656
1652475312,B,Humidity,40.1349983215332
1652475312,B,Pressure,101632.0
1652475312,B,Gas,4834.02099609375
1652475312,B,Accelerometer,0.0
1652475312,B,Light,0.0
1652475312,B,MIC,3.0
1652475312,B,RSSI,96.0
1652475312,A,Temperature,23.51499938964844
1652475312,A,Humidity,38.86800003051758
1652475312,A,Pressure,101667.0
1652475312,A,Gas,1356.8709716796875
1652475312,A,Accelerometer,0.0
1652475312,A,Light,0.0
1652475312,A,MIC,1.0
1652475312,A,RSSI,78.0
1652475312,H,Temperature,23.184999465942386
1652475312,H,Humidity,38.52999877929688
1652475312,H,Pressure,101687.0
1652475312,H,Gas,4097.52783203125
1652475312,H,Accelerometer,0.0
1652475312,H,Light,2.0
1652475312,H,MIC,3.0
1652475312,H,RSSI,87.0
1652475314,D,Temperature,23.375
1652475314,D,Humidity,38.23400115966797
1652475314,D,Pressure,101695.0
1652475314,D,Gas,3815.0810546875
1652475314,D,Accelerometer,0.0
1652475314,D,Light,0.0
1652475314,D,MIC,2.0
1652475314,D,RSSI,53.0
1652475316,E,Temperature,22.405000686645508
1652475316,E,Humidity,40.42599868774414
1652475316,E,Pressure,101667.0
1652475316,E,Gas,4276.876953125
1652475316,E,Accelerometer,0.0
1652475316,E,Light,1.0
1652475316,E,MIC,3.0
1652475316,E,RSSI,60.0
1652475318,F,Temperature,23.665000915527344
1652475318,F,Humidity,37.209999084472656
1652475318,F,Pressure,101706.0
1652475318,F,Gas,3014.194091796875
1652475318,F,Accelerometer,0.0
1652475318,F,Light,0.0
1652475318,F,MIC,3.0
1652475318,F,RSSI,92.0
1652475320,C,Temperature,22.864999771118164
1652475320,C,Humidity,40.64300155639648
1652475320,C,Pressure,101691.0
1652475320,C,Gas,1387.6419677734375
1652475320,C,Accelerometer,0.0
1652475320,C,Light,0.0
1652475320,C,MIC,3.0
1652475320,C,RSSI,74.0
1652475321,B,Temperature,23.584999084472656
1652475321,B,Humidity,40.137001037597656
1652475321,B,Pressure,101634.0
1652475321,B,Gas,4801.5888671875
1652475321,B,Accelerometer,0.0
1652475321,B,Light,0.0
1652475321,B,MIC,3.0
1652475321,B,RSSI,95.0
1652475322,A,Temperature,23.51499938964844
1652475322,A,Humidity,38.87699890136719
1652475322,A,Pressure,101667.0
1652475322,A,Gas,1361.614990234375
1652475322,A,Accelerometer,0.0
1652475322,A,Light,0.0
1652475322,A,MIC,1.0
1652475322,A,RSSI,78.0
1652475322,H,Temperature,23.19499969482422
1652475322,H,Humidity,38.499000549316406
1652475322,H,Pressure,101689.0
1652475322,H,Gas,4092.05908203125
1652475322,H,Accelerometer,0.0
1652475322,H,Light,2.0
1652475322,H,MIC,3.0
1652475322,H,RSSI,87.0
1652475324,D,Temperature,23.364999771118164
1652475324,D,Humidity,38.23400115966797
1652475324,D,Pressure,101693.0
1652475324,D,Gas,3833.99609375
1652475324,D,Accelerometer,0.0
1652475324,D,Light,0.0
1652475324,D,MIC,2.0
1652475324,D,RSSI,53.0
1652475326,E,Temperature,22.395000457763672
1652475326,E,Humidity,40.435001373291016
1652475326,E,Pressure,101669.0
1652475326,E,Gas,4267.98193359375
1652475326,E,Accelerometer,0.0
1652475326,E,Light,1.0
1652475326,E,MIC,3.0
1652475326,E,RSSI,60.0
1652475328,F,Temperature,23.665000915527344
1652475328,F,Humidity,37.20199966430664
1652475328,F,Pressure,101706.0
1652475328,F,Gas,3017.360107421875
1652475328,F,Accelerometer,0.0
1652475328,F,Light,0.0
1652475328,F,MIC,3.0
1652475328,F,RSSI,92.0
1652475330,C,Temperature,22.864999771118164
1652475330,C,Humidity,40.66400146484375
1652475330,C,Pressure,101691.0
1652475330,C,Gas,1384.791015625
1652475330,C,Accelerometer,0.0
1652475330,C,Light,0.0
1652475330,C,MIC,3.0
1652475330,C,RSSI,76.0
1652475332,B,Temperature,23.584999084472656
1652475332,B,Humidity,40.13999938964844
1652475332,B,Pressure,101634.0
1652475332,B,Gas,4784.75
1652475332,B,Accelerometer,0.0
1652475332,B,Light,0.0
1652475332,B,MIC,3.0
1652475332,B,RSSI,95.0
1652475332,A,Temperature,23.4950008392334
1652475332,A,Humidity,38.89300155639648
1652475332,A,Pressure,101665.0
1652475332,A,Gas,1353.5379638671875
1652475332,A,Accelerometer,0.0
1652475332,A,Light,0.0
1652475332,A,MIC,1.0
1652475332,A,RSSI,78.0
1652475332,H,Temperature,23.19499969482422
1652475332,H,Humidity,38.5099983215332
1652475332,H,Pressure,101687.0
1652475332,H,Gas,4116.3427734375
1652475332,H,Accelerometer,0.0
1652475332,H,Light,2.0
1652475332,H,MIC,3.0
1652475332,H,RSSI,87.0
1652475334,D,Temperature,23.364999771118164
1652475334,D,Humidity,38.23199844360352
1652475334,D,Pressure,101693.0
1652475334,D,Gas,3843.7099609375
1652475334,D,Accelerometer,0.0
1652475334,D,Light,0.0
1652475334,D,MIC,3.0
1652475334,D,RSSI,53.0
1652475336,E,Temperature,22.395000457763672
1652475336,E,Humidity,40.45399856567383
1652475336,E,Pressure,101669.0
1652475336,E,Gas,4257.89013671875
1652475336,E,Accelerometer,0.0
1652475336,E,Light,1.0
1652475336,E,MIC,3.0
1652475336,E,RSSI,60.0
1652475339,F,Temperature,23.65500068664551
1652475339,F,Humidity,37.20199966430664
1652475339,F,Pressure,101704.0
1652475339,F,Gas,3019.77392578125
1652475339,F,Accelerometer,0.0
1652475339,F,Light,0.0
1652475339,F,MIC,3.0
1652475339,F,RSSI,83.0
1652475340,C,Temperature,22.84499931335449
1652475340,C,Humidity,40.69900131225586
1652475340,C,Pressure,101685.0
1652475340,C,Gas,1389.512939453125
1652475340,C,Accelerometer,0.0
1652475340,C,Light,0.0
1652475340,C,MIC,3.0
1652475340,C,RSSI,76.0
1652475342,B,Temperature,23.57500076293945
1652475342,B,Humidity,40.14400100708008
1652475342,B,Pressure,101632.0
1652475342,B,Gas,4756.22021484375
1652475342,B,Accelerometer,0.0
1652475342,B,Light,0.0
1652475342,B,MIC,3.0
1652475342,B,RSSI,95.0
1652475342,H,Temperature,23.184999465942386
1652475342,H,Humidity,38.51900100708008
1652475342,H,Pressure,101687.0
1652475342,H,Gas,4132.23486328125
1652475342,H,Accelerometer,0.0
1652475342,H,Light,2.0
1652475342,H,MIC,2.0
1652475342,H,RSSI,82.0
1652475342,A,Temperature,23.5049991607666
1652475342,A,Humidity,38.87799835205078
1652475342,A,Pressure,101665.0
1652475342,A,Gas,1352.0880126953125
1652475342,A,Accelerometer,0.0
1652475342,A,Light,0.0
1652475342,A,MIC,1.0
1652475342,A,RSSI,78.0
1652475345,D,Temperature,23.354999542236328
1652475345,D,Humidity,38.22000122070313
1652475345,D,Pressure,101693.0
1652475345,D,Gas,3859.802001953125
1652475345,D,Accelerometer,0.0
1652475345,D,Light,0.0
1652475345,D,MIC,2.0
1652475345,D,RSSI,53.0
1652475346,E,Temperature,22.395000457763672
1652475346,E,Humidity,40.44400024414063
1652475346,E,Pressure,101667.0
1652475346,E,Gas,4253.11376953125
1652475346,E,Accelerometer,0.0
1652475346,E,Light,1.0
1652475346,E,MIC,3.0
1652475346,E,RSSI,60.0
1652475349,F,Temperature,23.665000915527344
1652475349,F,Humidity,37.183998107910156
1652475349,F,Pressure,101704.0
1652475349,F,Gas,3020.52587890625
1652475349,F,Accelerometer,0.0
1652475349,F,Light,0.0
1652475349,F,MIC,3.0
1652475349,F,RSSI,83.0
1652475350,C,Temperature,22.854999542236328
1652475350,C,Humidity,40.67699813842773
1652475350,C,Pressure,101685.0
1652475350,C,Gas,1395.6409912109375
1652475350,C,Accelerometer,0.0
1652475350,C,Light,0.0
1652475350,C,MIC,3.0
1652475350,C,RSSI,76.0
1652475352,H,Temperature,23.184999465942386
1652475352,H,Humidity,38.5359992980957
1652475352,H,Pressure,101689.0
1652475352,H,Gas,4140.6767578125
1652475352,H,Accelerometer,0.0
1652475352,H,Light,2.0
1652475352,H,MIC,2.0
1652475352,H,RSSI,82.0
1652475352,B,Temperature,23.584999084472656
1652475352,B,Humidity,40.14899826049805
1652475352,B,Pressure,101632.0
1652475352,B,Gas,4737.958984375
1652475352,B,Accelerometer,0.0
1652475352,B,Light,0.0
1652475352,B,MIC,3.0
1652475352,B,RSSI,95.0
1652475353,A,Temperature,23.51499938964844
1652475353,A,Humidity,38.88899993896485
1652475353,A,Pressure,101669.0
1652475353,A,Gas,1347.7869873046875
1652475353,A,Accelerometer,0.0
1652475353,A,Light,0.0
1652475353,A,MIC,1.0
1652475353,A,RSSI,78.0
1652475354,D,Temperature,23.375
1652475354,D,Humidity,38.18299865722656
1652475354,D,Pressure,101695.0
1652475354,D,Gas,3870.05908203125
1652475354,D,Accelerometer,0.0
1652475354,D,Light,0.0
1652475354,D,MIC,2.0
1652475354,D,RSSI,53.0
1652475356,E,Temperature,22.395000457763672
1652475356,E,Humidity,40.435001373291016
1652475356,E,Pressure,101669.0
1652475356,E,Gas,4247.4619140625
1652475356,E,Accelerometer,0.0
1652475356,E,Light,1.0
1652475356,E,MIC,3.0
1652475356,E,RSSI,70.0
1652475358,F,Temperature,23.665000915527344
1652475358,F,Humidity,37.18899917602539
1652475358,F,Pressure,101706.0
1652475358,F,Gas,3022.47998046875
1652475358,F,Accelerometer,0.0
1652475358,F,Light,0.0
1652475358,F,MIC,3.0
1652475358,F,RSSI,83.0
1652475361,C,Temperature,22.84499931335449
1652475361,C,Humidity,40.70399856567383
1652475361,C,Pressure,101687.0
1652475361,C,Gas,1392.9620361328125
1652475361,C,Accelerometer,0.0
1652475361,C,Light,0.0
1652475361,C,MIC,3.0
1652475361,C,RSSI,76.0
1652475362,B,Temperature,23.584999084472656
1652475362,B,Humidity,40.152000427246094
1652475362,B,Pressure,101632.0
1652475362,B,Gas,4703.82177734375
1652475362,B,Accelerometer,0.0
1652475362,B,Light,0.0
1652475362,B,MIC,3.0
1652475362,B,RSSI,95.0
1652475362,A,Temperature,23.5049991607666
1652475362,A,Humidity,38.9010009765625
1652475362,A,Pressure,101667.0
1652475362,A,Gas,1349.5419921875
1652475362,A,Accelerometer,0.0
1652475362,A,Light,0.0
1652475362,A,MIC,1.0
1652475362,A,RSSI,78.0
1652475362,H,Temperature,23.184999465942386
1652475362,H,Humidity,38.54800033569336
1652475362,H,Pressure,101687.0
1652475362,H,Gas,4127.1650390625
1652475362,H,Accelerometer,0.0
1652475362,H,Light,2.0
1652475362,H,MIC,2.0
1652475362,H,RSSI,82.0
1652475364,D,Temperature,23.364999771118164
1652475364,D,Humidity,38.2140007019043
1652475364,D,Pressure,101693.0
1652475364,D,Gas,3860.847900390625
1652475364,D,Accelerometer,0.0
1652475364,D,Light,0.0
1652475364,D,MIC,2.0
1652475364,D,RSSI,53.0
1652475366,E,Temperature,22.395000457763672
1652475366,E,Humidity,40.45299911499024
1652475366,E,Pressure,101669.0
1652475366,E,Gas,4233.60595703125
1652475366,E,Accelerometer,0.0
1652475366,E,Light,1.0
1652475366,E,MIC,3.0
1652475366,E,RSSI,70.0
1652475369,F,Temperature,23.665000915527344
1652475369,F,Humidity,37.21099853515625
1652475369,F,Pressure,101708.0
1652475369,F,Gas,3026.470947265625
1652475369,F,Accelerometer,0.0
1652475369,F,Light,0.0
1652475369,F,MIC,3.0
1652475369,F,RSSI,83.0
1652475370,C,Temperature,22.854999542236328
1652475370,C,Humidity,40.66999816894531
1652475370,C,Pressure,101689.0
1652475370,C,Gas,1393.1610107421875
1652475370,C,Accelerometer,0.0
1652475370,C,Light,0.0
1652475370,C,MIC,3.0
1652475370,C,RSSI,76.0
1652475372,B,Temperature,23.584999084472656
1652475372,B,Humidity,40.14899826049805
1652475372,B,Pressure,101632.0
1652475372,B,Gas,4692.10302734375
1652475372,B,Accelerometer,0.0
1652475372,B,Light,0.0
1652475372,B,MIC,3.0
1652475372,B,RSSI,92.0
1652475372,A,Temperature,23.5049991607666
1652475372,A,Humidity,38.900001525878906
1652475372,A,Pressure,101667.0
1652475372,A,Gas,1342.3790283203125
1652475372,A,Accelerometer,0.0
1652475372,A,Light,0.0
1652475372,A,MIC,1.0
1652475372,A,RSSI,78.0
1652475373,H,Temperature,23.184999465942386
1652475373,H,Humidity,38.54100036621094
1652475373,H,Pressure,101687.0
1652475373,H,Gas,4118.7509765625
1652475373,H,Accelerometer,0.0
1652475373,H,Light,2.0
1652475373,H,MIC,2.0
1652475373,H,RSSI,82.0
1652475374,D,Temperature,23.364999771118164
1652475374,D,Humidity,38.22999954223633
1652475374,D,Pressure,101695.0
1652475374,D,Gas,3858.739013671875
1652475374,D,Accelerometer,0.0
1652475374,D,Light,1.0
1652475374,D,MIC,2.0
1652475374,D,RSSI,53.0
1652475376,E,Temperature,22.395000457763672
1652475376,E,Humidity,40.47200012207031
1652475376,E,Pressure,101669.0
1652475376,E,Gas,4220.85791015625
1652475376,E,Accelerometer,0.0
1652475376,E,Light,1.0
1652475376,E,MIC,3.0
1652475376,E,RSSI,70.0
1652475378,F,Temperature,23.65500068664551
1652475378,F,Humidity,37.23400115966797
1652475378,F,Pressure,101706.0
1652475378,F,Gas,3014.4599609375
1652475378,F,Accelerometer,0.0
1652475378,F,Light,0.0
1652475378,F,MIC,3.0
1652475378,F,RSSI,78.0
1652475380,C,Temperature,22.864999771118164
1652475380,C,Humidity,40.63600158691406
1652475380,C,Pressure,101689.0
1652475380,C,Gas,1393.5870361328125
1652475380,C,Accelerometer,0.0
1652475380,C,Light,0.0
1652475380,C,MIC,3.0
1652475380,C,RSSI,78.0
1652475381,B,Temperature,23.584999084472656
1652475381,B,Humidity,40.11299896240234
1652475381,B,Pressure,101630.0
1652475381,B,Gas,4676.58203125
1652475381,B,Accelerometer,0.0
1652475381,B,Light,0.0
1652475381,B,MIC,3.0
1652475381,B,RSSI,92.0
1652475382,A,Temperature,23.5049991607666
1652475382,A,Humidity,38.89899826049805
1652475382,A,Pressure,101665.0
1652475382,A,Gas,1350.5269775390625
1652475382,A,Accelerometer,0.0
1652475382,A,Light,0.0
1652475382,A,MIC,1.0
1652475382,A,RSSI,78.0
1652475383,H,Temperature,23.19499969482422
1652475383,H,Humidity,38.512001037597656
1652475383,H,Pressure,101687.0
1652475383,H,Gas,4117.3779296875
1652475383,H,Accelerometer,0.0
1652475383,H,Light,2.0
1652475383,H,MIC,2.0
1652475383,H,RSSI,82.0
1652475385,D,Temperature,23.364999771118164
1652475385,D,Humidity,38.236000061035156
1652475385,D,Pressure,101693.0
1652475385,D,Gas,3874.575927734375
1652475385,D,Accelerometer,0.0
1652475385,D,Light,1.0
1652475385,D,MIC,2.0
1652475385,D,RSSI,53.0
1652475386,E,Temperature,22.38500022888184
1652475386,E,Humidity,40.46500015258789
1652475386,E,Pressure,101669.0
1652475386,E,Gas,4212.59423828125
1652475386,E,Accelerometer,0.0
1652475386,E,Light,1.0
1652475386,E,MIC,3.0
1652475386,E,RSSI,70.0
1652475388,F,Temperature,23.665000915527344
1652475388,F,Humidity,37.23199844360352
1652475388,F,Pressure,101706.0
1652475388,F,Gas,3004.85009765625
1652475388,F,Accelerometer,0.0
1652475388,F,Light,0.0
1652475388,F,MIC,3.0
1652475388,F,RSSI,78.0
1652475390,C,Temperature,22.895000457763672
1652475390,C,Humidity,40.57799911499024
1652475390,C,Pressure,101689.0
1652475390,C,Gas,1392.530029296875
1652475390,C,Accelerometer,0.0
1652475390,C,Light,0.0
1652475390,C,MIC,3.0
1652475390,C,RSSI,78.0
1652475392,B,Temperature,23.584999084472656
1652475392,B,Humidity,40.10200119018555
1652475392,B,Pressure,101634.0
1652475392,B,Gas,4671.2900390625
1652475392,B,Accelerometer,0.0
1652475392,B,Light,0.0
1652475392,B,MIC,3.0
1652475392,B,RSSI,92.0
1652475392,A,Temperature,23.5049991607666
1652475392,A,Humidity,38.8849983215332
1652475392,A,Pressure,101665.0
1652475392,A,Gas,1353.178955078125
1652475392,A,Accelerometer,0.0
1652475392,A,Light,0.0
1652475392,A,MIC,1.0
1652475392,A,RSSI,78.0
1652475393,H,Temperature,23.19499969482422
1652475393,H,Humidity,38.5099983215332
1652475393,H,Pressure,101687.0
1652475393,H,Gas,4117.8427734375
1652475393,H,Accelerometer,0.0
1652475393,H,Light,2.0
1652475393,H,MIC,2.0
1652475393,H,RSSI,82.0
1652475394,D,Temperature,23.34499931335449
1652475394,D,Humidity,38.29100036621094
1652475394,D,Pressure,101693.0
1652475394,D,Gas,3871.570068359375
1652475394,D,Accelerometer,0.0
1652475394,D,Light,0.0
1652475394,D,MIC,2.0
1652475394,D,RSSI,53.0
1652475396,E,Temperature,22.395000457763672
1652475396,E,Humidity,40.42300033569336
1652475396,E,Pressure,101669.0
1652475396,E,Gas,4220.86376953125
1652475396,E,Accelerometer,0.0
1652475396,E,Light,1.0
1652475396,E,MIC,3.0
1652475396,E,RSSI,70.0
1652475399,F,Temperature,23.665000915527344
1652475399,F,Humidity,37.19599914550781
1652475399,F,Pressure,101704.0
1652475399,F,Gas,2999.69091796875
1652475399,F,Accelerometer,0.0
1652475399,F,Light,0.0
1652475399,F,MIC,3.0
1652475399,F,RSSI,78.0
1652475400,C,Temperature,22.915000915527344
1652475400,C,Humidity,40.5359992980957
1652475400,C,Pressure,101689.0
1652475400,C,Gas,1403.41796875
1652475400,C,Accelerometer,0.0
1652475400,C,Light,0.0
1652475400,C,MIC,3.0
1652475400,C,RSSI,78.0
1652475402,B,Temperature,23.57500076293945
1652475402,B,Humidity,40.11800003051758
1652475402,B,Pressure,101632.0
1652475402,B,Gas,4664.56982421875
1652475402,B,Accelerometer,0.0
1652475402,B,Light,0.0
1652475402,B,MIC,3.0
1652475402,B,RSSI,92.0
1652475402,A,Temperature,23.4950008392334
1652475402,A,Humidity,38.9109992980957
1652475402,A,Pressure,101665.0
1652475402,A,Gas,1345.72802734375
1652475402,A,Accelerometer,0.0
1652475402,A,Light,0.0
1652475402,A,MIC,1.0
1652475402,A,RSSI,74.0
1652475403,H,Temperature,23.184999465942386
1652475403,H,Humidity,38.55099868774414
1652475403,H,Pressure,101687.0
1652475403,H,Gas,4126.85498046875
1652475403,H,Accelerometer,0.0
1652475403,H,Light,2.0
1652475403,H,MIC,2.0
1652475403,H,RSSI,82.0
1652475404,D,Temperature,23.34499931335449
1652475404,D,Humidity,38.290000915527344
1652475404,D,Pressure,101693.0
1652475404,D,Gas,3845.802978515625
1652475404,D,Accelerometer,0.0
1652475404,D,Light,0.0
1652475404,D,MIC,2.0
1652475404,D,RSSI,60.0
1652475406,E,Temperature,22.395000457763672
1652475406,E,Humidity,40.3489990234375
1652475406,E,Pressure,101667.0
1652475406,E,Gas,4242.833984375
1652475406,E,Accelerometer,0.0
1652475406,E,Light,1.0
1652475406,E,MIC,3.0
1652475406,E,RSSI,73.0
1652475408,F,Temperature,23.65500068664551
1652475408,F,Humidity,37.222999572753906
1652475408,F,Pressure,101704.0
1652475408,F,Gas,3002.154052734375
1652475408,F,Accelerometer,0.0
1652475408,F,Light,0.0
1652475408,F,MIC,3.0
1652475408,F,RSSI,78.0
1652475411,C,Temperature,22.90500068664551
1652475411,C,Humidity,40.55500030517578
1652475411,C,Pressure,101687.0
1652475411,C,Gas,1392.9510498046875
1652475411,C,Accelerometer,0.0
1652475411,C,Light,0.0
1652475411,C,MIC,3.0
1652475411,C,RSSI,78.0
1652475412,B,Temperature,23.57500076293945
1652475412,B,Humidity,40.11600112915039
1652475412,B,Pressure,101630.0
1652475412,B,Gas,4667.97900390625
1652475412,B,Accelerometer,0.0
1652475412,B,Light,0.0
1652475412,B,MIC,3.0
1652475412,B,RSSI,92.0
1652475413,H,Temperature,23.17499923706055
1652475413,H,Humidity,38.58100128173828
1652475413,H,Pressure,101687.0
1652475413,H,Gas,4097.578125
1652475413,H,Accelerometer,0.0
1652475413,H,Light,2.0
1652475413,H,MIC,3.0
1652475413,H,RSSI,82.0
1652475414,A,Temperature,23.5049991607666
1652475414,A,Humidity,38.902000427246094
1652475414,A,Pressure,101665.0
1652475414,A,Gas,1363.176025390625
1652475414,A,Accelerometer,0.0
1652475414,A,Light,0.0
1652475414,A,MIC,1.0
1652475414,A,RSSI,74.0
1652475414,D,Temperature,23.34499931335449
1652475414,D,Humidity,38.30099868774414
1652475414,D,Pressure,101691.0
1652475414,D,Gas,3843.14599609375
1652475414,D,Accelerometer,0.0
1652475414,D,Light,1.0
1652475414,D,MIC,2.0
1652475414,D,RSSI,60.0
1652475416,E,Temperature,22.38500022888184
1652475416,E,Humidity,40.31399917602539
1652475416,E,Pressure,101665.0
1652475416,E,Gas,4279.134765625
1652475416,E,Accelerometer,0.0
1652475416,E,Light,1.0
1652475416,E,MIC,3.0
1652475416,E,RSSI,73.0
1652475419,F,Temperature,23.65500068664551
1652475419,F,Humidity,37.222999572753906
1652475419,F,Pressure,101706.0
1652475419,F,Gas,3014.220947265625
1652475419,F,Accelerometer,0.0
1652475419,F,Light,0.0
1652475419,F,MIC,3.0
1652475419,F,RSSI,78.0
1652475420,C,Temperature,22.895000457763672
1652475420,C,Humidity,40.59299850463867
1652475420,C,Pressure,101687.0
1652475420,C,Gas,1394.3289794921875
1652475420,C,Accelerometer,0.0
1652475420,C,Light,0.0
1652475420,C,MIC,3.0
1652475420,C,RSSI,78.0
1652475422,B,Temperature,23.57500076293945
1652475422,B,Humidity,40.10300064086914
1652475422,B,Pressure,101628.0
1652475422,B,Gas,4664.73583984375
1652475422,B,Accelerometer,0.0
1652475422,B,Light,0.0
1652475422,B,MIC,3.0
1652475422,B,RSSI,94.0
1652475422,A,Temperature,23.4950008392334
1652475422,A,Humidity,38.90900039672852
1652475422,A,Pressure,101663.0
1652475422,A,Gas,1369.425048828125
1652475422,A,Accelerometer,0.0
1652475422,A,Light,0.0
1652475422,A,MIC,1.0
1652475422,A,RSSI,74.0
1652475423,H,Temperature,23.184999465942386
1652475423,H,Humidity,38.55400085449219
1652475423,H,Pressure,101687.0
1652475423,H,Gas,4091.60498046875
1652475423,H,Accelerometer,0.0
1652475423,H,Light,2.0
1652475423,H,MIC,3.0
1652475423,H,RSSI,82.0
1652475424,D,Temperature,23.334999084472656
1652475424,D,Humidity,38.29800033569336
1652475424,D,Pressure,101693.0
1652475424,D,Gas,3854.033935546875
1652475424,D,Accelerometer,0.0
1652475424,D,Light,1.0
1652475424,D,MIC,2.0
1652475424,D,RSSI,60.0
1652475426,E,Temperature,22.395000457763672
1652475426,E,Humidity,40.24700164794922
1652475426,E,Pressure,101667.0
1652475426,E,Gas,4329.06494140625
1652475426,E,Accelerometer,0.0
1652475426,E,Light,1.0
1652475426,E,MIC,3.0
1652475426,E,RSSI,73.0
1652475428,F,Temperature,23.665000915527344
1652475428,F,Humidity,37.209999084472656
1652475428,F,Pressure,101704.0
1652475428,F,Gas,3007.18603515625
1652475428,F,Accelerometer,0.0
1652475428,F,Light,0.0
1652475428,F,MIC,3.0
1652475428,F,RSSI,80.0
1652475430,C,Temperature,22.90500068664551
1652475430,C,Humidity,40.58000183105469
1652475430,C,Pressure,101687.0
1652475430,C,Gas,1398.031982421875
1652475430,C,Accelerometer,0.0
1652475430,C,Light,0.0
1652475430,C,MIC,3.0
1652475430,C,RSSI,74.0
1652475432,B,Temperature,23.584999084472656
1652475432,B,Humidity,40.08399963378906
1652475432,B,Pressure,101634.0
1652475432,B,Gas,4664.1162109375
1652475432,B,Accelerometer,0.0
1652475432,B,Light,0.0
1652475432,B,MIC,3.0
1652475432,B,RSSI,94.0
1652475433,A,Temperature,23.5049991607666
1652475433,A,Humidity,38.91299819946289
1652475433,A,Pressure,101665.0
1652475433,A,Gas,1357.02001953125
1652475433,A,Accelerometer,0.0
1652475433,A,Light,0.0
1652475433,A,MIC,1.0
1652475433,A,RSSI,74.0
1652475435,D,Temperature,23.34499931335449
1652475435,D,Humidity,38.28200149536133
1652475435,D,Pressure,101693.0
1652475435,D,Gas,3865.35888671875
1652475435,D,Accelerometer,0.0
1652475435,D,Light,1.0
1652475435,D,MIC,2.0
1652475435,D,RSSI,60.0
1652475435,H,Temperature,23.17499923706055
1652475435,H,Humidity,38.56700134277344
1652475435,H,Pressure,101689.0
1652475435,H,Gas,4086.284912109375
1652475435,H,Accelerometer,0.0
1652475435,H,Light,2.0
1652475435,H,MIC,3.0
1652475435,H,RSSI,82.0
1652475436,E,Temperature,22.38500022888184
1652475436,E,Humidity,40.32500076293945
1652475436,E,Pressure,101669.0
1652475436,E,Gas,4357.98291015625
1652475436,E,Accelerometer,0.0
1652475436,E,Light,1.0
1652475436,E,MIC,3.0
1652475436,E,RSSI,73.0
1652475438,F,Temperature,23.65500068664551
1652475438,F,Humidity,37.21500015258789
1652475438,F,Pressure,101704.0
1652475438,F,Gas,3015.68798828125
1652475438,F,Accelerometer,0.0
1652475438,F,Light,0.0
1652475438,F,MIC,3.0
1652475438,F,RSSI,80.0
1652475441,C,Temperature,22.875
1652475441,C,Humidity,40.63100051879883
1652475441,C,Pressure,101689.0
1652475441,C,Gas,1385.4449462890625
1652475441,C,Accelerometer,0.0
1652475441,C,Light,0.0
1652475441,C,MIC,3.0
1652475441,C,RSSI,74.0
1652475442,B,Temperature,23.57500076293945
1652475442,B,Humidity,40.0880012512207
1652475442,B,Pressure,101632.0
1652475442,B,Gas,4664.02197265625
1652475442,B,Accelerometer,0.0
1652475442,B,Light,0.0
1652475442,B,MIC,3.0
1652475442,B,RSSI,94.0
1652475443,H,Temperature,23.165000915527344
1652475443,H,Humidity,38.5989990234375
1652475443,H,Pressure,101687.0
1652475443,H,Gas,4102.89697265625
1652475443,H,Accelerometer,0.0
1652475443,H,Light,2.0
1652475443,H,MIC,3.0
1652475443,H,RSSI,88.0
1652475443,A,Temperature,23.4950008392334
1652475443,A,Humidity,38.93600082397461
1652475443,A,Pressure,101667.0
1652475443,A,Gas,1355.3819580078125
1652475443,A,Accelerometer,0.0
1652475443,A,Light,0.0
1652475443,A,MIC,1.0
1652475443,A,RSSI,82.0
1652475444,D,Temperature,23.334999084472656
1652475444,D,Humidity,38.30699920654297
1652475444,D,Pressure,101695.0
1652475444,D,Gas,3862.823974609375
1652475444,D,Accelerometer,0.0
1652475444,D,Light,1.0
1652475444,D,MIC,2.0
1652475444,D,RSSI,60.0
1652475446,E,Temperature,22.38500022888184
1652475446,E,Humidity,40.42100143432617
1652475446,E,Pressure,101667.0
1652475446,E,Gas,4350.9638671875
1652475446,E,Accelerometer,0.0
1652475446,E,Light,1.0
1652475446,E,MIC,3.0
1652475446,E,RSSI,73.0
1652475448,F,Temperature,23.65500068664551
1652475448,F,Humidity,37.21699905395508
1652475448,F,Pressure,101704.0
1652475448,F,Gas,3022.2919921875
1652475448,F,Accelerometer,0.0
1652475448,F,Light,0.0
1652475448,F,MIC,3.0
1652475448,F,RSSI,80.0
1652475451,C,Temperature,22.864999771118164
1652475451,C,Humidity,40.6619987487793
1652475451,C,Pressure,101687.0
1652475451,C,Gas,1395.56396484375
1652475451,C,Accelerometer,0.0
1652475451,C,Light,0.0
1652475451,C,MIC,3.0
1652475451,C,RSSI,74.0
1652475453,A,Temperature,23.4950008392334
1652475453,A,Humidity,38.9119987487793
1652475453,A,Pressure,101665.0
1652475453,A,Gas,1357.501953125
1652475453,A,Accelerometer,0.0
1652475453,A,Light,0.0
1652475453,A,MIC,1.0
1652475453,A,RSSI,82.0
1652475453,B,Temperature,23.565000534057614
1652475453,B,Humidity,40.09000015258789
1652475453,B,Pressure,101630.0
1652475453,B,Gas,4666.35791015625
1652475453,B,Accelerometer,0.0
1652475453,B,Light,0.0
1652475453,B,MIC,3.0
1652475453,B,RSSI,94.0
1652475453,H,Temperature,23.17499923706055
1652475453,H,Humidity,38.56999969482422
1652475453,H,Pressure,101683.0
1652475453,H,Gas,4097.10205078125
1652475453,H,Accelerometer,0.0
1652475453,H,Light,2.0
1652475453,H,MIC,3.0
1652475453,H,RSSI,88.0
1652475455,D,Temperature,23.34499931335449
1652475455,D,Humidity,38.29499816894531
1652475455,D,Pressure,101691.0
1652475455,D,Gas,3866.5830078125
1652475455,D,Accelerometer,0.0
1652475455,D,Light,1.0
1652475455,D,MIC,3.0
1652475455,D,RSSI,59.0
1652475456,E,Temperature,22.38500022888184
1652475456,E,Humidity,40.47700119018555
1652475456,E,Pressure,101665.0
1652475456,E,Gas,4335.64111328125
1652475456,E,Accelerometer,0.0
1652475456,E,Light,1.0
1652475456,E,MIC,3.0
1652475456,E,RSSI,68.0
1652475461,C,Temperature,22.84499931335449
1652475461,C,Humidity,40.691001892089844
1652475461,C,Pressure,101683.0
1652475461,C,Gas,1404.614013671875
1652475461,C,Accelerometer,0.0
1652475461,C,Light,0.0
1652475461,C,MIC,3.0
1652475461,C,RSSI,74.0
1652475462,F,Temperature,23.645000457763672
1652475462,F,Humidity,37.27899932861328
1652475462,F,Pressure,101704.0
1652475462,F,Gas,3014.43701171875
1652475462,F,Accelerometer,0.0
1652475462,F,Light,0.0
1652475462,F,MIC,3.0
1652475462,F,RSSI,80.0
1652475462,B,Temperature,23.57500076293945
1652475462,B,Humidity,40.0890007019043
1652475462,B,Pressure,101628.0
1652475462,B,Gas,4644.2880859375
1652475462,B,Accelerometer,0.0
1652475462,B,Light,0.0
1652475462,B,MIC,3.0
1652475462,B,RSSI,94.0
1652475463,A,Temperature,23.4950008392334
1652475463,A,Humidity,38.900001525878906
1652475463,A,Pressure,101663.0
1652475463,A,Gas,1352.7740478515625
1652475463,A,Accelerometer,0.0
1652475463,A,Light,0.0
1652475463,A,MIC,1.0
1652475463,A,RSSI,82.0
1652475465,D,Temperature,23.34499931335449
1652475465,D,Humidity,38.305999755859375
1652475465,D,Pressure,101691.0
1652475465,D,Gas,3867.00390625
1652475465,D,Accelerometer,0.0
1652475465,D,Light,0.0
1652475465,D,MIC,3.0
1652475465,D,RSSI,59.0
1652475466,E,Temperature,22.38500022888184
1652475466,E,Humidity,40.47000122070313
1652475466,E,Pressure,101667.0
1652475466,E,Gas,4326.44677734375
1652475466,E,Accelerometer,0.0
1652475466,E,Light,1.0
1652475466,E,MIC,3.0
1652475466,E,RSSI,68.0
1652475468,H,Temperature,23.165000915527344
1652475468,H,Humidity,38.60200119018555
1652475468,H,Pressure,101685.0
1652475468,H,Gas,4088.217041015625
1652475468,H,Accelerometer,0.0
1652475468,H,Light,2.0
1652475468,H,MIC,3.0
1652475468,H,RSSI,88.0
1652475468,F,Temperature,23.65500068664551
1652475468,F,Humidity,37.23400115966797
1652475468,F,Pressure,101704.0
1652475468,F,Gas,3007.949951171875
1652475468,F,Accelerometer,0.0
1652475468,F,Light,0.0
1652475468,F,MIC,3.0
1652475468,F,RSSI,80.0
1652475471,C,Temperature,22.84499931335449
1652475471,C,Humidity,40.70600128173828
1652475471,C,Pressure,101685.0
1652475471,C,Gas,1399.5269775390625
1652475471,C,Accelerometer,0.0
1652475471,C,Light,0.0
1652475471,C,MIC,3.0
1652475471,C,RSSI,74.0
1652475472,B,Temperature,23.57500076293945
1652475472,B,Humidity,40.12900161743164
1652475472,B,Pressure,101628.0
1652475472,B,Gas,4638.166015625
1652475472,B,Accelerometer,0.0
1652475472,B,Light,0.0
1652475472,B,MIC,3.0
1652475472,B,RSSI,91.0
1652475473,A,Temperature,23.5049991607666
1652475473,A,Humidity,38.882999420166016
1652475473,A,Pressure,101663.0
1652475473,A,Gas,1356.926025390625
1652475473,A,Accelerometer,0.0
1652475473,A,Light,0.0
1652475473,A,MIC,1.0
1652475473,A,RSSI,82.0
1652475473,H,Temperature,23.165000915527344
1652475473,H,Humidity,38.61899948120117
1652475473,H,Pressure,101685.0
1652475473,H,Gas,4089.06396484375
1652475473,H,Accelerometer,0.0
1652475473,H,Light,2.0
1652475473,H,MIC,3.0
1652475473,H,RSSI,88.0
1652475474,D,Temperature,23.354999542236328
1652475474,D,Humidity,38.26599884033203
1652475474,D,Pressure,101691.0
1652475474,D,Gas,3877.299072265625
1652475474,D,Accelerometer,0.0
1652475474,D,Light,0.0
1652475474,D,MIC,2.0
1652475474,D,RSSI,59.0
1652475476,E,Temperature,22.38500022888184
1652475476,E,Humidity,40.479000091552734
1652475476,E,Pressure,101665.0
1652475476,E,Gas,4312.02685546875
1652475476,E,Accelerometer,0.0
1652475476,E,Light,1.0
1652475476,E,MIC,3.0
1652475476,E,RSSI,68.0
1652475479,F,Temperature,23.645000457763672
1652475479,F,Humidity,37.26100158691406
1652475479,F,Pressure,101702.0
1652475479,F,Gas,3007.052978515625
1652475479,F,Accelerometer,0.0
1652475479,F,Light,0.0
1652475479,F,MIC,3.0
1652475479,F,RSSI,80.0
1652475480,C,Temperature,22.834999084472656
1652475480,C,Humidity,40.709999084472656
1652475480,C,Pressure,101687.0
1652475480,C,Gas,1399.947998046875
1652475480,C,Accelerometer,0.0
1652475480,C,Light,0.0
1652475480,C,MIC,3.0
1652475480,C,RSSI,74.0
1652475482,B,Temperature,23.57500076293945
1652475482,B,Humidity,40.16799926757813
1652475482,B,Pressure,101630.0
1652475482,B,Gas,4629.7900390625
1652475482,B,Accelerometer,0.0
1652475482,B,Light,0.0
1652475482,B,MIC,3.0
1652475482,B,RSSI,91.0
1652475483,A,Temperature,23.5049991607666
1652475483,A,Humidity,38.90900039672852
1652475483,A,Pressure,101663.0
1652475483,A,Gas,1348.5340576171875
1652475483,A,Accelerometer,0.0
1652475483,A,Light,0.0
1652475483,A,MIC,1.0
1652475483,A,RSSI,82.0
1652475483,H,Temperature,23.165000915527344
1652475483,H,Humidity,38.60699844360352
1652475483,H,Pressure,101685.0
1652475483,H,Gas,4093.68603515625
1652475483,H,Accelerometer,0.0
1652475483,H,Light,2.0
1652475483,H,MIC,3.0
1652475483,H,RSSI,88.0
1652475485,D,Temperature,23.34499931335449
1652475485,D,Humidity,38.29100036621094
1652475485,D,Pressure,101689.0
1652475485,D,Gas,3874.077880859375
1652475485,D,Accelerometer,0.0
1652475485,D,Light,1.0
1652475485,D,MIC,2.0
1652475485,D,RSSI,59.0
1652475487,E,Temperature,22.38500022888184
1652475487,E,Humidity,40.459999084472656
1652475487,E,Pressure,101665.0
1652475487,E,Gas,4311.03076171875
1652475487,E,Accelerometer,0.0
1652475487,E,Light,1.0
1652475487,E,MIC,3.0
1652475487,E,RSSI,68.0
1652475489,F,Temperature,23.65500068664551
1652475489,F,Humidity,37.24300003051758
1652475489,F,Pressure,101704.0
1652475489,F,Gas,3022.696044921875
1652475489,F,Accelerometer,0.0
1652475489,F,Light,0.0
1652475489,F,MIC,3.0
1652475489,F,RSSI,90.0
1652475491,C,Temperature,22.815000534057614
1652475491,C,Humidity,40.7599983215332
1652475491,C,Pressure,101685.0
1652475491,C,Gas,1415.342041015625
1652475491,C,Accelerometer,0.0
1652475491,C,Light,1.0
1652475491,C,MIC,3.0
1652475491,C,RSSI,74.0
1652475492,B,Temperature,23.57500076293945
1652475492,B,Humidity,40.15800094604492
1652475492,B,Pressure,101628.0
1652475492,B,Gas,4595.54296875
1652475492,B,Accelerometer,0.0
1652475492,B,Light,0.0
1652475492,B,MIC,3.0
1652475492,B,RSSI,91.0
1652475493,A,Temperature,23.5049991607666
1652475493,A,Humidity,38.88999938964844
1652475493,A,Pressure,101663.0
1652475493,A,Gas,1354.572998046875
1652475493,A,Accelerometer,0.0
1652475493,A,Light,0.0
1652475493,A,MIC,1.0
1652475493,A,RSSI,82.0
1652475493,H,Temperature,23.165000915527344
1652475493,H,Humidity,38.60200119018555
1652475493,H,Pressure,101687.0
1652475493,H,Gas,4081.403076171875
1652475493,H,Accelerometer,0.0
1652475493,H,Light,2.0
1652475493,H,MIC,3.0
1652475493,H,RSSI,81.0
1652475495,D,Temperature,23.34499931335449
1652475495,D,Humidity,38.303001403808594
1652475495,D,Pressure,101691.0
1652475495,D,Gas,3887.22509765625
1652475495,D,Accelerometer,0.0
1652475495,D,Light,1.0
1652475495,D,MIC,2.0
1652475495,D,RSSI,59.0
1652475497,E,Temperature,22.375
1652475497,E,Humidity,40.507999420166016
1652475497,E,Pressure,101663.0
1652475497,E,Gas,4299.4619140625
1652475497,E,Accelerometer,0.0
1652475497,E,Light,1.0
1652475497,E,MIC,3.0
1652475497,E,RSSI,68.0
1652475499,F,Temperature,23.65500068664551
1652475499,F,Humidity,37.22999954223633
1652475499,F,Pressure,101702.0
1652475499,F,Gas,3025.468994140625
1652475499,F,Accelerometer,0.0
1652475499,F,Light,0.0
1652475499,F,MIC,3.0
1652475499,F,RSSI,90.0
1652475501,C,Temperature,22.795000076293945
1652475501,C,Humidity,40.8129997253418
1652475501,C,Pressure,101683.0
1652475501,C,Gas,1424.3759765625
1652475501,C,Accelerometer,0.0
1652475501,C,Light,0.0
1652475501,C,MIC,3.0
1652475501,C,RSSI,74.0
1652475502,B,Temperature,23.57500076293945
1652475502,B,Humidity,40.15900039672852
1652475502,B,Pressure,101628.0
1652475502,B,Gas,4592.8359375
1652475502,B,Accelerometer,0.0
1652475502,B,Light,0.0
1652475502,B,MIC,3.0
1652475502,B,RSSI,91.0
1652475503,A,Temperature,23.5049991607666
1652475503,A,Humidity,38.88899993896485
1652475503,A,Pressure,101661.0
1652475503,A,Gas,1364.3929443359375
1652475503,A,Accelerometer,0.0
1652475503,A,Light,0.0
1652475503,A,MIC,1.0
1652475503,A,RSSI,74.0
1652475503,H,Temperature,23.165000915527344
1652475503,H,Humidity,38.59700012207031
1652475503,H,Pressure,101685.0
1652475503,H,Gas,4080.31298828125
1652475503,H,Accelerometer,0.0
1652475503,H,Light,2.0
1652475503,H,MIC,3.0
1652475503,H,RSSI,81.0
1652475505,D,Temperature,23.34499931335449
1652475505,D,Humidity,38.2859992980957
1652475505,D,Pressure,101691.0
1652475505,D,Gas,3875.589111328125
1652475505,D,Accelerometer,0.0
1652475505,D,Light,1.0
1652475505,D,MIC,2.0
1652475505,D,RSSI,62.0
1652475507,E,Temperature,22.375
1652475507,E,Humidity,40.51499938964844
1652475507,E,Pressure,101659.0
1652475507,E,Gas,4288.64013671875
1652475507,E,Accelerometer,0.0
1652475507,E,Light,1.0
1652475507,E,MIC,3.0
1652475507,E,RSSI,60.0
1652475510,F,Temperature,23.645000457763672
1652475510,F,Humidity,37.26800155639648
1652475510,F,Pressure,101702.0
1652475510,F,Gas,3011.962890625
1652475510,F,Accelerometer,0.0
1652475510,F,Light,0.0
1652475510,F,MIC,3.0
1652475510,F,RSSI,90.0
1652475511,C,Temperature,22.80500030517578
1652475511,C,Humidity,40.77199935913086
1652475511,C,Pressure,101685.0
1652475511,C,Gas,1427.2430419921875
1652475511,C,Accelerometer,0.0
1652475511,C,Light,0.0
1652475511,C,MIC,3.0
1652475511,C,RSSI,74.0
1652475512,B,Temperature,23.57500076293945
1652475512,B,Humidity,40.16600036621094
1652475512,B,Pressure,101626.0
1652475512,B,Gas,4590.01220703125
1652475512,B,Accelerometer,0.0
1652475512,B,Light,0.0
1652475512,B,MIC,3.0
1652475512,B,RSSI,91.0
1652475513,A,Temperature,23.5049991607666
1652475513,A,Humidity,38.89699935913086
1652475513,A,Pressure,101659.0
1652475513,A,Gas,1370.9420166015625
1652475513,A,Accelerometer,0.0
1652475513,A,Light,0.0
1652475513,A,MIC,1.0
1652475513,A,RSSI,74.0
1652475513,H,Temperature,23.15500068664551
1652475513,H,Humidity,38.63600158691406
1652475513,H,Pressure,101683.0
1652475513,H,Gas,4070.18310546875
1652475513,H,Accelerometer,0.0
1652475513,H,Light,2.0
1652475513,H,MIC,3.0
1652475513,H,RSSI,81.0
1652475515,D,Temperature,23.334999084472656
1652475515,D,Humidity,38.305999755859375
1652475515,D,Pressure,101689.0
1652475515,D,Gas,3886.760009765625
1652475515,D,Accelerometer,0.0
1652475515,D,Light,0.0
1652475515,D,MIC,2.0
1652475515,D,RSSI,62.0
1652475517,E,Temperature,22.364999771118164
1652475517,E,Humidity,40.5369987487793
1652475517,E,Pressure,101661.0
1652475517,E,Gas,4267.626953125
1652475517,E,Accelerometer,0.0
1652475517,E,Light,1.0
1652475517,E,MIC,3.0
1652475517,E,RSSI,60.0
1652475519,F,Temperature,23.65500068664551
1652475519,F,Humidity,37.2400016784668
1652475519,F,Pressure,101700.0
1652475519,F,Gas,3028.625
1652475519,F,Accelerometer,0.0
1652475519,F,Light,0.0
1652475519,F,MIC,3.0
1652475519,F,RSSI,90.0
1652475521,C,Temperature,22.774999618530273
1652475521,C,Humidity,40.84700012207031
1652475521,C,Pressure,101679.0
1652475521,C,Gas,1419.35498046875
1652475521,C,Accelerometer,0.0
1652475521,C,Light,0.0
1652475521,C,MIC,3.0
1652475521,C,RSSI,74.0
1652475522,B,Temperature,23.57500076293945
1652475522,B,Humidity,40.14899826049805
1652475522,B,Pressure,101626.0
1652475522,B,Gas,4567.26220703125
1652475522,B,Accelerometer,0.0
1652475522,B,Light,0.0
1652475522,B,MIC,3.0
1652475522,B,RSSI,94.0
1652475523,H,Temperature,23.15500068664551
1652475523,H,Humidity,38.61600112915039
1652475523,H,Pressure,101681.0
1652475523,H,Gas,4058.47509765625
1652475523,H,Accelerometer,0.0
1652475523,H,Light,2.0
1652475523,H,MIC,3.0
1652475523,H,RSSI,81.0
1652475523,A,Temperature,23.4950008392334
1652475523,A,Humidity,38.91999816894531
1652475523,A,Pressure,101659.0
1652475523,A,Gas,1370.907958984375
1652475523,A,Accelerometer,0.0
1652475523,A,Light,0.0
1652475523,A,MIC,1.0
1652475523,A,RSSI,74.0
1652475525,D,Temperature,23.334999084472656
1652475525,D,Humidity,38.31499862670898
1652475525,D,Pressure,101689.0
1652475525,D,Gas,3900.02294921875
1652475525,D,Accelerometer,0.0
1652475525,D,Light,0.0
1652475525,D,MIC,2.0
1652475525,D,RSSI,62.0
1652475527,E,Temperature,22.375
1652475527,E,Humidity,40.51900100708008
1652475527,E,Pressure,101661.0
1652475527,E,Gas,4261.9150390625
1652475527,E,Accelerometer,0.0
1652475527,E,Light,1.0
1652475527,E,MIC,3.0
1652475527,E,RSSI,60.0
1652475529,F,Temperature,23.645000457763672
1652475529,F,Humidity,37.2599983215332
1652475529,F,Pressure,101698.0
1652475529,F,Gas,3011.8798828125
1652475529,F,Accelerometer,0.0
1652475529,F,Light,0.0
1652475529,F,MIC,3.0
1652475529,F,RSSI,83.0
1652475531,C,Temperature,22.7549991607666
1652475531,C,Humidity,40.89699935913086
1652475531,C,Pressure,101679.0
1652475531,C,Gas,1426.4959716796875
1652475531,C,Accelerometer,0.0
1652475531,C,Light,0.0
1652475531,C,MIC,3.0
1652475531,C,RSSI,83.0
1652475533,H,Temperature,23.15500068664551
1652475533,H,Humidity,38.6150016784668
1652475533,H,Pressure,101683.0
1652475533,H,Gas,4051.8330078125
1652475533,H,Accelerometer,0.0
1652475533,H,Light,2.0
1652475533,H,MIC,3.0
1652475533,H,RSSI,81.0
1652475533,B,Temperature,23.57500076293945
1652475533,B,Humidity,40.10900115966797
1652475533,B,Pressure,101626.0
1652475533,B,Gas,4568.23095703125
1652475533,B,Accelerometer,0.0
1652475533,B,Light,0.0
1652475533,B,MIC,3.0
1652475533,B,RSSI,94.0
1652475533,A,Temperature,23.5049991607666
1652475533,A,Humidity,38.92499923706055
1652475533,A,Pressure,101661.0
1652475533,A,Gas,1363.9339599609375
1652475533,A,Accelerometer,0.0
1652475533,A,Light,0.0
1652475533,A,MIC,1.0
1652475533,A,RSSI,74.0
1652475535,D,Temperature,23.34499931335449
1652475535,D,Humidity,38.27299880981445
1652475535,D,Pressure,101689.0
1652475535,D,Gas,3903.9580078125
1652475535,D,Accelerometer,0.0
1652475535,D,Light,0.0
1652475535,D,MIC,2.0
1652475535,D,RSSI,62.0
1652475537,E,Temperature,22.375
1652475537,E,Humidity,40.53900146484375
1652475537,E,Pressure,101661.0
1652475537,E,Gas,4255.56591796875
1652475537,E,Accelerometer,0.0
1652475537,E,Light,1.0
1652475537,E,MIC,3.0
1652475537,E,RSSI,60.0
1652475539,F,Temperature,23.645000457763672
1652475539,F,Humidity,37.25
1652475539,F,Pressure,101704.0
1652475539,F,Gas,3016.490966796875
1652475539,F,Accelerometer,0.0
1652475539,F,Light,0.0
1652475539,F,MIC,3.0
1652475539,F,RSSI,83.0
1652475541,C,Temperature,22.7450008392334
1652475541,C,Humidity,40.90700149536133
1652475541,C,Pressure,101683.0
1652475541,C,Gas,1413.5150146484375
1652475541,C,Accelerometer,0.0
1652475541,C,Light,0.0
1652475541,C,MIC,3.0
1652475541,C,RSSI,83.0
1652475542,B,Temperature,23.565000534057614
1652475542,B,Humidity,40.12300109863281
1652475542,B,Pressure,101628.0
1652475542,B,Gas,4571.701171875
1652475542,B,Accelerometer,0.0
1652475542,B,Light,0.0
1652475542,B,MIC,3.0
1652475542,B,RSSI,94.0
1652475543,H,Temperature,23.15500068664551
1652475543,H,Humidity,38.62699890136719
1652475543,H,Pressure,101685.0
1652475543,H,Gas,4051.22998046875
1652475543,H,Accelerometer,0.0
1652475543,H,Light,2.0
1652475543,H,MIC,3.0
1652475543,H,RSSI,81.0
1652475543,A,Temperature,23.4950008392334
1652475543,A,Humidity,38.92399978637695
1652475543,A,Pressure,101661.0
1652475543,A,Gas,1362.9429931640625
1652475543,A,Accelerometer,0.0
1652475543,A,Light,0.0
1652475543,A,MIC,1.0
1652475543,A,RSSI,74.0
1652475545,D,Temperature,23.334999084472656
1652475545,D,Humidity,38.28099822998047
1652475545,D,Pressure,101691.0
1652475545,D,Gas,3898.73291015625
1652475545,D,Accelerometer,0.0
1652475545,D,Light,1.0
1652475545,D,MIC,2.0
1652475545,D,RSSI,62.0
1652475547,E,Temperature,22.375
1652475547,E,Humidity,40.50899887084961
1652475547,E,Pressure,101663.0
1652475547,E,Gas,4246.0830078125
1652475547,E,Accelerometer,0.0
1652475547,E,Light,1.0
1652475547,E,MIC,3.0
1652475547,E,RSSI,60.0
1652475549,F,Temperature,23.65500068664551
1652475549,F,Humidity,37.23099899291992
1652475549,F,Pressure,101702.0
1652475549,F,Gas,3017.819091796875
1652475549,F,Accelerometer,0.0
1652475549,F,Light,0.0
1652475549,F,MIC,3.0
1652475549,F,RSSI,83.0
1652475551,C,Temperature,22.80500030517578
1652475551,C,Humidity,40.77899932861328
1652475551,C,Pressure,101683.0
1652475551,C,Gas,1420.3289794921875
1652475551,C,Accelerometer,0.0
1652475551,C,Light,0.0
1652475551,C,MIC,3.0
1652475551,C,RSSI,83.0
1652475552,B,Temperature,23.565000534057614
1652475552,B,Humidity,40.124000549316406
1652475552,B,Pressure,101632.0
1652475552,B,Gas,4589.73583984375
1652475552,B,Accelerometer,0.0
1652475552,B,Light,0.0
1652475552,B,MIC,3.0
1652475552,B,RSSI,94.0
1652475553,A,Temperature,23.48500061035156
1652475553,A,Humidity,38.9640007019043
1652475553,A,Pressure,101661.0
1652475553,A,Gas,1352.95703125
1652475553,A,Accelerometer,0.0
1652475553,A,Light,0.0
1652475553,A,MIC,1.0
1652475553,A,RSSI,74.0
1652475553,H,Temperature,23.15500068664551
1652475553,H,Humidity,38.62900161743164
1652475553,H,Pressure,101685.0
1652475553,H,Gas,4052.403076171875
1652475553,H,Accelerometer,0.0
1652475553,H,Light,2.0
1652475553,H,MIC,3.0
1652475553,H,RSSI,81.0
1652475555,D,Temperature,23.34499931335449
1652475555,D,Humidity,38.27199935913086
1652475555,D,Pressure,101691.0
1652475555,D,Gas,3910.551025390625
1652475555,D,Accelerometer,0.0
1652475555,D,Light,1.0
1652475555,D,MIC,2.0
1652475555,D,RSSI,53.0
1652475557,E,Temperature,22.38500022888184
1652475557,E,Humidity,40.46900177001953
1652475557,E,Pressure,101667.0
1652475557,E,Gas,4251.91796875
1652475557,E,Accelerometer,0.0
1652475557,E,Light,1.0
1652475557,E,MIC,3.0
1652475557,E,RSSI,70.0
1652475559,F,Temperature,23.645000457763672
1652475559,F,Humidity,37.25199890136719
1652475559,F,Pressure,101702.0
1652475559,F,Gas,3024.152099609375
1652475559,F,Accelerometer,0.0
1652475559,F,Light,0.0
1652475559,F,MIC,3.0
1652475559,F,RSSI,83.0
1652475561,C,Temperature,22.854999542236328
1652475561,C,Humidity,40.69499969482422
1652475561,C,Pressure,101683.0
1652475561,C,Gas,1411.9320068359375
1652475561,C,Accelerometer,0.0
1652475561,C,Light,0.0
1652475561,C,MIC,3.0
1652475561,C,RSSI,83.0
1652475562,B,Temperature,23.565000534057614
1652475562,B,Humidity,40.18600082397461
1652475562,B,Pressure,101628.0
1652475562,B,Gas,4582.14697265625
1652475562,B,Accelerometer,0.0
1652475562,B,Light,0.0
1652475562,B,MIC,3.0
1652475562,B,RSSI,94.0
1652475563,A,Temperature,23.48500061035156
1652475563,A,Humidity,38.946998596191406
1652475563,A,Pressure,101661.0
1652475563,A,Gas,1354.2139892578125
1652475563,A,Accelerometer,0.0
1652475563,A,Light,0.0
1652475563,A,MIC,1.0
1652475563,A,RSSI,74.0
1652475563,H,Temperature,23.15500068664551
1652475563,H,Humidity,38.63600158691406
1652475563,H,Pressure,101687.0
1652475563,H,Gas,4045.68310546875
1652475563,H,Accelerometer,0.0
1652475563,H,Light,2.0
1652475563,H,MIC,3.0
1652475563,H,RSSI,81.0
1652475565,D,Temperature,23.334999084472656
1652475565,D,Humidity,38.29399871826172
1652475565,D,Pressure,101691.0
1652475565,D,Gas,3925.14794921875
1652475565,D,Accelerometer,0.0
1652475565,D,Light,0.0
1652475565,D,MIC,2.0
1652475565,D,RSSI,53.0
1652475567,E,Temperature,22.375
1652475567,E,Humidity,40.50600051879883
1652475567,E,Pressure,101665.0
1652475567,E,Gas,4254.65185546875
1652475567,E,Accelerometer,0.0
1652475567,E,Light,1.0
1652475567,E,MIC,3.0
1652475567,E,RSSI,70.0
1652475569,F,Temperature,23.65500068664551
1652475569,F,Humidity,37.23099899291992
1652475569,F,Pressure,101704.0
1652475569,F,Gas,3040.06103515625
1652475569,F,Accelerometer,0.0
1652475569,F,Light,0.0
1652475569,F,MIC,3.0
1652475569,F,RSSI,83.0
1652475571,C,Temperature,22.875
1652475571,C,Humidity,40.61000061035156
1652475571,C,Pressure,101685.0
1652475571,C,Gas,1413.14404296875
1652475571,C,Accelerometer,0.0
1652475571,C,Light,0.0
1652475571,C,MIC,3.0
1652475571,C,RSSI,83.0
1652475572,B,Temperature,23.55500030517578
1652475572,B,Humidity,40.23500061035156
1652475572,B,Pressure,101628.0
1652475572,B,Gas,4567.47216796875
1652475572,B,Accelerometer,0.0
1652475572,B,Light,0.0
1652475572,B,MIC,3.0
1652475572,B,RSSI,91.0
1652475573,A,Temperature,23.48500061035156
1652475573,A,Humidity,38.94400024414063
1652475573,A,Pressure,101661.0
1652475573,A,Gas,1361.73095703125
1652475573,A,Accelerometer,0.0
1652475573,A,Light,0.0
1652475573,A,MIC,1.0
1652475573,A,RSSI,74.0
1652475573,H,Temperature,23.145000457763672
1652475573,H,Humidity,38.65800094604492
1652475573,H,Pressure,101685.0
1652475573,H,Gas,4041.697021484375
1652475573,H,Accelerometer,0.0
1652475573,H,Light,2.0
1652475573,H,MIC,3.0
1652475573,H,RSSI,81.0
1652475575,D,Temperature,23.34499931335449
1652475575,D,Humidity,38.26399993896485
1652475575,D,Pressure,101689.0
1652475575,D,Gas,3925.4970703125
1652475575,D,Accelerometer,0.0
1652475575,D,Light,0.0
1652475575,D,MIC,2.0
1652475575,D,RSSI,53.0
1652475577,E,Temperature,22.375
1652475577,E,Humidity,40.5369987487793
1652475577,E,Pressure,101665.0
1652475577,E,Gas,4243.93603515625
1652475577,E,Accelerometer,0.0
1652475577,E,Light,1.0
1652475577,E,MIC,3.0
1652475577,E,RSSI,70.0
1652475579,F,Temperature,23.65500068664551
1652475579,F,Humidity,37.233001708984375
1652475579,F,Pressure,101702.0
1652475579,F,Gas,3035.2890625
1652475579,F,Accelerometer,0.0
1652475579,F,Light,0.0
1652475579,F,MIC,3.0
1652475579,F,RSSI,78.0
1652475581,C,Temperature,22.875
1652475581,C,Humidity,40.62200164794922
1652475581,C,Pressure,101685.0
1652475581,C,Gas,1406.4520263671875
1652475581,C,Accelerometer,0.0
1652475581,C,Light,0.0
1652475581,C,MIC,3.0
1652475581,C,RSSI,79.0
1652475582,B,Temperature,23.55500030517578
1652475582,B,Humidity,40.2400016784668
1652475582,B,Pressure,101626.0
1652475582,B,Gas,4544.4501953125
1652475582,B,Accelerometer,0.0
1652475582,B,Light,0.0
1652475582,B,MIC,3.0
1652475582,B,RSSI,91.0
1652475583,A,Temperature,23.48500061035156
1652475583,A,Humidity,38.928001403808594
1652475583,A,Pressure,101661.0
1652475583,A,Gas,1353.7650146484375
1652475583,A,Accelerometer,0.0
1652475583,A,Light,0.0
1652475583,A,MIC,1.0
1652475583,A,RSSI,74.0
1652475583,H,Temperature,23.145000457763672
1652475583,H,Humidity,38.65900039672852
1652475583,H,Pressure,101683.0
1652475583,H,Gas,4053.7919921875
1652475583,H,Accelerometer,0.0
1652475583,H,Light,2.0
1652475583,H,MIC,3.0
1652475583,H,RSSI,81.0
1652475585,D,Temperature,23.34499931335449
1652475585,D,Humidity,38.27999877929688
1652475585,D,Pressure,101691.0
1652475585,D,Gas,3943.10498046875
1652475585,D,Accelerometer,0.0
1652475585,D,Light,0.0
1652475585,D,MIC,2.0
1652475585,D,RSSI,53.0
1652475587,E,Temperature,22.375
1652475587,E,Humidity,40.52000045776367
1652475587,E,Pressure,101661.0
1652475587,E,Gas,4245.7841796875
1652475587,E,Accelerometer,0.0
1652475587,E,Light,1.0
1652475587,E,MIC,3.0
1652475587,E,RSSI,70.0
1652475589,F,Temperature,23.645000457763672
1652475589,F,Humidity,37.25699996948242
1652475589,F,Pressure,101702.0
1652475589,F,Gas,3033.906005859375
1652475589,F,Accelerometer,0.0
1652475589,F,Light,0.0
1652475589,F,MIC,3.0
1652475589,F,RSSI,78.0
1652475591,C,Temperature,22.88500022888184
1652475591,C,Humidity,40.59400177001953
1652475591,C,Pressure,101687.0
1652475591,C,Gas,1410.741943359375
1652475591,C,Accelerometer,0.0
1652475591,C,Light,0.0
1652475591,C,MIC,3.0
1652475591,C,RSSI,79.0
1652475592,B,Temperature,23.565000534057614
1652475592,B,Humidity,40.20100021362305
1652475592,B,Pressure,101628.0
1652475592,B,Gas,4510.31884765625
1652475592,B,Accelerometer,0.0
1652475592,B,Light,0.0
1652475592,B,MIC,3.0
1652475592,B,RSSI,91.0
1652475593,A,Temperature,23.48500061035156
1652475593,A,Humidity,38.94900131225586
1652475593,A,Pressure,101661.0
1652475593,A,Gas,1347.6820068359375
1652475593,A,Accelerometer,0.0
1652475593,A,Light,0.0
1652475593,A,MIC,1.0
1652475593,A,RSSI,79.0
1652475593,H,Temperature,23.145000457763672
1652475593,H,Humidity,38.68000030517578
1652475593,H,Pressure,101683.0
1652475593,H,Gas,4046.757080078125
1652475593,H,Accelerometer,0.0
1652475593,H,Light,2.0
1652475593,H,MIC,3.0
1652475593,H,RSSI,87.0
1652475595,D,Temperature,23.334999084472656
1652475595,D,Humidity,38.3380012512207
1652475595,D,Pressure,101691.0
1652475595,D,Gas,3939.993896484375
1652475595,D,Accelerometer,0.0
1652475595,D,Light,0.0
1652475595,D,MIC,2.0
1652475595,D,RSSI,53.0
1652475597,E,Temperature,22.375
1652475597,E,Humidity,40.5099983215332
1652475597,E,Pressure,101661.0
1652475597,E,Gas,4239.60693359375
1652475597,E,Accelerometer,0.0
1652475597,E,Light,1.0
1652475597,E,MIC,3.0
1652475597,E,RSSI,70.0
1652475599,F,Temperature,23.65500068664551
1652475599,F,Humidity,37.24100112915039
1652475599,F,Pressure,101702.0
1652475599,F,Gas,3021.6279296875
1652475599,F,Accelerometer,0.0
1652475599,F,Light,0.0
1652475599,F,MIC,3.0
1652475599,F,RSSI,78.0
1652475601,C,Temperature,22.875
1652475601,C,Humidity,40.62799835205078
1652475601,C,Pressure,101685.0
1652475601,C,Gas,1410.155029296875
1652475601,C,Accelerometer,0.0
1652475601,C,Light,0.0
1652475601,C,MIC,3.0
1652475601,C,RSSI,79.0
1652475603,B,Temperature,23.55500030517578
1652475603,B,Humidity,40.209999084472656
1652475603,B,Pressure,101626.0
1652475603,B,Gas,4505.46923828125
1652475603,B,Accelerometer,0.0
1652475603,B,Light,0.0
1652475603,B,MIC,3.0
1652475603,B,RSSI,91.0
1652475603,A,Temperature,23.48500061035156
1652475603,A,Humidity,38.95199966430664
1652475603,A,Pressure,101661.0
1652475603,A,Gas,1360.3360595703125
1652475603,A,Accelerometer,0.0
1652475603,A,Light,0.0
1652475603,A,MIC,1.0
1652475603,A,RSSI,79.0
1652475604,H,Temperature,23.145000457763672
1652475604,H,Humidity,38.68199920654297
1652475604,H,Pressure,101685.0
1652475604,H,Gas,4070.702880859375
1652475604,H,Accelerometer,0.0
1652475604,H,Light,2.0
1652475604,H,MIC,3.0
1652475604,H,RSSI,87.0
1652475605,D,Temperature,23.334999084472656
1652475605,D,Humidity,38.35200119018555
1652475605,D,Pressure,101691.0
1652475605,D,Gas,3939.06396484375
1652475605,D,Accelerometer,0.0
1652475605,D,Light,1.0
1652475605,D,MIC,2.0
1652475605,D,RSSI,60.0
1652475607,E,Temperature,22.38500022888184
1652475607,E,Humidity,40.472999572753906
1652475607,E,Pressure,101663.0
1652475607,E,Gas,4238.18994140625
1652475607,E,Accelerometer,0.0
1652475607,E,Light,1.0
1652475607,E,MIC,3.0
1652475607,E,RSSI,61.0
1652475609,F,Temperature,23.645000457763672
1652475609,F,Humidity,37.26499938964844
1652475609,F,Pressure,101698.0
1652475609,F,Gas,3024.837890625
1652475609,F,Accelerometer,0.0
1652475609,F,Light,0.0
1652475609,F,MIC,3.0
1652475609,F,RSSI,78.0
1652475611,C,Temperature,22.90500068664551
1652475611,C,Humidity,40.55099868774414
1652475611,C,Pressure,101683.0
1652475611,C,Gas,1409.2359619140625
1652475611,C,Accelerometer,0.0
1652475611,C,Light,0.0
1652475611,C,MIC,3.0
1652475611,C,RSSI,79.0
1652475612,B,Temperature,23.55500030517578
1652475612,B,Humidity,40.18299865722656
1652475612,B,Pressure,101626.0
1652475612,B,Gas,4503.0732421875
1652475612,B,Accelerometer,0.0
1652475612,B,Light,0.0
1652475612,B,MIC,3.0
1652475612,B,RSSI,91.0
1652475613,A,Temperature,23.48500061035156
1652475613,A,Humidity,38.95899963378906
1652475613,A,Pressure,101661.0
1652475613,A,Gas,1353.4549560546875
1652475613,A,Accelerometer,0.0
1652475613,A,Light,0.0
1652475613,A,MIC,1.0
1652475613,A,RSSI,79.0
1652475614,H,Temperature,23.145000457763672
1652475614,H,Humidity,38.67100143432617
1652475614,H,Pressure,101685.0
1652475614,H,Gas,4048.948974609375
1652475614,H,Accelerometer,0.0
1652475614,H,Light,2.0
1652475614,H,MIC,3.0
1652475614,H,RSSI,87.0
1652475615,D,Temperature,23.334999084472656
1652475615,D,Humidity,38.3390007019043
1652475615,D,Pressure,101689.0
1652475615,D,Gas,3935.06201171875
1652475615,D,Accelerometer,0.0
1652475615,D,Light,1.0
1652475615,D,MIC,2.0
1652475615,D,RSSI,60.0
1652475617,E,Temperature,22.375
1652475617,E,Humidity,40.56100082397461
1652475617,E,Pressure,101663.0
1652475617,E,Gas,4234.53076171875
1652475617,E,Accelerometer,0.0
1652475617,E,Light,1.0
1652475617,E,MIC,3.0
1652475617,E,RSSI,61.0
1652475621,C,Temperature,22.895000457763672
1652475621,C,Humidity,40.5629997253418
1652475621,C,Pressure,101683.0
1652475621,C,Gas,1420.822021484375
1652475621,C,Accelerometer,0.0
1652475621,C,Light,0.0
1652475621,C,MIC,3.0
1652475621,C,RSSI,79.0
1652475623,A,Temperature,23.48500061035156
1652475623,A,Humidity,38.93999862670898
1652475623,A,Pressure,101663.0
1652475623,A,Gas,1353.6099853515625
1652475623,A,Accelerometer,0.0
1652475623,A,Light,0.0
1652475623,A,MIC,1.0
1652475623,A,RSSI,79.0
1652475624,B,Temperature,23.55500030517578
1652475624,B,Humidity,40.1870002746582
1652475624,B,Pressure,101624.0
1652475624,B,Gas,4503.52099609375
1652475624,B,Accelerometer,0.0
1652475624,B,Light,0.0
1652475624,B,MIC,3.0
1652475624,B,RSSI,92.0
1652475625,D,Temperature,23.334999084472656
1652475625,D,Humidity,38.33000183105469
1652475625,D,Pressure,101691.0
1652475625,D,Gas,3919.51904296875
1652475625,D,Accelerometer,0.0
1652475625,D,Light,1.0
1652475625,D,MIC,2.0
1652475625,D,RSSI,60.0
1652475626,H,Temperature,23.13500022888184
1652475626,H,Humidity,38.71699905395508
1652475626,H,Pressure,101681.0
1652475626,H,Gas,4038.797119140625
1652475626,H,Accelerometer,0.0
1652475626,H,Light,2.0
1652475626,H,MIC,3.0
1652475626,H,RSSI,87.0
1652475627,E,Temperature,22.375
1652475627,E,Humidity,40.56499862670898
1652475627,E,Pressure,101661.0
1652475627,E,Gas,4239.30810546875
1652475627,E,Accelerometer,0.0
1652475627,E,Light,1.0
1652475627,E,MIC,3.0
1652475627,E,RSSI,61.0
1652475629,F,Temperature,23.645000457763672
1652475629,F,Humidity,37.25699996948242
1652475629,F,Pressure,101700.0
1652475629,F,Gas,3032.466064453125
1652475629,F,Accelerometer,0.0
1652475629,F,Light,0.0
1652475629,F,MIC,3.0
1652475629,F,RSSI,78.0
1652475631,C,Temperature,22.92499923706055
1652475631,C,Humidity,40.52000045776367
1652475631,C,Pressure,101685.0
1652475631,C,Gas,1412.2919921875
1652475631,C,Accelerometer,0.0
1652475631,C,Light,0.0
1652475631,C,MIC,3.0
1652475631,C,RSSI,76.0
1652475633,A,Temperature,23.48500061035156
1652475633,A,Humidity,38.91299819946289
1652475633,A,Pressure,101661.0
1652475633,A,Gas,1364.5980224609375
1652475633,A,Accelerometer,0.0
1652475633,A,Light,0.0
1652475633,A,MIC,1.0
1652475633,A,RSSI,79.0
1652475633,B,Temperature,23.55500030517578
1652475633,B,Humidity,40.16899871826172
1652475633,B,Pressure,101626.0
1652475633,B,Gas,4508.63623046875
1652475633,B,Accelerometer,0.0
1652475633,B,Light,0.0
1652475633,B,MIC,3.0
1652475633,B,RSSI,92.0
1652475634,H,Temperature,23.145000457763672
1652475634,H,Humidity,38.67900085449219
1652475634,H,Pressure,101683.0
1652475634,H,Gas,4031.306884765625
1652475634,H,Accelerometer,0.0
1652475634,H,Light,2.0
1652475634,H,MIC,3.0
1652475634,H,RSSI,87.0
1652475635,D,Temperature,23.334999084472656
1652475635,D,Humidity,38.3120002746582
1652475635,D,Pressure,101691.0
1652475635,D,Gas,3936.19091796875
1652475635,D,Accelerometer,0.0
1652475635,D,Light,1.0
1652475635,D,MIC,2.0
1652475635,D,RSSI,60.0
1652475637,E,Temperature,22.375
1652475637,E,Humidity,40.55400085449219
1652475637,E,Pressure,101661.0
1652475637,E,Gas,4229.78076171875
1652475637,E,Accelerometer,0.0
1652475637,E,Light,1.0
1652475637,E,MIC,3.0
1652475637,E,RSSI,61.0
1652475639,F,Temperature,23.645000457763672
1652475639,F,Humidity,37.25199890136719
1652475639,F,Pressure,101700.0
1652475639,F,Gas,3035.278076171875
1652475639,F,Accelerometer,0.0
1652475639,F,Light,0.0
1652475639,F,MIC,3.0
1652475639,F,RSSI,80.0
1652475641,C,Temperature,22.96500015258789
1652475641,C,Humidity,40.45700073242188
1652475641,C,Pressure,101681.0
1652475641,C,Gas,1410.6309814453125
1652475641,C,Accelerometer,0.0
1652475641,C,Light,0.0
1652475641,C,MIC,3.0
1652475641,C,RSSI,76.0
1652475643,B,Temperature,23.55500030517578
1652475643,B,Humidity,40.1510009765625
1652475643,B,Pressure,101628.0
1652475643,B,Gas,4515.23388671875
1652475643,B,Accelerometer,0.0
1652475643,B,Light,0.0
1652475643,B,MIC,3.0
1652475643,B,RSSI,92.0
1652475643,A,Temperature,23.48500061035156
1652475643,A,Humidity,38.92599868774414
1652475643,A,Pressure,101661.0
1652475643,A,Gas,1362.2120361328125
1652475643,A,Accelerometer,0.0
1652475643,A,Light,0.0
1652475643,A,MIC,1.0
1652475643,A,RSSI,79.0
1652475643,H,Temperature,23.13500022888184
1652475643,H,Humidity,38.698001861572266
1652475643,H,Pressure,101681.0
1652475643,H,Gas,4052.6689453125
1652475643,H,Accelerometer,0.0
1652475643,H,Light,2.0
1652475643,H,MIC,3.0
1652475643,H,RSSI,81.0
1652475645,D,Temperature,23.334999084472656
1652475645,D,Humidity,38.316001892089844
1652475645,D,Pressure,101689.0
1652475645,D,Gas,3936.45703125
1652475645,D,Accelerometer,0.0
1652475645,D,Light,1.0
1652475645,D,MIC,2.0
1652475645,D,RSSI,60.0
1652475647,E,Temperature,22.364999771118164
1652475647,E,Humidity,40.59000015258789
1652475647,E,Pressure,101661.0
1652475647,E,Gas,4226.2109375
1652475647,E,Accelerometer,0.0
1652475647,E,Light,1.0
1652475647,E,MIC,3.0
1652475647,E,RSSI,61.0
1652475649,F,Temperature,23.645000457763672
1652475649,F,Humidity,37.26800155639648
1652475649,F,Pressure,101698.0
1652475649,F,Gas,3036.323974609375
1652475649,F,Accelerometer,0.0
1652475649,F,Light,0.0
1652475649,F,MIC,3.0
1652475649,F,RSSI,80.0
1652475651,C,Temperature,22.97500038146973
1652475651,C,Humidity,40.42399978637695
1652475651,C,Pressure,101681.0
1652475651,C,Gas,1404.2869873046875
1652475651,C,Accelerometer,0.0
1652475651,C,Light,0.0
1652475651,C,MIC,3.0
1652475651,C,RSSI,76.0
1652475652,B,Temperature,23.55500030517578
1652475652,B,Humidity,40.18999862670898
1652475652,B,Pressure,101626.0
1652475652,B,Gas,4512.80908203125
1652475652,B,Accelerometer,0.0
1652475652,B,Light,0.0
1652475652,B,MIC,3.0
1652475652,B,RSSI,92.0
1652475653,H,Temperature,23.13500022888184
1652475653,H,Humidity,38.70500183105469
1652475653,H,Pressure,101679.0
1652475653,H,Gas,4069.364013671875
1652475653,H,Accelerometer,0.0
1652475653,H,Light,2.0
1652475653,H,MIC,3.0
1652475653,H,RSSI,81.0
1652475653,A,Temperature,23.47500038146973
1652475653,A,Humidity,38.95100021362305
1652475653,A,Pressure,101659.0
1652475653,A,Gas,1361.260009765625
1652475653,A,Accelerometer,0.0
1652475653,A,Light,0.0
1652475653,A,MIC,1.0
1652475653,A,RSSI,79.0
1652475655,D,Temperature,23.34499931335449
1652475655,D,Humidity,38.26900100708008
1652475655,D,Pressure,101687.0
1652475655,D,Gas,3959.43505859375
1652475655,D,Accelerometer,0.0
1652475655,D,Light,1.0
1652475655,D,MIC,2.0
1652475655,D,RSSI,59.0
1652475657,E,Temperature,22.364999771118164
1652475657,E,Humidity,40.57899856567383
1652475657,E,Pressure,101659.0
1652475657,E,Gas,4223.26611328125
1652475657,E,Accelerometer,0.0
1652475657,E,Light,1.0
1652475657,E,MIC,3.0
1652475657,E,RSSI,73.0
1652475659,F,Temperature,23.645000457763672
1652475659,F,Humidity,37.27199935913086
1652475659,F,Pressure,101698.0
1652475659,F,Gas,3040.962890625
1652475659,F,Accelerometer,0.0
1652475659,F,Light,0.0
1652475659,F,MIC,3.0
1652475659,F,RSSI,80.0
1652475661,C,Temperature,22.9950008392334
1652475661,C,Humidity,40.38199996948242
1652475661,C,Pressure,101679.0
1652475661,C,Gas,1416.759033203125
1652475661,C,Accelerometer,0.0
1652475661,C,Light,0.0
1652475661,C,MIC,3.0
1652475661,C,RSSI,76.0
1652475662,B,Temperature,23.55500030517578
1652475662,B,Humidity,40.20899963378906
1652475662,B,Pressure,101626.0
1652475662,B,Gas,4500.8359375
1652475662,B,Accelerometer,0.0
1652475662,B,Light,0.0
1652475662,B,MIC,3.0
1652475662,B,RSSI,92.0
1652475663,A,Temperature,23.48500061035156
1652475663,A,Humidity,38.96699905395508
1652475663,A,Pressure,101661.0
1652475663,A,Gas,1360.801025390625
1652475663,A,Accelerometer,0.0
1652475663,A,Light,0.0
1652475663,A,MIC,1.0
1652475663,A,RSSI,79.0
1652475663,H,Temperature,23.13500022888184
1652475663,H,Humidity,38.70199966430664
1652475663,H,Pressure,101683.0
1652475663,H,Gas,4076.947021484375
1652475663,H,Accelerometer,0.0
1652475663,H,Light,2.0
1652475663,H,MIC,3.0
1652475663,H,RSSI,81.0
1652475665,D,Temperature,23.34499931335449
1652475665,D,Humidity,38.305999755859375
1652475665,D,Pressure,101689.0
1652475665,D,Gas,3965.4189453125
1652475665,D,Accelerometer,0.0
1652475665,D,Light,1.0
1652475665,D,MIC,2.0
1652475665,D,RSSI,59.0
1652475667,E,Temperature,22.375
1652475667,E,Humidity,40.54100036621094
1652475667,E,Pressure,101663.0
1652475667,E,Gas,4213.60107421875
1652475667,E,Accelerometer,0.0
1652475667,E,Light,1.0
1652475667,E,MIC,3.0
1652475667,E,RSSI,73.0
1652475669,F,Temperature,23.645000457763672
1652475669,F,Humidity,37.26800155639648
1652475669,F,Pressure,101700.0
1652475669,F,Gas,3026.825927734375
1652475669,F,Accelerometer,0.0
1652475669,F,Light,0.0
1652475669,F,MIC,3.0
1652475669,F,RSSI,80.0
1652475671,C,Temperature,22.9950008392334
1652475671,C,Humidity,40.38100051879883
1652475671,C,Pressure,101681.0
1652475671,C,Gas,1411.698974609375
1652475671,C,Accelerometer,0.0
1652475671,C,Light,0.0
1652475671,C,MIC,3.0
1652475671,C,RSSI,76.0
1652475672,B,Temperature,23.55500030517578
1652475672,B,Humidity,40.20600128173828
1652475672,B,Pressure,101626.0
1652475672,B,Gas,4486.3779296875
1652475672,B,Accelerometer,0.0
1652475672,B,Light,0.0
1652475672,B,MIC,3.0
1652475672,B,RSSI,89.0
1652475673,A,Temperature,23.47500038146973
1652475673,A,Humidity,38.95800018310547
1652475673,A,Pressure,101661.0
1652475673,A,Gas,1366.530029296875
1652475673,A,Accelerometer,0.0
1652475673,A,Light,0.0
1652475673,A,MIC,1.0
1652475673,A,RSSI,79.0
1652475674,H,Temperature,23.145000457763672
1652475674,H,Humidity,38.67399978637695
1652475674,H,Pressure,101681.0
1652475674,H,Gas,4085.10693359375
1652475674,H,Accelerometer,0.0
1652475674,H,Light,2.0
1652475674,H,MIC,3.0
1652475674,H,RSSI,81.0
1652475675,D,Temperature,23.34499931335449
1652475675,D,Humidity,38.32799911499024
1652475675,D,Pressure,101687.0
1652475675,D,Gas,3955.1279296875
1652475675,D,Accelerometer,0.0
1652475675,D,Light,1.0
1652475675,D,MIC,2.0
1652475675,D,RSSI,59.0
1652475677,E,Temperature,22.364999771118164
1652475677,E,Humidity,40.58700180053711
1652475677,E,Pressure,101663.0
1652475677,E,Gas,4217.84716796875
1652475677,E,Accelerometer,0.0
1652475677,E,Light,1.0
1652475677,E,MIC,3.0
1652475677,E,RSSI,73.0
1652475679,F,Temperature,23.645000457763672
1652475679,F,Humidity,37.26900100708008
1652475679,F,Pressure,101698.0
1652475679,F,Gas,3033.236083984375
1652475679,F,Accelerometer,0.0
1652475679,F,Light,0.0
1652475679,F,MIC,3.0
1652475679,F,RSSI,85.0
1652475681,C,Temperature,22.9950008392334
1652475681,C,Humidity,40.37099838256836
1652475681,C,Pressure,101679.0
1652475681,C,Gas,1415.762939453125
1652475681,C,Accelerometer,0.0
1652475681,C,Light,0.0
1652475681,C,MIC,3.0
1652475681,C,RSSI,76.0
1652475682,B,Temperature,23.545000076293945
1652475682,B,Humidity,40.24700164794922
1652475682,B,Pressure,101626.0
1652475682,B,Gas,4490.14208984375
1652475682,B,Accelerometer,0.0
1652475682,B,Light,0.0
1652475682,B,MIC,3.0
1652475682,B,RSSI,89.0
1652475683,A,Temperature,23.47500038146973
1652475683,A,Humidity,38.96599960327149
1652475683,A,Pressure,101659.0
1652475683,A,Gas,1353.6600341796875
1652475683,A,Accelerometer,0.0
1652475683,A,Light,0.0
1652475683,A,MIC,1.0
1652475683,A,RSSI,79.0
1652475685,D,Temperature,23.34499931335449
1652475685,D,Humidity,38.32699966430664
1652475685,D,Pressure,101687.0
1652475685,D,Gas,3960.458984375
1652475685,D,Accelerometer,0.0
1652475685,D,Light,1.0
1652475685,D,MIC,2.0
1652475685,D,RSSI,59.0
1652475687,H,Temperature,23.13500022888184
1652475687,H,Humidity,38.72700119018555
1652475687,H,Pressure,101685.0
1652475687,H,Gas,4093.669921875
1652475687,H,Accelerometer,0.0
1652475687,H,Light,2.0
1652475687,H,MIC,3.0
1652475687,H,RSSI,88.0
1652475687,E,Temperature,22.364999771118164
1652475687,E,Humidity,40.57400131225586
1652475687,E,Pressure,101663.0
1652475687,E,Gas,4217.5087890625
1652475687,E,Accelerometer,0.0
1652475687,E,Light,1.0
1652475687,E,MIC,3.0
1652475687,E,RSSI,73.0
1652475689,F,Temperature,23.645000457763672
1652475689,F,Humidity,37.262001037597656
1652475689,F,Pressure,101700.0
1652475689,F,Gas,3031.596923828125
1652475689,F,Accelerometer,0.0
1652475689,F,Light,0.0
1652475689,F,MIC,3.0
1652475689,F,RSSI,85.0
1652475691,C,Temperature,23.0049991607666
1652475691,C,Humidity,40.36999893188477
1652475691,C,Pressure,101681.0
1652475691,C,Gas,1403.2850341796875
1652475691,C,Accelerometer,0.0
1652475691,C,Light,0.0
1652475691,C,MIC,3.0
1652475691,C,RSSI,76.0
1652475692,B,Temperature,23.55500030517578
1652475692,B,Humidity,40.20600128173828
1652475692,B,Pressure,101626.0
1652475692,B,Gas,4502.64697265625
1652475692,B,Accelerometer,0.0
1652475692,B,Light,0.0
1652475692,B,MIC,3.0
1652475692,B,RSSI,89.0
1652475693,A,Temperature,23.47500038146973
1652475693,A,Humidity,38.97999954223633
1652475693,A,Pressure,101661.0
1652475693,A,Gas,1353.6820068359375
1652475693,A,Accelerometer,0.0
1652475693,A,Light,0.0
1652475693,A,MIC,1.0
1652475693,A,RSSI,79.0
1652475694,H,Temperature,23.13500022888184
1652475694,H,Humidity,38.70500183105469
1652475694,H,Pressure,101681.0
1652475694,H,Gas,4083.85009765625
1652475694,H,Accelerometer,0.0
1652475694,H,Light,2.0
1652475694,H,MIC,3.0
1652475694,H,RSSI,88.0
1652475695,D,Temperature,23.34499931335449
1652475695,D,Humidity,38.3390007019043
1652475695,D,Pressure,101687.0
1652475695,D,Gas,3947.843994140625
1652475695,D,Accelerometer,0.0
1652475695,D,Light,1.0
1652475695,D,MIC,2.0
1652475695,D,RSSI,59.0
1652475697,E,Temperature,22.364999771118164
1652475697,E,Humidity,40.558998107910156
1652475697,E,Pressure,101661.0
1652475697,E,Gas,4218.7822265625
1652475697,E,Accelerometer,0.0
1652475697,E,Light,1.0
1652475697,E,MIC,3.0
1652475697,E,RSSI,73.0
1652475699,F,Temperature,23.645000457763672
1652475699,F,Humidity,37.26399993896485
1652475699,F,Pressure,101698.0
1652475699,F,Gas,3054.580078125
1652475699,F,Accelerometer,0.0
1652475699,F,Light,0.0
1652475699,F,MIC,3.0
1652475699,F,RSSI,85.0
1652475701,C,Temperature,23.01499938964844
1652475701,C,Humidity,40.35499954223633
1652475701,C,Pressure,101681.0
1652475701,C,Gas,1413.7640380859375
1652475701,C,Accelerometer,0.0
1652475701,C,Light,0.0
1652475701,C,MIC,3.0
1652475701,C,RSSI,76.0
1652475702,B,Temperature,23.55500030517578
1652475702,B,Humidity,40.18600082397461
1652475702,B,Pressure,101626.0
1652475702,B,Gas,4497.244140625
1652475702,B,Accelerometer,0.0
1652475702,B,Light,0.0
1652475702,B,MIC,3.0
1652475702,B,RSSI,89.0
1652475703,A,Temperature,23.47500038146973
1652475703,A,Humidity,38.97200012207031
1652475703,A,Pressure,101663.0
1652475703,A,Gas,1349.2149658203125
1652475703,A,Accelerometer,0.0
1652475703,A,Light,0.0
1652475703,A,MIC,1.0
1652475703,A,RSSI,79.0
1652475703,H,Temperature,23.125
1652475703,H,Humidity,38.73799896240234
1652475703,H,Pressure,101683.0
1652475703,H,Gas,4067.635986328125
1652475703,H,Accelerometer,0.0
1652475703,H,Light,2.0
1652475703,H,MIC,3.0
1652475703,H,RSSI,88.0
1652475705,D,Temperature,23.34499931335449
1652475705,D,Humidity,38.32099914550781
1652475705,D,Pressure,101689.0
1652475705,D,Gas,3954.696044921875
1652475705,D,Accelerometer,0.0
1652475705,D,Light,1.0
1652475705,D,MIC,2.0
1652475705,D,RSSI,62.0
1652475707,E,Temperature,22.364999771118164
1652475707,E,Humidity,40.571998596191406
1652475707,E,Pressure,101661.0
1652475707,E,Gas,4219.501953125
1652475707,E,Accelerometer,0.0
1652475707,E,Light,1.0
1652475707,E,MIC,3.0
1652475707,E,RSSI,68.0
1652475709,F,Temperature,23.63500022888184
1652475709,F,Humidity,37.28300094604492
1652475709,F,Pressure,101700.0
1652475709,F,Gas,3046.116943359375
1652475709,F,Accelerometer,0.0
1652475709,F,Light,0.0
1652475709,F,MIC,3.0
1652475709,F,RSSI,85.0
1652475711,C,Temperature,23.01499938964844
1652475711,C,Humidity,40.34000015258789
1652475711,C,Pressure,101683.0
1652475711,C,Gas,1421.342041015625
1652475711,C,Accelerometer,0.0
1652475711,C,Light,0.0
1652475711,C,MIC,3.0
1652475711,C,RSSI,76.0
1652475712,B,Temperature,23.55500030517578
1652475712,B,Humidity,40.16699981689453
1652475712,B,Pressure,101626.0
1652475712,B,Gas,4500.31005859375
1652475712,B,Accelerometer,0.0
1652475712,B,Light,0.0
1652475712,B,MIC,3.0
1652475712,B,RSSI,89.0
1652475713,A,Temperature,23.46500015258789
1652475713,A,Humidity,38.98400115966797
1652475713,A,Pressure,101661.0
1652475713,A,Gas,1330.2669677734375
1652475713,A,Accelerometer,0.0
1652475713,A,Light,0.0
1652475713,A,MIC,1.0
1652475713,A,RSSI,79.0
1652475713,H,Temperature,23.114999771118164
1652475713,H,Humidity,38.76800155639648
1652475713,H,Pressure,101685.0
1652475713,H,Gas,4058.181884765625
1652475713,H,Accelerometer,0.0
1652475713,H,Light,2.0
1652475713,H,MIC,3.0
1652475713,H,RSSI,88.0
1652475715,D,Temperature,23.34499931335449
1652475715,D,Humidity,38.33300018310547
1652475715,D,Pressure,101689.0
1652475715,D,Gas,3965.512939453125
1652475715,D,Accelerometer,0.0
1652475715,D,Light,0.0
1652475715,D,MIC,2.0
1652475715,D,RSSI,62.0
1652475717,E,Temperature,22.364999771118164
1652475717,E,Humidity,40.56900024414063
1652475717,E,Pressure,101661.0
1652475717,E,Gas,4210.76708984375
1652475717,E,Accelerometer,0.0
1652475717,E,Light,1.0
1652475717,E,MIC,3.0
1652475717,E,RSSI,68.0
1652475719,F,Temperature,23.645000457763672
1652475719,F,Humidity,37.25699996948242
1652475719,F,Pressure,101702.0
1652475719,F,Gas,3047.9599609375
1652475719,F,Accelerometer,0.0
1652475719,F,Light,0.0
1652475719,F,MIC,3.0
1652475719,F,RSSI,85.0
1652475721,C,Temperature,23.03499984741211
1652475721,C,Humidity,40.29700088500977
1652475721,C,Pressure,101685.0
1652475721,C,Gas,1411.4119873046875
1652475721,C,Accelerometer,0.0
1652475721,C,Light,0.0
1652475721,C,MIC,3.0
1652475721,C,RSSI,76.0
1652475722,B,Temperature,23.545000076293945
1652475722,B,Humidity,40.18299865722656
1652475722,B,Pressure,101626.0
1652475722,B,Gas,4510.59521484375
1652475722,B,Accelerometer,0.0
1652475722,B,Light,0.0
1652475722,B,MIC,3.0
1652475722,B,RSSI,93.0
1652475723,A,Temperature,23.47500038146973
1652475723,A,Humidity,38.94900131225586
1652475723,A,Pressure,101659.0
1652475723,A,Gas,1345.623046875
1652475723,A,Accelerometer,0.0
1652475723,A,Light,0.0
1652475723,A,MIC,1.0
1652475723,A,RSSI,79.0
1652475724,H,Temperature,23.104999542236328
1652475724,H,Humidity,38.77799987792969
1652475724,H,Pressure,101681.0
1652475724,H,Gas,4059.199951171875
1652475724,H,Accelerometer,0.0
1652475724,H,Light,2.0
1652475724,H,MIC,3.0
1652475724,H,RSSI,88.0
1652475725,D,Temperature,23.34499931335449
1652475725,D,Humidity,38.31900024414063
1652475725,D,Pressure,101689.0
1652475725,D,Gas,3944.87109375
1652475725,D,Accelerometer,0.0
1652475725,D,Light,1.0
1652475725,D,MIC,3.0
1652475725,D,RSSI,62.0
1652475727,E,Temperature,22.364999771118164
1652475727,E,Humidity,40.55699920654297
1652475727,E,Pressure,101661.0
1652475727,E,Gas,4215.837890625
1652475727,E,Accelerometer,0.0
1652475727,E,Light,1.0
1652475727,E,MIC,3.0
1652475727,E,RSSI,68.0
1652475729,F,Temperature,23.645000457763672
1652475729,F,Humidity,37.28799819946289
1652475729,F,Pressure,101700.0
1652475729,F,Gas,3038.59912109375
1652475729,F,Accelerometer,0.0
1652475729,F,Light,0.0
1652475729,F,MIC,3.0
1652475729,F,RSSI,93.0
1652475731,C,Temperature,23.045000076293945
1652475731,C,Humidity,40.29399871826172
1652475731,C,Pressure,101679.0
1652475731,C,Gas,1403.2020263671875
1652475731,C,Accelerometer,0.0
1652475731,C,Light,0.0
1652475731,C,MIC,3.0
1652475731,C,RSSI,74.0
1652475733,B,Temperature,23.55500030517578
1652475733,B,Humidity,40.150001525878906
1652475733,B,Pressure,101626.0
1652475733,B,Gas,4520.90283203125
1652475733,B,Accelerometer,0.0
1652475733,B,Light,0.0
1652475733,B,MIC,3.0
1652475733,B,RSSI,93.0
1652475733,A,Temperature,23.46500015258789
1652475733,A,Humidity,38.97000122070313
1652475733,A,Pressure,101661.0
1652475733,A,Gas,1343.1259765625
1652475733,A,Accelerometer,0.0
1652475733,A,Light,0.0
1652475733,A,MIC,1.0
1652475733,A,RSSI,79.0
1652475734,H,Temperature,23.104999542236328
1652475734,H,Humidity,38.77799987792969
1652475734,H,Pressure,101681.0
1652475734,H,Gas,4040.700927734375
1652475734,H,Accelerometer,0.0
1652475734,H,Light,2.0
1652475734,H,MIC,3.0
1652475734,H,RSSI,88.0
1652475735,D,Temperature,23.34499931335449
1652475735,D,Humidity,38.3380012512207
1652475735,D,Pressure,101691.0
1652475735,D,Gas,3952.864013671875
1652475735,D,Accelerometer,0.0
1652475735,D,Light,0.0
1652475735,D,MIC,3.0
1652475735,D,RSSI,62.0
1652475737,E,Temperature,22.364999771118164
1652475737,E,Humidity,40.61600112915039
1652475737,E,Pressure,101661.0
1652475737,E,Gas,4212.59912109375
1652475737,E,Accelerometer,0.0
1652475737,E,Light,1.0
1652475737,E,MIC,3.0
1652475737,E,RSSI,68.0
1652475739,F,Temperature,23.645000457763672
1652475739,F,Humidity,37.28300094604492
1652475739,F,Pressure,101700.0
1652475739,F,Gas,3056.93798828125
1652475739,F,Accelerometer,0.0
1652475739,F,Light,0.0
1652475739,F,MIC,3.0
1652475739,F,RSSI,93.0
1652475741,C,Temperature,23.065000534057614
1652475741,C,Humidity,40.26100158691406
1652475741,C,Pressure,101681.0
1652475741,C,Gas,1398.718994140625
1652475741,C,Accelerometer,0.0
1652475741,C,Light,0.0
1652475741,C,MIC,3.0
1652475741,C,RSSI,74.0
1652475743,B,Temperature,23.545000076293945
1652475743,B,Humidity,40.180999755859375
1652475743,B,Pressure,101626.0
1652475743,B,Gas,4525.2861328125
1652475743,B,Accelerometer,0.0
1652475743,B,Light,0.0
1652475743,B,MIC,3.0
1652475743,B,RSSI,93.0
1652475743,H,Temperature,23.104999542236328
1652475743,H,Humidity,38.805999755859375
1652475743,H,Pressure,101683.0
1652475743,H,Gas,4025.467041015625
1652475743,H,Accelerometer,0.0
1652475743,H,Light,2.0
1652475743,H,MIC,3.0
1652475743,H,RSSI,82.0
1652475744,A,Temperature,23.46500015258789
1652475744,A,Humidity,38.98400115966797
1652475744,A,Pressure,101659.0
1652475744,A,Gas,1349.91796875
1652475744,A,Accelerometer,0.0
1652475744,A,Light,0.0
1652475744,A,MIC,1.0
1652475744,A,RSSI,81.0
1652475745,D,Temperature,23.34499931335449
1652475745,D,Humidity,38.34000015258789
1652475745,D,Pressure,101689.0
1652475745,D,Gas,3957.1650390625
1652475745,D,Accelerometer,0.0
1652475745,D,Light,1.0
1652475745,D,MIC,3.0
1652475745,D,RSSI,62.0
1652475747,E,Temperature,22.364999771118164
1652475747,E,Humidity,40.62099838256836
1652475747,E,Pressure,101663.0
1652475747,E,Gas,4203.1728515625
1652475747,E,Accelerometer,0.0
1652475747,E,Light,1.0
1652475747,E,MIC,3.0
1652475747,E,RSSI,68.0
1652475749,F,Temperature,23.63500022888184
1652475749,F,Humidity,37.29399871826172
1652475749,F,Pressure,101700.0
1652475749,F,Gas,3049.094970703125
1652475749,F,Accelerometer,0.0
1652475749,F,Light,0.0
1652475749,F,MIC,3.0
1652475749,F,RSSI,93.0
1652475751,C,Temperature,23.065000534057614
1652475751,C,Humidity,40.249000549316406
1652475751,C,Pressure,101685.0
1652475751,C,Gas,1379.16796875
1652475751,C,Accelerometer,0.0
1652475751,C,Light,0.0
1652475751,C,MIC,3.0
1652475751,C,RSSI,74.0
1652475752,B,Temperature,23.545000076293945
1652475752,B,Humidity,40.185001373291016
1652475752,B,Pressure,101624.0
1652475752,B,Gas,4522.39111328125
1652475752,B,Accelerometer,0.0
1652475752,B,Light,0.0
1652475752,B,MIC,3.0
1652475752,B,RSSI,93.0
1652475753,A,Temperature,23.46500015258789
1652475753,A,Humidity,39.016998291015625
1652475753,A,Pressure,101661.0
1652475753,A,Gas,1350.720947265625
1652475753,A,Accelerometer,0.0
1652475753,A,Light,0.0
1652475753,A,MIC,1.0
1652475753,A,RSSI,81.0
1652475754,H,Temperature,23.104999542236328
1652475754,H,Humidity,38.79100036621094
1652475754,H,Pressure,101685.0
1652475754,H,Gas,4030.8310546875
1652475754,H,Accelerometer,0.0
1652475754,H,Light,2.0
1652475754,H,MIC,3.0
1652475754,H,RSSI,82.0
1652475755,D,Temperature,23.34499931335449
1652475755,D,Humidity,38.34099960327149
1652475755,D,Pressure,101691.0
1652475755,D,Gas,3948.44189453125
1652475755,D,Accelerometer,0.0
1652475755,D,Light,0.0
1652475755,D,MIC,3.0
1652475755,D,RSSI,53.0
1652475757,E,Temperature,22.354999542236328
1652475757,E,Humidity,40.60699844360352
1652475757,E,Pressure,101663.0
1652475757,E,Gas,4199.02099609375
1652475757,E,Accelerometer,0.0
1652475757,E,Light,1.0
1652475757,E,MIC,3.0
1652475757,E,RSSI,61.0
1652475759,F,Temperature,23.645000457763672
1652475759,F,Humidity,37.262001037597656
1652475759,F,Pressure,101700.0
1652475759,F,Gas,3052.77001953125
1652475759,F,Accelerometer,0.0
1652475759,F,Light,0.0
1652475759,F,MIC,3.0
1652475759,F,RSSI,93.0
1652475761,C,Temperature,23.07500076293945
1652475761,C,Humidity,40.24100112915039
1652475761,C,Pressure,101683.0
1652475761,C,Gas,1387.7139892578125
1652475761,C,Accelerometer,0.0
1652475761,C,Light,0.0
1652475761,C,MIC,3.0
1652475761,C,RSSI,74.0
1652475762,B,Temperature,23.545000076293945
1652475762,B,Humidity,40.18899917602539
1652475762,B,Pressure,101626.0
1652475762,B,Gas,4537.5751953125
1652475762,B,Accelerometer,0.0
1652475762,B,Light,0.0
1652475762,B,MIC,3.0
1652475762,B,RSSI,93.0
1652475763,A,Temperature,23.46500015258789
1652475763,A,Humidity,39.0099983215332
1652475763,A,Pressure,101661.0
1652475763,A,Gas,1333.47802734375
1652475763,A,Accelerometer,0.0
1652475763,A,Light,0.0
1652475763,A,MIC,1.0
1652475763,A,RSSI,81.0
1652475763,H,Temperature,23.09499931335449
1652475763,H,Humidity,38.80400085449219
1652475763,H,Pressure,101685.0
1652475763,H,Gas,4039.361083984375
1652475763,H,Accelerometer,0.0
1652475763,H,Light,2.0
1652475763,H,MIC,3.0
1652475763,H,RSSI,82.0
1652475765,D,Temperature,23.34499931335449
1652475765,D,Humidity,38.33200073242188
1652475765,D,Pressure,101691.0
1652475765,D,Gas,3957.237060546875
1652475765,D,Accelerometer,0.0
1652475765,D,Light,1.0
1652475765,D,MIC,3.0
1652475765,D,RSSI,53.0
1652475767,E,Temperature,22.354999542236328
1652475767,E,Humidity,40.60100173950195
1652475767,E,Pressure,101661.0
1652475767,E,Gas,4200.68701171875
1652475767,E,Accelerometer,0.0
1652475767,E,Light,1.0
1652475767,E,MIC,3.0
1652475767,E,RSSI,61.0
1652475769,F,Temperature,23.645000457763672
1652475769,F,Humidity,37.2760009765625
1652475769,F,Pressure,101700.0
1652475769,F,Gas,3033.72802734375
1652475769,F,Accelerometer,0.0
1652475769,F,Light,0.0
1652475769,F,MIC,3.0
1652475769,F,RSSI,93.0
1652475771,C,Temperature,23.09499931335449
1652475771,C,Humidity,40.20100021362305
1652475771,C,Pressure,101685.0
1652475771,C,Gas,1384.7969970703125
1652475771,C,Accelerometer,0.0
1652475771,C,Light,0.0
1652475771,C,MIC,3.0
1652475771,C,RSSI,74.0
1652475773,H,Temperature,23.104999542236328
1652475773,H,Humidity,38.79600143432617
1652475773,H,Pressure,101685.0
1652475773,H,Gas,4022.694091796875
1652475773,H,Accelerometer,0.0
1652475773,H,Light,2.0
1652475773,H,MIC,3.0
1652475773,H,RSSI,82.0
1652475774,A,Temperature,23.45499992370605
1652475774,A,Humidity,39.01100158691406
1652475774,A,Pressure,101661.0
1652475774,A,Gas,1338.0450439453125
1652475774,A,Accelerometer,0.0
1652475774,A,Light,0.0
1652475774,A,MIC,1.0
1652475774,A,RSSI,81.0
1652475774,B,Temperature,23.53499984741211
1652475774,B,Humidity,40.21500015258789
1652475774,B,Pressure,101626.0
1652475774,B,Gas,4544.837890625
1652475774,B,Accelerometer,0.0
1652475774,B,Light,0.0
1652475774,B,MIC,3.0
1652475774,B,RSSI,89.0
1652475775,D,Temperature,23.334999084472656
1652475775,D,Humidity,38.35200119018555
1652475775,D,Pressure,101689.0
1652475775,D,Gas,3953.10791015625
1652475775,D,Accelerometer,0.0
1652475775,D,Light,0.0
1652475775,D,MIC,2.0
1652475775,D,RSSI,53.0
1652475777,E,Temperature,22.354999542236328
1652475777,E,Humidity,40.60900115966797
1652475777,E,Pressure,101663.0
1652475777,E,Gas,4197.64794921875
1652475777,E,Accelerometer,0.0
1652475777,E,Light,1.0
1652475777,E,MIC,3.0
1652475777,E,RSSI,61.0
1652475779,F,Temperature,23.645000457763672
1652475779,F,Humidity,37.27999877929688
1652475779,F,Pressure,101700.0
1652475779,F,Gas,3036.1689453125
1652475779,F,Accelerometer,0.0
1652475779,F,Light,0.0
1652475779,F,MIC,3.0
1652475779,F,RSSI,93.0
1652475781,C,Temperature,23.09499931335449
1652475781,C,Humidity,40.183998107910156
1652475781,C,Pressure,101685.0
1652475781,C,Gas,1371.41796875
1652475781,C,Accelerometer,0.0
1652475781,C,Light,0.0
1652475781,C,MIC,3.0
1652475781,C,RSSI,82.0
1652475783,B,Temperature,23.545000076293945
1652475783,B,Humidity,40.26100158691406
1652475783,B,Pressure,101624.0
1652475783,B,Gas,4540.99609375
1652475783,B,Accelerometer,0.0
1652475783,B,Light,0.0
1652475783,B,MIC,3.0
1652475783,B,RSSI,89.0
1652475784,A,Temperature,23.46500015258789
1652475784,A,Humidity,38.992000579833984
1652475784,A,Pressure,101663.0
1652475784,A,Gas,1335.741943359375
1652475784,A,Accelerometer,0.0
1652475784,A,Light,0.0
1652475784,A,MIC,1.0
1652475784,A,RSSI,81.0
1652475784,H,Temperature,23.104999542236328
1652475784,H,Humidity,38.79399871826172
1652475784,H,Pressure,101685.0
1652475784,H,Gas,4006.74609375
1652475784,H,Accelerometer,0.0
1652475784,H,Light,2.0
1652475784,H,MIC,3.0
1652475784,H,RSSI,82.0
1652475785,D,Temperature,23.334999084472656
1652475785,D,Humidity,38.34099960327149
1652475785,D,Pressure,101693.0
1652475785,D,Gas,3950.1630859375
1652475785,D,Accelerometer,0.0
1652475785,D,Light,0.0
1652475785,D,MIC,2.0
1652475785,D,RSSI,53.0
1652475787,E,Temperature,22.364999771118164
1652475787,E,Humidity,40.57899856567383
1652475787,E,Pressure,101663.0
1652475787,E,Gas,4195.4619140625
1652475787,E,Accelerometer,0.0
1652475787,E,Light,1.0
1652475787,E,MIC,3.0
1652475787,E,RSSI,61.0
1652475789,F,Temperature,23.645000457763672
1652475789,F,Humidity,37.27000045776367
1652475789,F,Pressure,101702.0
1652475789,F,Gas,3025.19189453125
1652475789,F,Accelerometer,0.0
1652475789,F,Light,0.0
1652475789,F,MIC,3.0
1652475789,F,RSSI,88.0
1652475792,C,Temperature,23.104999542236328
1652475792,C,Humidity,40.20899963378906
1652475792,C,Pressure,101681.0
1652475792,C,Gas,1350.9969482421875
1652475792,C,Accelerometer,0.0
1652475792,C,Light,0.0
1652475792,C,MIC,3.0
1652475792,C,RSSI,82.0
1652475792,B,Temperature,23.53499984741211
1652475792,B,Humidity,40.29600143432617
1652475792,B,Pressure,101626.0
1652475792,B,Gas,4523.78076171875
1652475792,B,Accelerometer,0.0
1652475792,B,Light,0.0
1652475792,B,MIC,3.0
1652475792,B,RSSI,89.0
1652475793,H,Temperature,23.09499931335449
1652475793,H,Humidity,38.823001861572266
1652475793,H,Pressure,101683.0
1652475793,H,Gas,4009.39208984375
1652475793,H,Accelerometer,0.0
1652475793,H,Light,2.0
1652475793,H,MIC,3.0
1652475793,H,RSSI,87.0
1652475794,A,Temperature,23.46500015258789
1652475794,A,Humidity,38.97600173950195
1652475794,A,Pressure,101661.0
1652475794,A,Gas,1335.4100341796875
1652475794,A,Accelerometer,0.0
1652475794,A,Light,0.0
1652475794,A,MIC,1.0
1652475794,A,RSSI,81.0
1652475795,D,Temperature,23.32500076293945
1652475795,D,Humidity,38.37200164794922
1652475795,D,Pressure,101689.0
1652475795,D,Gas,3955.79296875
1652475795,D,Accelerometer,0.0
1652475795,D,Light,0.0
1652475795,D,MIC,2.0
1652475795,D,RSSI,53.0
1652475797,E,Temperature,22.354999542236328
1652475797,E,Humidity,40.61000061035156
1652475797,E,Pressure,101663.0
1652475797,E,Gas,4199.884765625
1652475797,E,Accelerometer,0.0
1652475797,E,Light,1.0
1652475797,E,MIC,3.0
1652475797,E,RSSI,61.0
1652475799,F,Temperature,23.645000457763672
1652475799,F,Humidity,37.28400039672852
1652475799,F,Pressure,101700.0
1652475799,F,Gas,3036.778076171875
1652475799,F,Accelerometer,0.0
1652475799,F,Light,0.0
1652475799,F,MIC,3.0
1652475799,F,RSSI,88.0
1652475803,B,Temperature,23.53499984741211
1652475803,B,Humidity,40.33399963378906
1652475803,B,Pressure,101626.0
1652475803,B,Gas,4499.0322265625
1652475803,B,Accelerometer,0.0
1652475803,B,Light,0.0
1652475803,B,MIC,3.0
1652475803,B,RSSI,89.0
1652475803,A,Temperature,23.46500015258789
1652475803,A,Humidity,38.99100112915039
1652475803,A,Pressure,101661.0
1652475803,A,Gas,1349.2760009765625
1652475803,A,Accelerometer,0.0
1652475803,A,Light,0.0
1652475803,A,MIC,1.0
1652475803,A,RSSI,78.0
1652475804,H,Temperature,23.09499931335449
1652475804,H,Humidity,38.81499862670898
1652475804,H,Pressure,101685.0
1652475804,H,Gas,3991.4189453125
1652475804,H,Accelerometer,0.0
1652475804,H,Light,2.0
1652475804,H,MIC,3.0
1652475804,H,RSSI,87.0
1652475804,C,Temperature,23.114999771118164
1652475804,C,Humidity,40.17300033569336
1652475804,C,Pressure,101681.0
1652475804,C,Gas,1349.93994140625
1652475804,C,Accelerometer,0.0
1652475804,C,Light,0.0
1652475804,C,MIC,3.0
1652475804,C,RSSI,82.0
1652475805,D,Temperature,23.32500076293945
1652475805,D,Humidity,38.36899948120117
1652475805,D,Pressure,101689.0
1652475805,D,Gas,3947.51708984375
1652475805,D,Accelerometer,0.0
1652475805,D,Light,1.0
1652475805,D,MIC,2.0
1652475805,D,RSSI,60.0
1652475807,E,Temperature,22.364999771118164
1652475807,E,Humidity,40.604000091552734
1652475807,E,Pressure,101661.0
1652475807,E,Gas,4199.18115234375
1652475807,E,Accelerometer,0.0
1652475807,E,Light,1.0
1652475807,E,MIC,3.0
1652475807,E,RSSI,70.0
1652475810,F,Temperature,23.63500022888184
1652475810,F,Humidity,37.30699920654297
1652475810,F,Pressure,101700.0
1652475810,F,Gas,3041.60498046875
1652475810,F,Accelerometer,0.0
1652475810,F,Light,0.0
1652475810,F,MIC,3.0
1652475810,F,RSSI,88.0
1652475811,C,Temperature,23.125
1652475811,C,Humidity,40.15399932861328
1652475811,C,Pressure,101679.0
1652475811,C,Gas,1338.925048828125
1652475811,C,Accelerometer,0.0
1652475811,C,Light,1.0
1652475811,C,MIC,3.0
1652475811,C,RSSI,82.0
1652475813,A,Temperature,23.46500015258789
1652475813,A,Humidity,39.00600051879883
1652475813,A,Pressure,101661.0
1652475813,A,Gas,1345.008056640625
1652475813,A,Accelerometer,0.0
1652475813,A,Light,0.0
1652475813,A,MIC,1.0
1652475813,A,RSSI,78.0
1652475813,H,Temperature,23.09499931335449
1652475813,H,Humidity,38.82699966430664
1652475813,H,Pressure,101687.0
1652475813,H,Gas,3974.430908203125
1652475813,H,Accelerometer,0.0
1652475813,H,Light,2.0
1652475813,H,MIC,3.0
1652475813,H,RSSI,87.0
1652475815,D,Temperature,23.32500076293945
1652475815,D,Humidity,38.36000061035156
1652475815,D,Pressure,101689.0
1652475815,D,Gas,3948.862060546875
1652475815,D,Accelerometer,0.0
1652475815,D,Light,1.0
1652475815,D,MIC,2.0
1652475815,D,RSSI,60.0
1652475817,E,Temperature,22.354999542236328
1652475817,E,Humidity,40.52000045776367
1652475817,E,Pressure,101663.0
1652475817,E,Gas,4215.826171875
1652475817,E,Accelerometer,0.0
1652475817,E,Light,1.0
1652475817,E,MIC,3.0
1652475817,E,RSSI,70.0
1652475818,B,Temperature,23.53499984741211
1652475818,B,Humidity,40.33100128173828
1652475818,B,Pressure,101626.0
1652475818,B,Gas,4476.5029296875
1652475818,B,Accelerometer,0.0
1652475818,B,Light,0.0
1652475818,B,MIC,3.0
1652475818,B,RSSI,89.0
1652475819,F,Temperature,23.63500022888184
1652475819,F,Humidity,37.290000915527344
1652475819,F,Pressure,101702.0
1652475819,F,Gas,3037.741943359375
1652475819,F,Accelerometer,0.0
1652475819,F,Light,0.0
1652475819,F,MIC,3.0
1652475819,F,RSSI,88.0
1652475821,C,Temperature,23.114999771118164
1652475821,C,Humidity,40.18999862670898
1652475821,C,Pressure,101683.0
1652475821,C,Gas,1329.3260498046875
1652475821,C,Accelerometer,0.0
1652475821,C,Light,0.0
1652475821,C,MIC,3.0
1652475821,C,RSSI,82.0
1652475822,B,Temperature,23.524999618530273
1652475822,B,Humidity,40.347999572753906
1652475822,B,Pressure,101628.0
1652475822,B,Gas,4455.89892578125
1652475822,B,Accelerometer,0.0
1652475822,B,Light,0.0
1652475822,B,MIC,3.0
1652475822,B,RSSI,94.0
1652475823,A,Temperature,23.45499992370605
1652475823,A,Humidity,39.02299880981445
1652475823,A,Pressure,101663.0
1652475823,A,Gas,1343.208984375
1652475823,A,Accelerometer,0.0
1652475823,A,Light,0.0
1652475823,A,MIC,1.0
1652475823,A,RSSI,78.0
1652475824,H,Temperature,23.09499931335449
1652475824,H,Humidity,38.81999969482422
1652475824,H,Pressure,101685.0
1652475824,H,Gas,3989.8359375
1652475824,H,Accelerometer,0.0
1652475824,H,Light,2.0
1652475824,H,MIC,3.0
1652475824,H,RSSI,87.0
1652475825,D,Temperature,23.32500076293945
1652475825,D,Humidity,38.39500045776367
1652475825,D,Pressure,101691.0
1652475825,D,Gas,3954.325927734375
1652475825,D,Accelerometer,0.0
1652475825,D,Light,1.0
1652475825,D,MIC,2.0
1652475825,D,RSSI,60.0
1652475827,E,Temperature,22.354999542236328
1652475827,E,Humidity,40.46099853515625
1652475827,E,Pressure,101667.0
1652475827,E,Gas,4243.27685546875
1652475827,E,Accelerometer,0.0
1652475827,E,Light,1.0
1652475827,E,MIC,3.0
1652475827,E,RSSI,70.0
1652475829,F,Temperature,23.63500022888184
1652475829,F,Humidity,37.31700134277344
1652475829,F,Pressure,101700.0
1652475829,F,Gas,3027.8330078125
1652475829,F,Accelerometer,0.0
1652475829,F,Light,0.0
1652475829,F,MIC,3.0
1652475829,F,RSSI,91.0
1652475831,C,Temperature,23.13500022888184
1652475831,C,Humidity,40.1609992980957
1652475831,C,Pressure,101683.0
1652475831,C,Gas,1329.9410400390625
1652475831,C,Accelerometer,0.0
1652475831,C,Light,0.0
1652475831,C,MIC,3.0
1652475831,C,RSSI,78.0
1652475833,B,Temperature,23.524999618530273
1652475833,B,Humidity,40.36000061035156
1652475833,B,Pressure,101628.0
1652475833,B,Gas,4446.73876953125
1652475833,B,Accelerometer,0.0
1652475833,B,Light,0.0
1652475833,B,MIC,3.0
1652475833,B,RSSI,94.0
1652475833,A,Temperature,23.46500015258789
1652475833,A,Humidity,38.99499893188477
1652475833,A,Pressure,101661.0
1652475833,A,Gas,1340.1090087890625
1652475833,A,Accelerometer,0.0
1652475833,A,Light,0.0
1652475833,A,MIC,1.0
1652475833,A,RSSI,78.0
1652475834,H,Temperature,23.09499931335449
1652475834,H,Humidity,38.808998107910156
1652475834,H,Pressure,101687.0
1652475834,H,Gas,3988.761962890625
1652475834,H,Accelerometer,0.0
1652475834,H,Light,2.0
1652475834,H,MIC,3.0
1652475834,H,RSSI,82.0
1652475835,D,Temperature,23.32500076293945
1652475835,D,Humidity,38.38999938964844
1652475835,D,Pressure,101689.0
1652475835,D,Gas,3950.909912109375
1652475835,D,Accelerometer,0.0
1652475835,D,Light,1.0
1652475835,D,MIC,3.0
1652475835,D,RSSI,60.0
1652475837,E,Temperature,22.354999542236328
1652475837,E,Humidity,40.42100143432617
1652475837,E,Pressure,101665.0
1652475837,E,Gas,4278.01220703125
1652475837,E,Accelerometer,0.0
1652475837,E,Light,1.0
1652475837,E,MIC,3.0
1652475837,E,RSSI,70.0
1652475839,F,Temperature,23.63500022888184
1652475839,F,Humidity,37.30400085449219
1652475839,F,Pressure,101702.0
1652475839,F,Gas,3028.6298828125
1652475839,F,Accelerometer,0.0
1652475839,F,Light,0.0
1652475839,F,MIC,3.0
1652475839,F,RSSI,91.0
1652475841,C,Temperature,23.13500022888184
1652475841,C,Humidity,40.14899826049805
1652475841,C,Pressure,101679.0
1652475841,C,Gas,1322.406982421875
1652475841,C,Accelerometer,0.0
1652475841,C,Light,0.0
1652475841,C,MIC,3.0
1652475841,C,RSSI,78.0
1652475842,B,Temperature,23.53499984741211
1652475842,B,Humidity,40.32600021362305
1652475842,B,Pressure,101628.0
1652475842,B,Gas,4446.27880859375
1652475842,B,Accelerometer,0.0
1652475842,B,Light,0.0
1652475842,B,MIC,3.0
1652475842,B,RSSI,94.0
1652475843,A,Temperature,23.45499992370605
1652475843,A,Humidity,39.02899932861328
1652475843,A,Pressure,101661.0
1652475843,A,Gas,1346.197998046875
1652475843,A,Accelerometer,0.0
1652475843,A,Light,0.0
1652475843,A,MIC,1.0
1652475843,A,RSSI,78.0
1652475844,H,Temperature,23.09499931335449
1652475844,H,Humidity,38.80799865722656
1652475844,H,Pressure,101685.0
1652475844,H,Gas,4024.194091796875
1652475844,H,Accelerometer,0.0
1652475844,H,Light,2.0
1652475844,H,MIC,3.0
1652475844,H,RSSI,82.0
1652475846,D,Temperature,23.32500076293945
1652475846,D,Humidity,38.39099884033203
1652475846,D,Pressure,101689.0
1652475846,D,Gas,3957.635986328125
1652475846,D,Accelerometer,0.0
1652475846,D,Light,1.0
1652475846,D,MIC,3.0
1652475846,D,RSSI,60.0
1652475847,E,Temperature,22.34499931335449
1652475847,E,Humidity,40.39799880981445
1652475847,E,Pressure,101663.0
1652475847,E,Gas,4323.8671875
1652475847,E,Accelerometer,0.0
1652475847,E,Light,1.0
1652475847,E,MIC,3.0
1652475847,E,RSSI,70.0
1652475851,F,Temperature,23.645000457763672
1652475851,F,Humidity,37.290000915527344
1652475851,F,Pressure,101700.0
1652475851,F,Gas,3029.654052734375
1652475851,F,Accelerometer,0.0
1652475851,F,Light,0.0
1652475851,F,MIC,3.0
1652475851,F,RSSI,91.0
1652475851,C,Temperature,23.145000457763672
1652475851,C,Humidity,40.11199951171875
1652475851,C,Pressure,101681.0
1652475851,C,Gas,1325.7889404296875
1652475851,C,Accelerometer,0.0
1652475851,C,Light,0.0
1652475851,C,MIC,3.0
1652475851,C,RSSI,78.0
1652475852,B,Temperature,23.53499984741211
1652475852,B,Humidity,40.33000183105469
1652475852,B,Pressure,101626.0
1652475852,B,Gas,4433.48095703125
1652475852,B,Accelerometer,0.0
1652475852,B,Light,0.0
1652475852,B,MIC,3.0
1652475852,B,RSSI,94.0
1652475854,H,Temperature,23.09499931335449
1652475854,H,Humidity,38.8129997253418
1652475854,H,Pressure,101685.0
1652475854,H,Gas,4031.251953125
1652475854,H,Accelerometer,0.0
1652475854,H,Light,2.0
1652475854,H,MIC,3.0
1652475854,H,RSSI,82.0
1652475854,A,Temperature,23.45499992370605
1652475854,A,Humidity,39.02399826049805
1652475854,A,Pressure,101661.0
1652475854,A,Gas,1341.343994140625
1652475854,A,Accelerometer,0.0
1652475854,A,Light,0.0
1652475854,A,MIC,1.0
1652475854,A,RSSI,80.0
1652475855,D,Temperature,23.30500030517578
1652475855,D,Humidity,38.42599868774414
1652475855,D,Pressure,101689.0
1652475855,D,Gas,3938.471923828125
1652475855,D,Accelerometer,0.0
1652475855,D,Light,1.0
1652475855,D,MIC,3.0
1652475855,D,RSSI,59.0
1652475857,E,Temperature,22.34499931335449
1652475857,E,Humidity,40.41799926757813
1652475857,E,Pressure,101661.0
1652475857,E,Gas,4361.7470703125
1652475857,E,Accelerometer,0.0
1652475857,E,Light,1.0
1652475857,E,MIC,3.0
1652475857,E,RSSI,73.0
1652475861,F,Temperature,23.63500022888184
1652475861,F,Humidity,37.29600143432617
1652475861,F,Pressure,101700.0
1652475861,F,Gas,3025.27001953125
1652475861,F,Accelerometer,0.0
1652475861,F,Light,0.0
1652475861,F,MIC,3.0
1652475861,F,RSSI,91.0
1652475862,C,Temperature,23.145000457763672
1652475862,C,Humidity,40.124000549316406
1652475862,C,Pressure,101679.0
1652475862,C,Gas,1335.6199951171875
1652475862,C,Accelerometer,0.0
1652475862,C,Light,0.0
1652475862,C,MIC,3.0
1652475862,C,RSSI,78.0
1652475863,B,Temperature,23.53499984741211
1652475863,B,Humidity,40.3390007019043
1652475863,B,Pressure,101628.0
1652475863,B,Gas,4420.60498046875
1652475863,B,Accelerometer,0.0
1652475863,B,Light,0.0
1652475863,B,MIC,3.0
1652475863,B,RSSI,94.0
1652475863,A,Temperature,23.46500015258789
1652475863,A,Humidity,38.983001708984375
1652475863,A,Pressure,101661.0
1652475863,A,Gas,1349.4639892578125
1652475863,A,Accelerometer,0.0
1652475863,A,Light,0.0
1652475863,A,MIC,1.0
1652475863,A,RSSI,80.0
1652475864,H,Temperature,23.09499931335449
1652475864,H,Humidity,38.80799865722656
1652475864,H,Pressure,101683.0
1652475864,H,Gas,4051.948974609375
1652475864,H,Accelerometer,0.0
1652475864,H,Light,2.0
1652475864,H,MIC,3.0
1652475864,H,RSSI,82.0
1652475866,D,Temperature,23.30500030517578
1652475866,D,Humidity,38.41999816894531
1652475866,D,Pressure,101687.0
1652475866,D,Gas,3941.528076171875
1652475866,D,Accelerometer,0.0
1652475866,D,Light,1.0
1652475866,D,MIC,3.0
1652475866,D,RSSI,59.0
1652475867,E,Temperature,22.34499931335449
1652475867,E,Humidity,40.4900016784668
1652475867,E,Pressure,101663.0
1652475867,E,Gas,4374.8828125
1652475867,E,Accelerometer,0.0
1652475867,E,Light,1.0
1652475867,E,MIC,3.0
1652475867,E,RSSI,73.0
1652475870,F,Temperature,23.63500022888184
1652475870,F,Humidity,37.3129997253418
1652475870,F,Pressure,101700.0
1652475870,F,Gas,3036.10888671875
1652475870,F,Accelerometer,0.0
1652475870,F,Light,0.0
1652475870,F,MIC,3.0
1652475870,F,RSSI,91.0
1652475871,C,Temperature,23.13500022888184
1652475871,C,Humidity,40.13000106811523
1652475871,C,Pressure,101681.0
1652475871,C,Gas,1319.10205078125
1652475871,C,Accelerometer,0.0
1652475871,C,Light,0.0
1652475871,C,MIC,3.0
1652475871,C,RSSI,78.0
1652475873,B,Temperature,23.524999618530273
1652475873,B,Humidity,40.37099838256836
1652475873,B,Pressure,101626.0
1652475873,B,Gas,4413.27685546875
1652475873,B,Accelerometer,0.0
1652475873,B,Light,0.0
1652475873,B,MIC,3.0
1652475873,B,RSSI,92.0
1652475874,H,Temperature,23.104999542236328
1652475874,H,Humidity,38.82099914550781
1652475874,H,Pressure,101683.0
1652475874,H,Gas,4072.44091796875
1652475874,H,Accelerometer,0.0
1652475874,H,Light,2.0
1652475874,H,MIC,3.0
1652475874,H,RSSI,82.0
1652475874,A,Temperature,23.46500015258789
1652475874,A,Humidity,38.95700073242188
1652475874,A,Pressure,101661.0
1652475874,A,Gas,1357.739990234375
1652475874,A,Accelerometer,0.0
1652475874,A,Light,0.0
1652475874,A,MIC,1.0
1652475874,A,RSSI,80.0
1652475876,D,Temperature,23.30500030517578
1652475876,D,Humidity,38.45500183105469
1652475876,D,Pressure,101689.0
1652475876,D,Gas,3944.89892578125
1652475876,D,Accelerometer,0.0
1652475876,D,Light,1.0
1652475876,D,MIC,3.0
1652475876,D,RSSI,59.0
1652475877,E,Temperature,22.34499931335449
1652475877,E,Humidity,40.59500122070313
1652475877,E,Pressure,101663.0
1652475877,E,Gas,4359.9482421875
1652475877,E,Accelerometer,0.0
1652475877,E,Light,1.0
1652475877,E,MIC,3.0
1652475877,E,RSSI,73.0
1652475880,F,Temperature,23.63500022888184
1652475880,F,Humidity,37.30799865722656
1652475880,F,Pressure,101700.0
1652475880,F,Gas,3038.637939453125
1652475880,F,Accelerometer,0.0
1652475880,F,Light,0.0
1652475880,F,MIC,3.0
1652475880,F,RSSI,85.0
1652475882,C,Temperature,23.104999542236328
1652475882,C,Humidity,40.16899871826172
1652475882,C,Pressure,101681.0
1652475882,C,Gas,1347.470947265625
1652475882,C,Accelerometer,0.0
1652475882,C,Light,0.0
1652475882,C,MIC,3.0
1652475882,C,RSSI,76.0
1652475883,B,Temperature,23.524999618530273
1652475883,B,Humidity,40.35900115966797
1652475883,B,Pressure,101628.0
1652475883,B,Gas,4385.466796875
1652475883,B,Accelerometer,0.0
1652475883,B,Light,0.0
1652475883,B,MIC,3.0
1652475883,B,RSSI,92.0
1652475883,A,Temperature,23.46500015258789
1652475883,A,Humidity,38.96699905395508
1652475883,A,Pressure,101659.0
1652475883,A,Gas,1362.6390380859375
1652475883,A,Accelerometer,0.0
1652475883,A,Light,0.0
1652475883,A,MIC,1.0
1652475883,A,RSSI,80.0
1652475884,H,Temperature,23.09499931335449
1652475884,H,Humidity,38.8120002746582
1652475884,H,Pressure,101683.0
1652475884,H,Gas,4084.287109375
1652475884,H,Accelerometer,0.0
1652475884,H,Light,2.0
1652475884,H,MIC,3.0
1652475884,H,RSSI,82.0
1652475886,D,Temperature,23.315000534057614
1652475886,D,Humidity,38.42399978637695
1652475886,D,Pressure,101691.0
1652475886,D,Gas,3931.491943359375
1652475886,D,Accelerometer,0.0
1652475886,D,Light,1.0
1652475886,D,MIC,3.0
1652475886,D,RSSI,59.0
1652475887,E,Temperature,22.334999084472656
1652475887,E,Humidity,40.62900161743164
1652475887,E,Pressure,101661.0
1652475887,E,Gas,4344.09423828125
1652475887,E,Accelerometer,0.0
1652475887,E,Light,1.0
1652475887,E,MIC,3.0
1652475887,E,RSSI,73.0
1652475889,F,Temperature,23.63500022888184
1652475889,F,Humidity,37.30099868774414
1652475889,F,Pressure,101700.0
1652475889,F,Gas,3022.535888671875
1652475889,F,Accelerometer,0.0
1652475889,F,Light,0.0
1652475889,F,MIC,3.0
1652475889,F,RSSI,85.0
1652475892,C,Temperature,23.09499931335449
1652475892,C,Humidity,40.19599914550781
1652475892,C,Pressure,101681.0
1652475892,C,Gas,1353.0340576171875
1652475892,C,Accelerometer,0.0
1652475892,C,Light,0.0
1652475892,C,MIC,3.0
1652475892,C,RSSI,76.0
1652475893,B,Temperature,23.524999618530273
1652475893,B,Humidity,40.35499954223633
1652475893,B,Pressure,101626.0
1652475893,B,Gas,4386.5517578125
1652475893,B,Accelerometer,0.0
1652475893,B,Light,0.0
1652475893,B,MIC,3.0
1652475893,B,RSSI,92.0
1652475894,A,Temperature,23.47500038146973
1652475894,A,Humidity,38.94300079345703
1652475894,A,Pressure,101659.0
1652475894,A,Gas,1365.865966796875
1652475894,A,Accelerometer,0.0
1652475894,A,Light,0.0
1652475894,A,MIC,1.0
1652475894,A,RSSI,74.0
1652475894,H,Temperature,23.09499931335449
1652475894,H,Humidity,38.84199905395508
1652475894,H,Pressure,101683.0
1652475894,H,Gas,4069.507080078125
1652475894,H,Accelerometer,0.0
1652475894,H,Light,2.0
1652475894,H,MIC,3.0
1652475894,H,RSSI,87.0
1652475895,D,Temperature,23.315000534057614
1652475895,D,Humidity,38.43299865722656
1652475895,D,Pressure,101691.0
1652475895,D,Gas,3931.137939453125
1652475895,D,Accelerometer,0.0
1652475895,D,Light,1.0
1652475895,D,MIC,3.0
1652475895,D,RSSI,59.0
1652475897,E,Temperature,22.334999084472656
1652475897,E,Humidity,40.67300033569336
1652475897,E,Pressure,101663.0
1652475897,E,Gas,4330.71484375
1652475897,E,Accelerometer,0.0
1652475897,E,Light,1.0
1652475897,E,MIC,3.0
1652475897,E,RSSI,73.0
1652475899,F,Temperature,23.63500022888184
1652475899,F,Humidity,37.30799865722656
1652475899,F,Pressure,101700.0
1652475899,F,Gas,3046.160888671875
1652475899,F,Accelerometer,0.0
1652475899,F,Light,0.0
1652475899,F,MIC,3.0
1652475899,F,RSSI,85.0
1652475901,C,Temperature,23.09499931335449
1652475901,C,Humidity,40.20600128173828
1652475901,C,Pressure,101681.0
1652475901,C,Gas,1358.177001953125
1652475901,C,Accelerometer,0.0
1652475901,C,Light,0.0
1652475901,C,MIC,3.0
1652475901,C,RSSI,76.0
1652475903,B,Temperature,23.53499984741211
1652475903,B,Humidity,40.28300094604492
1652475903,B,Pressure,101626.0
1652475903,B,Gas,4386.77294921875
1652475903,B,Accelerometer,0.0
1652475903,B,Light,0.0
1652475903,B,MIC,3.0
1652475903,B,RSSI,92.0
1652475904,A,Temperature,23.46500015258789
1652475904,A,Humidity,38.9739990234375
1652475904,A,Pressure,101659.0
1652475904,A,Gas,1359.843017578125
1652475904,A,Accelerometer,0.0
1652475904,A,Light,0.0
1652475904,A,MIC,1.0
1652475904,A,RSSI,74.0
1652475904,H,Temperature,23.084999084472656
1652475904,H,Humidity,38.875
1652475904,H,Pressure,101683.0
1652475904,H,Gas,4053.221923828125
1652475904,H,Accelerometer,0.0
1652475904,H,Light,2.0
1652475904,H,MIC,3.0
1652475904,H,RSSI,87.0
1652475906,D,Temperature,23.315000534057614
1652475906,D,Humidity,38.42200088500977
1652475906,D,Pressure,101691.0
1652475906,D,Gas,3935.139892578125
1652475906,D,Accelerometer,0.0
1652475906,D,Light,0.0
1652475906,D,MIC,3.0
1652475906,D,RSSI,53.0
1652475907,E,Temperature,22.34499931335449
1652475907,E,Humidity,40.58700180053711
1652475907,E,Pressure,101663.0
1652475907,E,Gas,4323.712890625
1652475907,E,Accelerometer,0.0
1652475907,E,Light,1.0
1652475907,E,MIC,3.0
1652475907,E,RSSI,70.0
1652475910,F,Temperature,23.63500022888184
1652475910,F,Humidity,37.290000915527344
1652475910,F,Pressure,101700.0
1652475910,F,Gas,3058.3720703125
1652475910,F,Accelerometer,0.0
1652475910,F,Light,0.0
1652475910,F,MIC,3.0
1652475910,F,RSSI,85.0
1652475912,C,Temperature,23.104999542236328
1652475912,C,Humidity,40.17499923706055
1652475912,C,Pressure,101679.0
1652475912,C,Gas,1362.7110595703125
1652475912,C,Accelerometer,0.0
1652475912,C,Light,0.0
1652475912,C,MIC,3.0
1652475912,C,RSSI,76.0
1652475913,B,Temperature,23.53499984741211
1652475913,B,Humidity,40.29199981689453
1652475913,B,Pressure,101628.0
1652475913,B,Gas,4401.93994140625
1652475913,B,Accelerometer,0.0
1652475913,B,Light,0.0
1652475913,B,MIC,3.0
1652475913,B,RSSI,92.0
1652475914,A,Temperature,23.46500015258789
1652475914,A,Humidity,38.98899841308594
1652475914,A,Pressure,101661.0
1652475914,A,Gas,1359.7320556640625
1652475914,A,Accelerometer,0.0
1652475914,A,Light,0.0
1652475914,A,MIC,1.0
1652475914,A,RSSI,74.0
1652475914,H,Temperature,23.084999084472656
1652475914,H,Humidity,38.86399841308594
1652475914,H,Pressure,101683.0
1652475914,H,Gas,4035.675048828125
1652475914,H,Accelerometer,0.0
1652475914,H,Light,2.0
1652475914,H,MIC,3.0
1652475914,H,RSSI,87.0
1652475916,D,Temperature,23.315000534057614
1652475916,D,Humidity,38.43199920654297
1652475916,D,Pressure,101689.0
1652475916,D,Gas,3939.595947265625
1652475916,D,Accelerometer,0.0
1652475916,D,Light,1.0
1652475916,D,MIC,3.0
1652475916,D,RSSI,53.0
1652475917,E,Temperature,22.34499931335449
1652475917,E,Humidity,40.55500030517578
1652475917,E,Pressure,101663.0
1652475917,E,Gas,4332.2041015625
1652475917,E,Accelerometer,0.0
1652475917,E,Light,1.0
1652475917,E,MIC,3.0
1652475917,E,RSSI,70.0
1652475919,F,Temperature,23.625
1652475919,F,Humidity,37.308998107910156
1652475919,F,Pressure,101698.0
1652475919,F,Gas,3041.64990234375
1652475919,F,Accelerometer,0.0
1652475919,F,Light,0.0
1652475919,F,MIC,3.0
1652475919,F,RSSI,85.0
1652475921,C,Temperature,23.125
1652475921,C,Humidity,40.117000579833984
1652475921,C,Pressure,101679.0
1652475921,C,Gas,1358.1109619140625
1652475921,C,Accelerometer,0.0
1652475921,C,Light,0.0
1652475921,C,MIC,3.0
1652475921,C,RSSI,76.0
1652475923,B,Temperature,23.524999618530273
1652475923,B,Humidity,40.30799865722656
1652475923,B,Pressure,101622.0
1652475923,B,Gas,4405.1669921875
1652475923,B,Accelerometer,0.0
1652475923,B,Light,0.0
1652475923,B,MIC,3.0
1652475923,B,RSSI,93.0
1652475924,A,Temperature,23.46500015258789
1652475924,A,Humidity,39.00500106811523
1652475924,A,Pressure,101661.0
1652475924,A,Gas,1348.31298828125
1652475924,A,Accelerometer,0.0
1652475924,A,Light,0.0
1652475924,A,MIC,1.0
1652475924,A,RSSI,74.0
1652475924,H,Temperature,23.084999084472656
1652475924,H,Humidity,38.84299850463867
1652475924,H,Pressure,101683.0
1652475924,H,Gas,4043.131103515625
1652475924,H,Accelerometer,0.0
1652475924,H,Light,2.0
1652475924,H,MIC,3.0
1652475924,H,RSSI,87.0
1652475926,D,Temperature,23.32500076293945
1652475926,D,Humidity,38.40499877929688
1652475926,D,Pressure,101689.0
1652475926,D,Gas,3933.8330078125
1652475926,D,Accelerometer,0.0
1652475926,D,Light,1.0
1652475926,D,MIC,3.0
1652475926,D,RSSI,53.0
1652475927,E,Temperature,22.34499931335449
1652475927,E,Humidity,40.59700012207031
1652475927,E,Pressure,101663.0
1652475927,E,Gas,4336.17822265625
1652475927,E,Accelerometer,0.0
1652475927,E,Light,1.0
1652475927,E,MIC,3.0
1652475927,E,RSSI,70.0
1652475932,F,Temperature,23.625
1652475932,F,Humidity,37.34600067138672
1652475932,F,Pressure,101700.0
1652475932,F,Gas,3046.847900390625
1652475932,F,Accelerometer,0.0
1652475932,F,Light,0.0
1652475932,F,MIC,3.0
1652475932,F,RSSI,92.0
1652475932,C,Temperature,23.125
1652475932,C,Humidity,40.13899993896485
1652475932,C,Pressure,101681.0
1652475932,C,Gas,1362.322998046875
1652475932,C,Accelerometer,0.0
1652475932,C,Light,0.0
1652475932,C,MIC,3.0
1652475932,C,RSSI,74.0
1652475933,B,Temperature,23.524999618530273
1652475933,B,Humidity,40.34000015258789
1652475933,B,Pressure,101626.0
1652475933,B,Gas,4398.740234375
1652475933,B,Accelerometer,0.0
1652475933,B,Light,0.0
1652475933,B,MIC,3.0
1652475933,B,RSSI,93.0
1652475934,A,Temperature,23.46500015258789
1652475934,A,Humidity,39.0
1652475934,A,Pressure,101663.0
1652475934,A,Gas,1354.5570068359375
1652475934,A,Accelerometer,0.0
1652475934,A,Light,0.0
1652475934,A,MIC,1.0
1652475934,A,RSSI,74.0
1652475934,H,Temperature,23.084999084472656
1652475934,H,Humidity,38.8380012512207
1652475934,H,Pressure,101683.0
1652475934,H,Gas,4039.919921875
1652475934,H,Accelerometer,0.0
1652475934,H,Light,2.0
1652475934,H,MIC,3.0
1652475934,H,RSSI,80.0
1652475936,D,Temperature,23.315000534057614
1652475936,D,Humidity,38.415000915527344
1652475936,D,Pressure,101691.0
1652475936,D,Gas,3932.361083984375
1652475936,D,Accelerometer,0.0
1652475936,D,Light,1.0
1652475936,D,MIC,3.0
1652475936,D,RSSI,53.0
1652475937,E,Temperature,22.34499931335449
1652475937,E,Humidity,40.60100173950195
1652475937,E,Pressure,101663.0
1652475937,E,Gas,4338.8798828125
1652475937,E,Accelerometer,0.0
1652475937,E,Light,1.0
1652475937,E,MIC,3.0
1652475937,E,RSSI,70.0
1652475939,F,Temperature,23.625
1652475939,F,Humidity,37.33300018310547
1652475939,F,Pressure,101700.0
1652475939,F,Gas,3036.3349609375
1652475939,F,Accelerometer,0.0
1652475939,F,Light,0.0
1652475939,F,MIC,3.0
1652475939,F,RSSI,92.0
1652475942,C,Temperature,23.114999771118164
1652475942,C,Humidity,40.17300033569336
1652475942,C,Pressure,101681.0
1652475942,C,Gas,1359.052001953125
1652475942,C,Accelerometer,0.0
1652475942,C,Light,0.0
1652475942,C,MIC,3.0
1652475942,C,RSSI,74.0
1652475944,H,Temperature,23.07500076293945
1652475944,H,Humidity,38.849998474121094
1652475944,H,Pressure,101685.0
1652475944,H,Gas,4042.43896484375
1652475944,H,Accelerometer,0.0
1652475944,H,Light,2.0
1652475944,H,MIC,3.0
1652475944,H,RSSI,80.0
1652475945,B,Temperature,23.524999618530273
1652475945,B,Humidity,40.31999969482422
1652475945,B,Pressure,101630.0
1652475945,B,Gas,4387.126953125
1652475945,B,Accelerometer,0.0
1652475945,B,Light,0.0
1652475945,B,MIC,3.0
1652475945,B,RSSI,93.0
1652475945,A,Temperature,23.45499992370605
1652475945,A,Humidity,39.06700134277344
1652475945,A,Pressure,101663.0
1652475945,A,Gas,1345.4510498046875
1652475945,A,Accelerometer,0.0
1652475945,A,Light,0.0
1652475945,A,MIC,1.0
1652475945,A,RSSI,74.0
1652475946,D,Temperature,23.30500030517578
1652475946,D,Humidity,38.4379997253418
1652475946,D,Pressure,101689.0
1652475946,D,Gas,3944.587890625
1652475946,D,Accelerometer,0.0
1652475946,D,Light,1.0
1652475946,D,MIC,3.0
1652475946,D,RSSI,53.0
1652475947,E,Temperature,22.334999084472656
1652475947,E,Humidity,40.57899856567383
1652475947,E,Pressure,101665.0
1652475947,E,Gas,4346.97802734375
1652475947,E,Accelerometer,0.0
1652475947,E,Light,1.0
1652475947,E,MIC,3.0
1652475947,E,RSSI,70.0
1652475949,F,Temperature,23.625
1652475949,F,Humidity,37.32099914550781
1652475949,F,Pressure,101700.0
1652475949,F,Gas,3029.448974609375
1652475949,F,Accelerometer,0.0
1652475949,F,Light,0.0
1652475949,F,MIC,3.0
1652475949,F,RSSI,92.0
1652475952,C,Temperature,23.13500022888184
1652475952,C,Humidity,40.15700149536133
1652475952,C,Pressure,101683.0
1652475952,C,Gas,1351.363037109375
1652475952,C,Accelerometer,0.0
1652475952,C,Light,0.0
1652475952,C,MIC,3.0
1652475952,C,RSSI,74.0
1652475953,B,Temperature,23.524999618530273
1652475953,B,Humidity,40.2760009765625
1652475953,B,Pressure,101628.0
1652475953,B,Gas,4408.787109375
1652475953,B,Accelerometer,0.0
1652475953,B,Light,0.0
1652475953,B,MIC,3.0
1652475953,B,RSSI,93.0
1652475954,H,Temperature,23.065000534057614
1652475954,H,Humidity,38.89400100708008
1652475954,H,Pressure,101683.0
1652475954,H,Gas,4054.02490234375
1652475954,H,Accelerometer,0.0
1652475954,H,Light,2.0
1652475954,H,MIC,3.0
1652475954,H,RSSI,80.0
1652475956,D,Temperature,23.30500030517578
1652475956,D,Humidity,38.4109992980957
1652475956,D,Pressure,101689.0
1652475956,D,Gas,3941.84912109375
1652475956,D,Accelerometer,0.0
1652475956,D,Light,1.0
1652475956,D,MIC,3.0
1652475956,D,RSSI,53.0
1652475957,A,Temperature,23.45499992370605
1652475957,A,Humidity,39.053001403808594
1652475957,A,Pressure,101663.0
1652475957,A,Gas,1342.5889892578125
1652475957,A,Accelerometer,0.0
1652475957,A,Light,0.0
1652475957,A,MIC,1.0
1652475957,A,RSSI,74.0
1652475957,E,Temperature,22.334999084472656
1652475957,E,Humidity,40.63000106811523
1652475957,E,Pressure,101665.0
1652475957,E,Gas,4345.2900390625
1652475957,E,Accelerometer,0.0
1652475957,E,Light,1.0
1652475957,E,MIC,3.0
1652475957,E,RSSI,61.0
1652475960,F,Temperature,23.625
1652475960,F,Humidity,37.34500122070313
1652475960,F,Pressure,101702.0
1652475960,F,Gas,3038.720947265625
1652475960,F,Accelerometer,0.0
1652475960,F,Light,0.0
1652475960,F,MIC,3.0
1652475960,F,RSSI,92.0
1652475962,C,Temperature,23.13500022888184
1652475962,C,Humidity,40.16299819946289
1652475962,C,Pressure,101685.0
1652475962,C,Gas,1333.633056640625
1652475962,C,Accelerometer,0.0
1652475962,C,Light,0.0
1652475962,C,MIC,3.0
1652475962,C,RSSI,74.0
1652475963,B,Temperature,23.524999618530273
1652475963,B,Humidity,40.262001037597656
1652475963,B,Pressure,101628.0
1652475963,B,Gas,4415.384765625
1652475963,B,Accelerometer,0.0
1652475963,B,Light,0.0
1652475963,B,MIC,3.0
1652475963,B,RSSI,93.0
1652475964,A,Temperature,23.45499992370605
1652475964,A,Humidity,39.01900100708008
1652475964,A,Pressure,101665.0
1652475964,A,Gas,1348.3570556640625
1652475964,A,Accelerometer,0.0
1652475964,A,Light,0.0
1652475964,A,MIC,1.0
1652475964,A,RSSI,74.0
1652475964,H,Temperature,23.07500076293945
1652475964,H,Humidity,38.88600158691406
1652475964,H,Pressure,101687.0
1652475964,H,Gas,4064.2099609375
1652475964,H,Accelerometer,0.0
1652475964,H,Light,2.0
1652475964,H,MIC,3.0
1652475964,H,RSSI,80.0
1652475966,D,Temperature,23.30500030517578
1652475966,D,Humidity,38.42699813842773
1652475966,D,Pressure,101691.0
1652475966,D,Gas,3946.56494140625
1652475966,D,Accelerometer,0.0
1652475966,D,Light,1.0
1652475966,D,MIC,3.0
1652475966,D,RSSI,53.0
1652475968,E,Temperature,22.34499931335449
1652475968,E,Humidity,40.6619987487793
1652475968,E,Pressure,101667.0
1652475968,E,Gas,4333.27783203125
1652475968,E,Accelerometer,0.0
1652475968,E,Light,1.0
1652475968,E,MIC,3.0
1652475968,E,RSSI,61.0
1652475972,C,Temperature,23.145000457763672
1652475972,C,Humidity,40.13199996948242
1652475972,C,Pressure,101681.0
1652475972,C,Gas,1332.2430419921875
1652475972,C,Accelerometer,0.0
1652475972,C,Light,0.0
1652475972,C,MIC,3.0
1652475972,C,RSSI,74.0
1652475973,F,Temperature,23.63500022888184
1652475973,F,Humidity,37.30199813842773
1652475973,F,Pressure,101704.0
1652475973,F,Gas,3043.697998046875
1652475973,F,Accelerometer,0.0
1652475973,F,Light,0.0
1652475973,F,MIC,3.0
1652475973,F,RSSI,92.0
1652475974,A,Temperature,23.45499992370605
1652475974,A,Humidity,39.00299835205078
1652475974,A,Pressure,101663.0
1652475974,A,Gas,1351.1529541015625
1652475974,A,Accelerometer,0.0
1652475974,A,Light,0.0
1652475974,A,MIC,1.0
1652475974,A,RSSI,74.0
1652475975,H,Temperature,23.07500076293945
1652475975,H,Humidity,38.86999893188477
1652475975,H,Pressure,101687.0
1652475975,H,Gas,4058.7470703125
1652475975,H,Accelerometer,0.0
1652475975,H,Light,2.0
1652475975,H,MIC,3.0
1652475975,H,RSSI,80.0
1652475976,D,Temperature,23.295000076293945
1652475976,D,Humidity,38.4630012512207
1652475976,D,Pressure,101689.0
1652475976,D,Gas,3949.321044921875
1652475976,D,Accelerometer,0.0
1652475976,D,Light,1.0
1652475976,D,MIC,3.0
1652475976,D,RSSI,53.0
1652475976,B,Temperature,23.53499984741211
1652475976,B,Humidity,40.25299835205078
1652475976,B,Pressure,101628.0
1652475976,B,Gas,4435.82177734375
1652475976,B,Accelerometer,0.0
1652475976,B,Light,0.0
1652475976,B,MIC,3.0
1652475976,B,RSSI,90.0
1652475978,E,Temperature,22.334999084472656
1652475978,E,Humidity,40.6510009765625
1652475978,E,Pressure,101667.0
1652475978,E,Gas,4326.25390625
1652475978,E,Accelerometer,0.0
1652475978,E,Light,1.0
1652475978,E,MIC,3.0
1652475978,E,RSSI,61.0
1652475980,F,Temperature,23.63500022888184
1652475980,F,Humidity,37.31499862670898
1652475980,F,Pressure,101706.0
1652475980,F,Gas,3056.02490234375
1652475980,F,Accelerometer,0.0
1652475980,F,Light,0.0
1652475980,F,MIC,3.0
1652475980,F,RSSI,90.0
1652475982,C,Temperature,23.15500068664551
1652475982,C,Humidity,40.10499954223633
1652475982,C,Pressure,101685.0
1652475982,C,Gas,1337.2359619140625
1652475982,C,Accelerometer,0.0
1652475982,C,Light,0.0
1652475982,C,MIC,3.0
1652475982,C,RSSI,76.0
1652475984,A,Temperature,23.44499969482422
1652475984,A,Humidity,39.05799865722656
1652475984,A,Pressure,101661.0
1652475984,A,Gas,1350.27197265625
1652475984,A,Accelerometer,0.0
1652475984,A,Light,0.0
1652475984,A,MIC,1.0
1652475984,A,RSSI,74.0
1652475985,B,Temperature,23.53499984741211
1652475985,B,Humidity,40.316001892089844
1652475985,B,Pressure,101630.0
1652475985,B,Gas,4430.6630859375
1652475985,B,Accelerometer,0.0
1652475985,B,Light,0.0
1652475985,B,MIC,3.0
1652475985,B,RSSI,90.0
1652475985,H,Temperature,23.07500076293945
1652475985,H,Humidity,38.90299987792969
1652475985,H,Pressure,101687.0
1652475985,H,Gas,4040.291015625
1652475985,H,Accelerometer,0.0
1652475985,H,Light,2.0
1652475985,H,MIC,3.0
1652475985,H,RSSI,87.0
1652475986,D,Temperature,23.295000076293945
1652475986,D,Humidity,38.4630012512207
1652475986,D,Pressure,101693.0
1652475986,D,Gas,3941.56103515625
1652475986,D,Accelerometer,0.0
1652475986,D,Light,1.0
1652475986,D,MIC,3.0
1652475986,D,RSSI,53.0
1652475988,E,Temperature,22.334999084472656
1652475988,E,Humidity,40.641998291015625
1652475988,E,Pressure,101667.0
1652475988,E,Gas,4324.11083984375
1652475988,E,Accelerometer,0.0
1652475988,E,Light,1.0
1652475988,E,MIC,3.0
1652475988,E,RSSI,61.0
1652475990,F,Temperature,23.63500022888184
1652475990,F,Humidity,37.30199813842773
1652475990,F,Pressure,101704.0
1652475990,F,Gas,3048.0048828125
1652475990,F,Accelerometer,0.0
1652475990,F,Light,0.0
1652475990,F,MIC,3.0
1652475990,F,RSSI,90.0
1652475992,C,Temperature,23.15500068664551
1652475992,C,Humidity,40.09199905395508
1652475992,C,Pressure,101685.0
1652475992,C,Gas,1336.012939453125
1652475992,C,Accelerometer,0.0
1652475992,C,Light,0.0
1652475992,C,MIC,3.0
1652475992,C,RSSI,76.0
1652475994,H,Temperature,23.07500076293945
1652475994,H,Humidity,38.89699935913086
1652475994,H,Pressure,101685.0
1652475994,H,Gas,4052.287109375
1652475994,H,Accelerometer,0.0
1652475994,H,Light,2.0
1652475994,H,MIC,3.0
1652475994,H,RSSI,87.0
1652475994,A,Temperature,23.45499992370605
1652475994,A,Humidity,39.0099983215332
1652475994,A,Pressure,101665.0
1652475994,A,Gas,1355.93505859375
1652475994,A,Accelerometer,0.0
1652475994,A,Light,0.0
1652475994,A,MIC,1.0
1652475994,A,RSSI,78.0
1652475996,D,Temperature,23.30500030517578
1652475996,D,Humidity,38.42100143432617
1652475996,D,Pressure,101695.0
1652475996,D,Gas,3958.549072265625
1652475996,D,Accelerometer,0.0
1652475996,D,Light,1.0
1652475996,D,MIC,2.0
1652475996,D,RSSI,53.0
1652475996,B,Temperature,23.524999618530273
1652475996,B,Humidity,40.310001373291016
1652475996,B,Pressure,101630.0
1652475996,B,Gas,4413.94091796875
1652475996,B,Accelerometer,0.0
1652475996,B,Light,0.0
1652475996,B,MIC,3.0
1652475996,B,RSSI,90.0
1652475998,E,Temperature,22.34499931335449
1652475998,E,Humidity,40.64300155639648
1652475998,E,Pressure,101671.0
1652475998,E,Gas,4308.88818359375
1652475998,E,Accelerometer,0.0
1652475998,E,Light,1.0
1652475998,E,MIC,3.0
1652475998,E,RSSI,61.0
1652476000,F,Temperature,23.625
1652476000,F,Humidity,37.33200073242188
1652476000,F,Pressure,101708.0
1652476000,F,Gas,3049.06201171875
1652476000,F,Accelerometer,0.0
1652476000,F,Light,0.0
1652476000,F,MIC,3.0
1652476000,F,RSSI,90.0
1652476002,C,Temperature,23.15500068664551
1652476002,C,Humidity,40.12099838256836
1652476002,C,Pressure,101687.0
1652476002,C,Gas,1308.114013671875
1652476002,C,Accelerometer,0.0
1652476002,C,Light,0.0
1652476002,C,MIC,3.0
1652476002,C,RSSI,76.0
1652476003,B,Temperature,23.53499984741211
1652476003,B,Humidity,40.29899978637695
1652476003,B,Pressure,101632.0
1652476003,B,Gas,4420.3837890625
1652476003,B,Accelerometer,0.0
1652476003,B,Light,0.0
1652476003,B,MIC,3.0
1652476003,B,RSSI,90.0
1652476004,A,Temperature,23.45499992370605
1652476004,A,Humidity,39.03799819946289
1652476004,A,Pressure,101665.0
1652476004,A,Gas,1347.365966796875
1652476004,A,Accelerometer,0.0
1652476004,A,Light,0.0
1652476004,A,MIC,1.0
1652476004,A,RSSI,78.0
1652476004,H,Temperature,23.07500076293945
1652476004,H,Humidity,38.90700149536133
1652476004,H,Pressure,101691.0
1652476004,H,Gas,4047.443115234375
1652476004,H,Accelerometer,0.0
1652476004,H,Light,2.0
1652476004,H,MIC,3.0
1652476004,H,RSSI,87.0
1652476006,D,Temperature,23.30500030517578
1652476006,D,Humidity,38.42900085449219
1652476006,D,Pressure,101693.0
1652476006,D,Gas,3953.782958984375
1652476006,D,Accelerometer,0.0
1652476006,D,Light,1.0
1652476006,D,MIC,2.0
1652476006,D,RSSI,59.0
1652476008,E,Temperature,22.334999084472656
1652476008,E,Humidity,40.70199966430664
1652476008,E,Pressure,101671.0
1652476008,E,Gas,4297.72412109375
1652476008,E,Accelerometer,0.0
1652476008,E,Light,1.0
1652476008,E,MIC,3.0
1652476008,E,RSSI,70.0
1652476010,F,Temperature,23.625
1652476010,F,Humidity,37.32500076293945
1652476010,F,Pressure,101706.0
1652476010,F,Gas,3045.69091796875
1652476010,F,Accelerometer,0.0
1652476010,F,Light,0.0
1652476010,F,MIC,3.0
1652476010,F,RSSI,90.0
1652476012,C,Temperature,23.15500068664551
1652476012,C,Humidity,40.12900161743164
1652476012,C,Pressure,101687.0
1652476012,C,Gas,1308.8890380859375
1652476012,C,Accelerometer,0.0
1652476012,C,Light,0.0
1652476012,C,MIC,3.0
1652476012,C,RSSI,76.0
1652476013,B,Temperature,23.524999618530273
1652476013,B,Humidity,40.2869987487793
1652476013,B,Pressure,101626.0
1652476013,B,Gas,4430.3701171875
1652476013,B,Accelerometer,0.0
1652476013,B,Light,0.0
1652476013,B,MIC,3.0
1652476013,B,RSSI,90.0
1652476014,A,Temperature,23.45499992370605
1652476014,A,Humidity,39.040000915527344
1652476014,A,Pressure,101665.0
1652476014,A,Gas,1343.7130126953125
1652476014,A,Accelerometer,0.0
1652476014,A,Light,0.0
1652476014,A,MIC,1.0
1652476014,A,RSSI,78.0
1652476014,H,Temperature,23.065000534057614
1652476014,H,Humidity,38.90599822998047
1652476014,H,Pressure,101685.0
1652476014,H,Gas,4038.531005859375
1652476014,H,Accelerometer,0.0
1652476014,H,Light,2.0
1652476014,H,MIC,3.0
1652476014,H,RSSI,87.0
1652476016,D,Temperature,23.30500030517578
1652476016,D,Humidity,38.43999862670898
1652476016,D,Pressure,101693.0
1652476016,D,Gas,3970.760009765625
1652476016,D,Accelerometer,0.0
1652476016,D,Light,1.0
1652476016,D,MIC,2.0
1652476016,D,RSSI,59.0
1652476018,E,Temperature,22.334999084472656
1652476018,E,Humidity,40.680999755859375
1652476018,E,Pressure,101669.0
1652476018,E,Gas,4294.6572265625
1652476018,E,Accelerometer,0.0
1652476018,E,Light,1.0
1652476018,E,MIC,3.0
1652476018,E,RSSI,70.0
1652476020,F,Temperature,23.63500022888184
1652476020,F,Humidity,37.308998107910156
1652476020,F,Pressure,101704.0
1652476020,F,Gas,3063.159912109375
1652476020,F,Accelerometer,0.0
1652476020,F,Light,0.0
1652476020,F,MIC,3.0
1652476020,F,RSSI,90.0
1652476022,C,Temperature,23.15500068664551
1652476022,C,Humidity,40.13600158691406
1652476022,C,Pressure,101685.0
1652476022,C,Gas,1309.260009765625
1652476022,C,Accelerometer,0.0
1652476022,C,Light,0.0
1652476022,C,MIC,3.0
1652476022,C,RSSI,76.0
1652476023,B,Temperature,23.524999618530273
1652476023,B,Humidity,40.26800155639648
1652476023,B,Pressure,101630.0
1652476023,B,Gas,4454.38818359375
1652476023,B,Accelerometer,0.0
1652476023,B,Light,0.0
1652476023,B,MIC,3.0
1652476023,B,RSSI,90.0
1652476024,A,Temperature,23.45499992370605
1652476024,A,Humidity,39.02299880981445
1652476024,A,Pressure,101665.0
1652476024,A,Gas,1347.0780029296875
1652476024,A,Accelerometer,0.0
1652476024,A,Light,0.0
1652476024,A,MIC,1.0
1652476024,A,RSSI,78.0
1652476024,H,Temperature,23.065000534057614
1652476024,H,Humidity,38.90999984741211
1652476024,H,Pressure,101689.0
1652476024,H,Gas,4040.2080078125
1652476024,H,Accelerometer,0.0
1652476024,H,Light,2.0
1652476024,H,MIC,3.0
1652476024,H,RSSI,87.0
1652476026,D,Temperature,23.30500030517578
1652476026,D,Humidity,38.428001403808594
1652476026,D,Pressure,101693.0
1652476026,D,Gas,3964.239013671875
1652476026,D,Accelerometer,0.0
1652476026,D,Light,1.0
1652476026,D,MIC,2.0
1652476026,D,RSSI,59.0
1652476028,E,Temperature,22.34499931335449
1652476028,E,Humidity,40.6609992980957
1652476028,E,Pressure,101669.0
1652476028,E,Gas,4288.51220703125
1652476028,E,Accelerometer,0.0
1652476028,E,Light,1.0
1652476028,E,MIC,3.0
1652476028,E,RSSI,70.0
1652476030,F,Temperature,23.625
1652476030,F,Humidity,37.33000183105469
1652476030,F,Pressure,101702.0
1652476030,F,Gas,3068.90087890625
1652476030,F,Accelerometer,0.0
1652476030,F,Light,0.0
1652476030,F,MIC,3.0
1652476030,F,RSSI,89.0
1652476032,C,Temperature,23.165000915527344
1652476032,C,Humidity,40.0989990234375
1652476032,C,Pressure,101683.0
1652476032,C,Gas,1301.677001953125
1652476032,C,Accelerometer,0.0
1652476032,C,Light,0.0
1652476032,C,MIC,3.0
1652476032,C,RSSI,78.0
1652476033,B,Temperature,23.524999618530273
1652476033,B,Humidity,40.257999420166016
1652476033,B,Pressure,101626.0
1652476033,B,Gas,4462.71923828125
1652476033,B,Accelerometer,0.0
1652476033,B,Light,0.0
1652476033,B,MIC,3.0
1652476033,B,RSSI,90.0
1652476034,H,Temperature,23.065000534057614
1652476034,H,Humidity,38.92900085449219
1652476034,H,Pressure,101687.0
1652476034,H,Gas,4020.0810546875
1652476034,H,Accelerometer,0.0
1652476034,H,Light,2.0
1652476034,H,MIC,3.0
1652476034,H,RSSI,87.0
1652476034,A,Temperature,23.45499992370605
1652476034,A,Humidity,39.02000045776367
1652476034,A,Pressure,101665.0
1652476034,A,Gas,1343.5909423828125
1652476034,A,Accelerometer,0.0
1652476034,A,Light,0.0
1652476034,A,MIC,1.0
1652476034,A,RSSI,78.0
1652476036,D,Temperature,23.315000534057614
1652476036,D,Humidity,38.40399932861328
1652476036,D,Pressure,101697.0
1652476036,D,Gas,3972.907958984375
1652476036,D,Accelerometer,0.0
1652476036,D,Light,1.0
1652476036,D,MIC,2.0
1652476036,D,RSSI,59.0
1652476038,E,Temperature,22.325000762939453
1652476038,E,Humidity,40.68199920654297
1652476038,E,Pressure,101667.0
1652476038,E,Gas,4294.31884765625
1652476038,E,Accelerometer,0.0
1652476038,E,Light,1.0
1652476038,E,MIC,3.0
1652476038,E,RSSI,70.0
1652476040,F,Temperature,23.625
1652476040,F,Humidity,37.34299850463867
1652476040,F,Pressure,101704.0
1652476040,F,Gas,3071.85693359375
1652476040,F,Accelerometer,0.0
1652476040,F,Light,0.0
1652476040,F,MIC,3.0
1652476040,F,RSSI,89.0
1652476042,C,Temperature,23.15500068664551
1652476042,C,Humidity,40.12699890136719
1652476042,C,Pressure,101685.0
1652476042,C,Gas,1290.572021484375
1652476042,C,Accelerometer,0.0
1652476042,C,Light,0.0
1652476042,C,MIC,3.0
1652476042,C,RSSI,78.0
1652476043,B,Temperature,23.524999618530273
1652476043,B,Humidity,40.25199890136719
1652476043,B,Pressure,101632.0
1652476043,B,Gas,4483.36083984375
1652476043,B,Accelerometer,1.0
1652476043,B,Light,0.0
1652476043,B,MIC,3.0
1652476043,B,RSSI,90.0
1652476044,A,Temperature,23.45499992370605
1652476044,A,Humidity,39.04899978637695
1652476044,A,Pressure,101665.0
1652476044,A,Gas,1348.43505859375
1652476044,A,Accelerometer,0.0
1652476044,A,Light,0.0
1652476044,A,MIC,1.0
1652476044,A,RSSI,85.0
1652476044,H,Temperature,23.065000534057614
1652476044,H,Humidity,38.90900039672852
1652476044,H,Pressure,101689.0
1652476044,H,Gas,4024.797119140625
1652476044,H,Accelerometer,0.0
1652476044,H,Light,2.0
1652476044,H,MIC,3.0
1652476044,H,RSSI,82.0
1652476046,D,Temperature,23.30500030517578
1652476046,D,Humidity,38.43600082397461
1652476046,D,Pressure,101695.0
1652476046,D,Gas,3976.20703125
1652476046,D,Accelerometer,0.0
1652476046,D,Light,1.0
1652476046,D,MIC,2.0
1652476046,D,RSSI,59.0
1652476048,E,Temperature,22.325000762939453
1652476048,E,Humidity,40.62699890136719
1652476048,E,Pressure,101671.0
1652476048,E,Gas,4313.84814453125
1652476048,E,Accelerometer,0.0
1652476048,E,Light,1.0
1652476048,E,MIC,3.0
1652476048,E,RSSI,70.0
1652476050,F,Temperature,23.625
1652476050,F,Humidity,37.33100128173828
1652476050,F,Pressure,101704.0
1652476050,F,Gas,3065.5458984375
1652476050,F,Accelerometer,0.0
1652476050,F,Light,0.0
1652476050,F,MIC,3.0
1652476050,F,RSSI,89.0
1652476052,C,Temperature,23.165000915527344
1652476052,C,Humidity,40.117000579833984
1652476052,C,Pressure,101685.0
1652476052,C,Gas,1289.708984375
1652476052,C,Accelerometer,0.0
1652476052,C,Light,0.0
1652476052,C,MIC,3.0
1652476052,C,RSSI,78.0
1652476053,B,Temperature,23.524999618530273
1652476053,B,Humidity,40.266998291015625
1652476053,B,Pressure,101628.0
1652476053,B,Gas,4487.52880859375
1652476053,B,Accelerometer,0.0
1652476053,B,Light,0.0
1652476053,B,MIC,3.0
1652476053,B,RSSI,90.0
1652476054,A,Temperature,23.45499992370605
1652476054,A,Humidity,39.02999877929688
1652476054,A,Pressure,101665.0
1652476054,A,Gas,1339.7049560546875
1652476054,A,Accelerometer,0.0
1652476054,A,Light,0.0
1652476054,A,MIC,1.0
1652476054,A,RSSI,85.0
1652476054,H,Temperature,23.065000534057614
1652476054,H,Humidity,38.91699981689453
1652476054,H,Pressure,101685.0
1652476054,H,Gas,4025.694091796875
1652476054,H,Accelerometer,0.0
1652476054,H,Light,2.0
1652476054,H,MIC,3.0
1652476054,H,RSSI,82.0
1652476056,D,Temperature,23.315000534057614
1652476056,D,Humidity,38.4109992980957
1652476056,D,Pressure,101697.0
1652476056,D,Gas,3977.8291015625
1652476056,D,Accelerometer,0.0
1652476056,D,Light,1.0
1652476056,D,MIC,2.0
1652476056,D,RSSI,60.0
1652476058,E,Temperature,22.334999084472656
1652476058,E,Humidity,40.64599990844727
1652476058,E,Pressure,101669.0
1652476058,E,Gas,4325.05810546875
1652476058,E,Accelerometer,0.0
1652476058,E,Light,1.0
1652476058,E,MIC,3.0
1652476058,E,RSSI,73.0
1652476061,F,Temperature,23.614999771118164
1652476061,F,Humidity,37.375
1652476061,F,Pressure,101706.0
1652476061,F,Gas,3054.946044921875
1652476061,F,Accelerometer,0.0
1652476061,F,Light,0.0
1652476061,F,MIC,3.0
1652476061,F,RSSI,89.0
1652476062,C,Temperature,23.17499923706055
1652476062,C,Humidity,40.0880012512207
1652476062,C,Pressure,101685.0
1652476062,C,Gas,1281.5389404296875
1652476062,C,Accelerometer,0.0
1652476062,C,Light,0.0
1652476062,C,MIC,3.0
1652476062,C,RSSI,78.0
1652476063,B,Temperature,23.51499938964844
1652476063,B,Humidity,40.28200149536133
1652476063,B,Pressure,101628.0
1652476063,B,Gas,4499.40283203125
1652476063,B,Accelerometer,0.0
1652476063,B,Light,0.0
1652476063,B,MIC,3.0
1652476063,B,RSSI,90.0
1652476064,A,Temperature,23.44499969482422
1652476064,A,Humidity,39.04600143432617
1652476064,A,Pressure,101665.0
1652476064,A,Gas,1341.0169677734375
1652476064,A,Accelerometer,0.0
1652476064,A,Light,0.0
1652476064,A,MIC,1.0
1652476064,A,RSSI,85.0
1652476064,H,Temperature,23.065000534057614
1652476064,H,Humidity,38.915000915527344
1652476064,H,Pressure,101687.0
1652476064,H,Gas,4031.052001953125
1652476064,H,Accelerometer,0.0
1652476064,H,Light,2.0
1652476064,H,MIC,3.0
1652476064,H,RSSI,82.0
1652476066,D,Temperature,23.30500030517578
1652476066,D,Humidity,38.4370002746582
1652476066,D,Pressure,101695.0
1652476066,D,Gas,3988.214111328125
1652476066,D,Accelerometer,0.0
1652476066,D,Light,1.0
1652476066,D,MIC,2.0
1652476066,D,RSSI,60.0
1652476068,E,Temperature,22.325000762939453
1652476068,E,Humidity,40.69200134277344
1652476068,E,Pressure,101671.0
1652476068,E,Gas,4321.8017578125
1652476068,E,Accelerometer,0.0
1652476068,E,Light,1.0
1652476068,E,MIC,3.0
1652476068,E,RSSI,73.0
1652476070,F,Temperature,23.625
1652476070,F,Humidity,37.32699966430664
1652476070,F,Pressure,101704.0
1652476070,F,Gas,3049.73095703125
1652476070,F,Accelerometer,0.0
1652476070,F,Light,0.0
1652476070,F,MIC,3.0
1652476070,F,RSSI,89.0
1652476072,C,Temperature,23.165000915527344
1652476072,C,Humidity,40.10100173950195
1652476072,C,Pressure,101685.0
1652476072,C,Gas,1294.1319580078125
1652476072,C,Accelerometer,0.0
1652476072,C,Light,0.0
1652476072,C,MIC,3.0
1652476072,C,RSSI,78.0
1652476073,B,Temperature,23.51499938964844
1652476073,B,Humidity,40.29499816894531
1652476073,B,Pressure,101628.0
1652476073,B,Gas,4508.4140625
1652476073,B,Accelerometer,0.0
1652476073,B,Light,0.0
1652476073,B,MIC,3.0
1652476073,B,RSSI,94.0
1652476074,A,Temperature,23.45499992370605
1652476074,A,Humidity,39.0099983215332
1652476074,A,Pressure,101667.0
1652476074,A,Gas,1342.4560546875
1652476074,A,Accelerometer,0.0
1652476074,A,Light,0.0
1652476074,A,MIC,1.0
1652476074,A,RSSI,85.0
1652476074,H,Temperature,23.065000534057614
1652476074,H,Humidity,38.89799880981445
1652476074,H,Pressure,101687.0
1652476074,H,Gas,4048.2900390625
1652476074,H,Accelerometer,0.0
1652476074,H,Light,2.0
1652476074,H,MIC,3.0
1652476074,H,RSSI,82.0
1652476076,D,Temperature,23.30500030517578
1652476076,D,Humidity,38.45000076293945
1652476076,D,Pressure,101695.0
1652476076,D,Gas,3981.85302734375
1652476076,D,Accelerometer,0.0
1652476076,D,Light,1.0
1652476076,D,MIC,2.0
1652476076,D,RSSI,60.0
1652476078,E,Temperature,22.334999084472656
1652476078,E,Humidity,40.71200180053711
1652476078,E,Pressure,101671.0
1652476078,E,Gas,4320.4189453125
1652476078,E,Accelerometer,0.0
1652476078,E,Light,1.0
1652476078,E,MIC,3.0
1652476078,E,RSSI,73.0
1652476081,F,Temperature,23.625
1652476081,F,Humidity,37.36199951171875
1652476081,F,Pressure,101704.0
1652476081,F,Gas,3050.340087890625
1652476081,F,Accelerometer,0.0
1652476081,F,Light,0.0
1652476081,F,MIC,3.0
1652476081,F,RSSI,90.0
1652476083,C,Temperature,23.165000915527344
1652476083,C,Humidity,40.09000015258789
1652476083,C,Pressure,101683.0
1652476083,C,Gas,1296.279052734375
1652476083,C,Accelerometer,0.0
1652476083,C,Light,0.0
1652476083,C,MIC,3.0
1652476083,C,RSSI,76.0
1652476084,B,Temperature,23.51499938964844
1652476084,B,Humidity,40.308998107910156
1652476084,B,Pressure,101630.0
1652476084,B,Gas,4511.23779296875
1652476084,B,Accelerometer,0.0
1652476084,B,Light,0.0
1652476084,B,MIC,3.0
1652476084,B,RSSI,94.0
1652476084,A,Temperature,23.44499969482422
1652476084,A,Humidity,39.0629997253418
1652476084,A,Pressure,101665.0
1652476084,A,Gas,1340.3199462890625
1652476084,A,Accelerometer,0.0
1652476084,A,Light,0.0
1652476084,A,MIC,1.0
1652476084,A,RSSI,85.0
1652476084,H,Temperature,23.07500076293945
1652476084,H,Humidity,38.89599990844727
1652476084,H,Pressure,101693.0
1652476084,H,Gas,4068.705078125
1652476084,H,Accelerometer,0.0
1652476084,H,Light,2.0
1652476084,H,MIC,3.0
1652476084,H,RSSI,79.0
1652476086,D,Temperature,23.30500030517578
1652476086,D,Humidity,38.46699905395508
1652476086,D,Pressure,101695.0
1652476086,D,Gas,3979.157958984375
1652476086,D,Accelerometer,0.0
1652476086,D,Light,1.0
1652476086,D,MIC,2.0
1652476086,D,RSSI,60.0
1652476088,E,Temperature,22.334999084472656
1652476088,E,Humidity,40.691001892089844
1652476088,E,Pressure,101671.0
1652476088,E,Gas,4313.35009765625
1652476088,E,Accelerometer,0.0
1652476088,E,Light,1.0
1652476088,E,MIC,3.0
1652476088,E,RSSI,73.0
1652476090,F,Temperature,23.625
1652476090,F,Humidity,37.354000091552734
1652476090,F,Pressure,101704.0
1652476090,F,Gas,3044.27294921875
1652476090,F,Accelerometer,0.0
1652476090,F,Light,0.0
1652476090,F,MIC,3.0
1652476090,F,RSSI,90.0
1652476092,C,Temperature,23.184999465942386
1652476092,C,Humidity,40.04499816894531
1652476092,C,Pressure,101687.0
1652476092,C,Gas,1295.2440185546875
1652476092,C,Accelerometer,0.0
1652476092,C,Light,0.0
1652476092,C,MIC,3.0
1652476092,C,RSSI,76.0
1652476093,B,Temperature,23.5049991607666
1652476093,B,Humidity,40.305999755859375
1652476093,B,Pressure,101630.0
1652476093,B,Gas,4521.52197265625
1652476093,B,Accelerometer,0.0
1652476093,B,Light,0.0
1652476093,B,MIC,3.0
1652476093,B,RSSI,94.0
1652476094,H,Temperature,23.07500076293945
1652476094,H,Humidity,38.91799926757813
1652476094,H,Pressure,101693.0
1652476094,H,Gas,4078.154052734375
1652476094,H,Accelerometer,0.0
1652476094,H,Light,2.0
1652476094,H,MIC,3.0
1652476094,H,RSSI,79.0
1652476096,D,Temperature,23.295000076293945
1652476096,D,Humidity,38.49599838256836
1652476096,D,Pressure,101697.0
1652476096,D,Gas,3973.423095703125
1652476096,D,Accelerometer,0.0
1652476096,D,Light,1.0
1652476096,D,MIC,2.0
1652476096,D,RSSI,60.0
1652476097,A,Temperature,23.44499969482422
1652476097,A,Humidity,39.084999084472656
1652476097,A,Pressure,101667.0
1652476097,A,Gas,1329.1319580078125
1652476097,A,Accelerometer,0.0
1652476097,A,Light,0.0
1652476097,A,MIC,1.0
1652476097,A,RSSI,85.0
1652476098,E,Temperature,22.325000762939453
1652476098,E,Humidity,40.70800018310547
1652476098,E,Pressure,101671.0
1652476098,E,Gas,4302.8330078125
1652476098,E,Accelerometer,0.0
1652476098,E,Light,1.0
1652476098,E,MIC,3.0
1652476098,E,RSSI,73.0
1652476100,F,Temperature,23.614999771118164
1652476100,F,Humidity,37.375
1652476100,F,Pressure,101706.0
1652476100,F,Gas,3042.27490234375
1652476100,F,Accelerometer,0.0
1652476100,F,Light,0.0
1652476100,F,MIC,3.0
1652476100,F,RSSI,90.0
1652476102,C,Temperature,23.17499923706055
1652476102,C,Humidity,40.04800033569336
1652476102,C,Pressure,101687.0
1652476102,C,Gas,1288.2750244140625
1652476102,C,Accelerometer,0.0
1652476102,C,Light,0.0
1652476102,C,MIC,3.0
1652476102,C,RSSI,76.0
1652476103,B,Temperature,23.51499938964844
1652476103,B,Humidity,40.28799819946289
1652476103,B,Pressure,101630.0
1652476103,B,Gas,4526.60400390625
1652476103,B,Accelerometer,0.0
1652476103,B,Light,0.0
1652476103,B,MIC,3.0
1652476103,B,RSSI,94.0
1652476105,H,Temperature,23.065000534057614
1652476105,H,Humidity,38.92900085449219
1652476105,H,Pressure,101687.0
1652476105,H,Gas,4076.864013671875
1652476105,H,Accelerometer,0.0
1652476105,H,Light,2.0
1652476105,H,MIC,3.0
1652476105,H,RSSI,79.0
1652476106,D,Temperature,23.30500030517578
1652476106,D,Humidity,38.4640007019043
1652476106,D,Pressure,101699.0
1652476106,D,Gas,3962.572998046875
1652476106,D,Accelerometer,0.0
1652476106,D,Light,1.0
1652476106,D,MIC,2.0
1652476106,D,RSSI,58.0
1652476108,E,Temperature,22.325000762939453
1652476108,E,Humidity,40.709999084472656
1652476108,E,Pressure,101671.0
1652476108,E,Gas,4297.03076171875
1652476108,E,Accelerometer,0.0
1652476108,E,Light,1.0
1652476108,E,MIC,3.0
1652476108,E,RSSI,70.0
1652476110,F,Temperature,23.614999771118164
1652476110,F,Humidity,37.367000579833984
1652476110,F,Pressure,101708.0
1652476110,F,Gas,3037.48095703125
1652476110,F,Accelerometer,0.0
1652476110,F,Light,0.0
1652476110,F,MIC,3.0
1652476110,F,RSSI,90.0
1652476111,A,Temperature,23.45499992370605
1652476111,A,Humidity,39.04499816894531
1652476111,A,Pressure,101669.0
1652476111,A,Gas,1330.0179443359375
1652476111,A,Accelerometer,0.0
1652476111,A,Light,0.0
1652476111,A,MIC,1.0
1652476111,A,RSSI,84.0
1652476112,C,Temperature,23.17499923706055
1652476112,C,Humidity,40.09299850463867
1652476112,C,Pressure,101685.0
1652476112,C,Gas,1291.552001953125
1652476112,C,Accelerometer,0.0
1652476112,C,Light,0.0
1652476112,C,MIC,3.0
1652476112,C,RSSI,76.0
1652476113,B,Temperature,23.51499938964844
1652476113,B,Humidity,40.29999923706055
1652476113,B,Pressure,101630.0
1652476113,B,Gas,4532.17822265625
1652476113,B,Accelerometer,0.0
1652476113,B,Light,0.0
1652476113,B,MIC,3.0
1652476113,B,RSSI,94.0
1652476114,A,Temperature,23.45499992370605
1652476114,A,Humidity,39.03799819946289
1652476114,A,Pressure,101669.0
1652476114,A,Gas,1332.5140380859375
1652476114,A,Accelerometer,0.0
1652476114,A,Light,0.0
1652476114,A,MIC,1.0
1652476114,A,RSSI,84.0
1652476115,H,Temperature,23.05500030517578
1652476115,H,Humidity,38.95399856567383
1652476115,H,Pressure,101691.0
1652476115,H,Gas,4075.385986328125
1652476115,H,Accelerometer,0.0
1652476115,H,Light,2.0
1652476115,H,MIC,3.0
1652476115,H,RSSI,79.0
1652476116,D,Temperature,23.295000076293945
1652476116,D,Humidity,38.499000549316406
1652476116,D,Pressure,101697.0
1652476116,D,Gas,3983.30908203125
1652476116,D,Accelerometer,0.0
1652476116,D,Light,1.0
1652476116,D,MIC,2.0
1652476116,D,RSSI,58.0
1652476118,E,Temperature,22.315000534057614
1652476118,E,Humidity,40.73799896240234
1652476118,E,Pressure,101671.0
1652476118,E,Gas,4288.14697265625
1652476118,E,Accelerometer,0.0
1652476118,E,Light,1.0
1652476118,E,MIC,3.0
1652476118,E,RSSI,70.0
1652476121,F,Temperature,23.614999771118164
1652476121,F,Humidity,37.358001708984375
1652476121,F,Pressure,101708.0
1652476121,F,Gas,3046.9189453125
1652476121,F,Accelerometer,0.0
1652476121,F,Light,0.0
1652476121,F,MIC,3.0
1652476121,F,RSSI,90.0
1652476122,C,Temperature,23.19499969482422
1652476122,C,Humidity,40.02399826049805
1652476122,C,Pressure,101689.0
1652476122,C,Gas,1288.64599609375
1652476122,C,Accelerometer,0.0
1652476122,C,Light,0.0
1652476122,C,MIC,3.0
1652476122,C,RSSI,76.0
1652476124,B,Temperature,23.51499938964844
1652476124,B,Humidity,40.33599853515625
1652476124,B,Pressure,101630.0
1652476124,B,Gas,4536.0810546875
1652476124,B,Accelerometer,0.0
1652476124,B,Light,0.0
1652476124,B,MIC,3.0
1652476124,B,RSSI,94.0
1652476124,A,Temperature,23.45499992370605
1652476124,A,Humidity,39.0359992980957
1652476124,A,Pressure,101669.0
1652476124,A,Gas,1323.35302734375
1652476124,A,Accelerometer,0.0
1652476124,A,Light,0.0
1652476124,A,MIC,1.0
1652476124,A,RSSI,84.0
1652476124,H,Temperature,23.045000076293945
1652476124,H,Humidity,38.97100067138672
1652476124,H,Pressure,101689.0
1652476124,H,Gas,4064.68603515625
1652476124,H,Accelerometer,0.0
1652476124,H,Light,2.0
1652476124,H,MIC,3.0
1652476124,H,RSSI,79.0
1652476126,D,Temperature,23.295000076293945
1652476126,D,Humidity,38.46500015258789
1652476126,D,Pressure,101695.0
1652476126,D,Gas,3987.4169921875
1652476126,D,Accelerometer,0.0
1652476126,D,Light,1.0
1652476126,D,MIC,2.0
1652476126,D,RSSI,58.0
1652476128,E,Temperature,22.325000762939453
1652476128,E,Humidity,40.73400115966797
1652476128,E,Pressure,101673.0
1652476128,E,Gas,4283.830078125
1652476128,E,Accelerometer,0.0
1652476128,E,Light,1.0
1652476128,E,MIC,3.0
1652476128,E,RSSI,70.0
1652476130,F,Temperature,23.614999771118164
1652476130,F,Humidity,37.358001708984375
1652476130,F,Pressure,101706.0
1652476130,F,Gas,3056.406982421875
1652476130,F,Accelerometer,0.0
1652476130,F,Light,0.0
1652476130,F,MIC,3.0
1652476130,F,RSSI,85.0
1652476133,C,Temperature,23.20499992370605
1652476133,C,Humidity,40.00299835205078
1652476133,C,Pressure,101689.0
1652476133,C,Gas,1282.0419921875
1652476133,C,Accelerometer,0.0
1652476133,C,Light,0.0
1652476133,C,MIC,3.0
1652476133,C,RSSI,74.0
1652476133,B,Temperature,23.5049991607666
1652476133,B,Humidity,40.37300109863281
1652476133,B,Pressure,101630.0
1652476133,B,Gas,4527.85498046875
1652476133,B,Accelerometer,0.0
1652476133,B,Light,0.0
1652476133,B,MIC,3.0
1652476133,B,RSSI,94.0
1652476135,A,Temperature,23.45499992370605
1652476135,A,Humidity,39.05199813842773
1652476135,A,Pressure,101669.0
1652476135,A,Gas,1321.6710205078125
1652476135,A,Accelerometer,0.0
1652476135,A,Light,0.0
1652476135,A,MIC,1.0
1652476135,A,RSSI,84.0
1652476135,H,Temperature,23.045000076293945
1652476135,H,Humidity,38.99100112915039
1652476135,H,Pressure,101687.0
1652476135,H,Gas,4053.587890625
1652476135,H,Accelerometer,0.0
1652476135,H,Light,2.0
1652476135,H,MIC,3.0
1652476135,H,RSSI,79.0
1652476136,D,Temperature,23.28499984741211
1652476136,D,Humidity,38.50299835205078
1652476136,D,Pressure,101695.0
1652476136,D,Gas,3985.98291015625
1652476136,D,Accelerometer,0.0
1652476136,D,Light,1.0
1652476136,D,MIC,2.0
1652476136,D,RSSI,58.0
1652476138,E,Temperature,22.334999084472656
1652476138,E,Humidity,40.71799850463867
1652476138,E,Pressure,101673.0
1652476138,E,Gas,4274.77392578125
1652476138,E,Accelerometer,0.0
1652476138,E,Light,1.0
1652476138,E,MIC,3.0
1652476138,E,RSSI,70.0
1652476140,F,Temperature,23.614999771118164
1652476140,F,Humidity,37.36899948120117
1652476140,F,Pressure,101708.0
1652476140,F,Gas,3053.3349609375
1652476140,F,Accelerometer,0.0
1652476140,F,Light,0.0
1652476140,F,MIC,3.0
1652476140,F,RSSI,85.0
1652476142,C,Temperature,23.19499969482422
1652476142,C,Humidity,40.01100158691406
1652476142,C,Pressure,101687.0
1652476142,C,Gas,1292.708984375
1652476142,C,Accelerometer,0.0
1652476142,C,Light,0.0
1652476142,C,MIC,3.0
1652476142,C,RSSI,74.0
1652476143,B,Temperature,23.5049991607666
1652476143,B,Humidity,40.39799880981445
1652476143,B,Pressure,101632.0
1652476143,B,Gas,4532.11181640625
1652476143,B,Accelerometer,0.0
1652476143,B,Light,0.0
1652476143,B,MIC,3.0
1652476143,B,RSSI,94.0
1652476144,A,Temperature,23.44499969482422
1652476144,A,Humidity,39.06900024414063
1652476144,A,Pressure,101665.0
1652476144,A,Gas,1314.39697265625
1652476144,A,Accelerometer,0.0
1652476144,A,Light,0.0
1652476144,A,MIC,1.0
1652476144,A,RSSI,83.0
1652476144,H,Temperature,23.05500030517578
1652476144,H,Humidity,38.95100021362305
1652476144,H,Pressure,101689.0
1652476144,H,Gas,4063.114013671875
1652476144,H,Accelerometer,0.0
1652476144,H,Light,2.0
1652476144,H,MIC,3.0
1652476144,H,RSSI,79.0
1652476146,D,Temperature,23.28499984741211
1652476146,D,Humidity,38.52799987792969
1652476146,D,Pressure,101695.0
1652476146,D,Gas,3967.4560546875
1652476146,D,Accelerometer,0.0
1652476146,D,Light,1.0
1652476146,D,MIC,2.0
1652476146,D,RSSI,58.0
1652476148,E,Temperature,22.325000762939453
1652476148,E,Humidity,40.742000579833984
1652476148,E,Pressure,101671.0
1652476148,E,Gas,4265.0869140625
1652476148,E,Accelerometer,0.0
1652476148,E,Light,1.0
1652476148,E,MIC,3.0
1652476148,E,RSSI,70.0
1652476150,F,Temperature,23.614999771118164
1652476150,F,Humidity,37.374000549316406
1652476150,F,Pressure,101706.0
1652476150,F,Gas,3045.319091796875
1652476150,F,Accelerometer,0.0
1652476150,F,Light,0.0
1652476150,F,MIC,3.0
1652476150,F,RSSI,85.0
1652476153,C,Temperature,23.20499992370605
1652476153,C,Humidity,40.01300048828125
1652476153,C,Pressure,101689.0
1652476153,C,Gas,1291.72900390625
1652476153,C,Accelerometer,0.0
1652476153,C,Light,0.0
1652476153,C,MIC,3.0
1652476153,C,RSSI,74.0
1652476153,B,Temperature,23.5049991607666
1652476153,B,Humidity,40.402000427246094
1652476153,B,Pressure,101630.0
1652476153,B,Gas,4517.40380859375
1652476153,B,Accelerometer,0.0
1652476153,B,Light,0.0
1652476153,B,MIC,3.0
1652476153,B,RSSI,94.0
1652476154,A,Temperature,23.45499992370605
1652476154,A,Humidity,39.0369987487793
1652476154,A,Pressure,101665.0
1652476154,A,Gas,1315.925048828125
1652476154,A,Accelerometer,0.0
1652476154,A,Light,0.0
1652476154,A,MIC,1.0
1652476154,A,RSSI,83.0
1652476154,H,Temperature,23.045000076293945
1652476154,H,Humidity,38.97200012207031
1652476154,H,Pressure,101687.0
1652476154,H,Gas,4053.337890625
1652476154,H,Accelerometer,0.0
1652476154,H,Light,2.0
1652476154,H,MIC,3.0
1652476154,H,RSSI,79.0
1652476156,D,Temperature,23.28499984741211
1652476156,D,Humidity,38.553001403808594
1652476156,D,Pressure,101695.0
1652476156,D,Gas,3965.76708984375
1652476156,D,Accelerometer,0.0
1652476156,D,Light,1.0
1652476156,D,MIC,2.0
1652476156,D,RSSI,63.0
1652476158,E,Temperature,22.334999084472656
1652476158,E,Humidity,40.71900177001953
1652476158,E,Pressure,101673.0
1652476158,E,Gas,4260.43115234375
1652476158,E,Accelerometer,0.0
1652476158,E,Light,1.0
1652476158,E,MIC,3.0
1652476158,E,RSSI,60.0
1652476160,F,Temperature,23.614999771118164
1652476160,F,Humidity,37.35699844360352
1652476160,F,Pressure,101708.0
1652476160,F,Gas,3049.510009765625
1652476160,F,Accelerometer,0.0
1652476160,F,Light,0.0
1652476160,F,MIC,3.0
1652476160,F,RSSI,85.0
1652476162,C,Temperature,23.20499992370605
1652476162,C,Humidity,40.06900024414063
1652476162,C,Pressure,101689.0
1652476162,C,Gas,1272.531982421875
1652476162,C,Accelerometer,0.0
1652476162,C,Light,0.0
1652476162,C,MIC,3.0
1652476162,C,RSSI,74.0
1652476163,B,Temperature,23.5049991607666
1652476163,B,Humidity,40.435001373291016
1652476163,B,Pressure,101632.0
1652476163,B,Gas,4497.10009765625
1652476163,B,Accelerometer,0.0
1652476163,B,Light,0.0
1652476163,B,MIC,3.0
1652476163,B,RSSI,94.0
1652476164,A,Temperature,23.44499969482422
1652476164,A,Humidity,39.05400085449219
1652476164,A,Pressure,101667.0
1652476164,A,Gas,1315.737060546875
1652476164,A,Accelerometer,0.0
1652476164,A,Light,0.0
1652476164,A,MIC,1.0
1652476164,A,RSSI,83.0
1652476164,H,Temperature,23.045000076293945
1652476164,H,Humidity,38.99700164794922
1652476164,H,Pressure,101689.0
1652476164,H,Gas,4044.509033203125
1652476164,H,Accelerometer,0.0
1652476164,H,Light,2.0
1652476164,H,MIC,3.0
1652476164,H,RSSI,79.0
1652476166,D,Temperature,23.28499984741211
1652476166,D,Humidity,38.540000915527344
1652476166,D,Pressure,101695.0
1652476166,D,Gas,3953.041015625
1652476166,D,Accelerometer,0.0
1652476166,D,Light,1.0
1652476166,D,MIC,2.0
1652476166,D,RSSI,63.0
1652476168,E,Temperature,22.325000762939453
1652476168,E,Humidity,40.70000076293945
1652476168,E,Pressure,101673.0
1652476168,E,Gas,4263.55908203125
1652476168,E,Accelerometer,0.0
1652476168,E,Light,1.0
1652476168,E,MIC,3.0
1652476168,E,RSSI,60.0
1652476170,F,Temperature,23.625
1652476170,F,Humidity,37.34500122070313
1652476170,F,Pressure,101708.0
1652476170,F,Gas,3065.93896484375
1652476170,F,Accelerometer,0.0
1652476170,F,Light,0.0
1652476170,F,MIC,3.0
1652476170,F,RSSI,85.0
1652476172,C,Temperature,23.19499969482422
1652476172,C,Humidity,40.04899978637695
1652476172,C,Pressure,101691.0
1652476172,C,Gas,1267.4119873046875
1652476172,C,Accelerometer,0.0
1652476172,C,Light,0.0
1652476172,C,MIC,3.0
1652476172,C,RSSI,74.0
1652476173,B,Temperature,23.4950008392334
1652476173,B,Humidity,40.479000091552734
1652476173,B,Pressure,101632.0
1652476173,B,Gas,4484.97705078125
1652476173,B,Accelerometer,0.0
1652476173,B,Light,0.0
1652476173,B,MIC,3.0
1652476173,B,RSSI,94.0
1652476174,A,Temperature,23.44499969482422
1652476174,A,Humidity,39.0620002746582
1652476174,A,Pressure,101669.0
1652476174,A,Gas,1320.9840087890625
1652476174,A,Accelerometer,0.0
1652476174,A,Light,0.0
1652476174,A,MIC,1.0
1652476174,A,RSSI,83.0
1652476174,H,Temperature,23.05500030517578
1652476174,H,Humidity,38.959999084472656
1652476174,H,Pressure,101689.0
1652476174,H,Gas,4037.297119140625
1652476174,H,Accelerometer,0.0
1652476174,H,Light,2.0
1652476174,H,MIC,3.0
1652476174,H,RSSI,79.0
1652476176,D,Temperature,23.28499984741211
1652476176,D,Humidity,38.527000427246094
1652476176,D,Pressure,101697.0
1652476176,D,Gas,3949.702880859375
1652476176,D,Accelerometer,0.0
1652476176,D,Light,1.0
1652476176,D,MIC,2.0
1652476176,D,RSSI,63.0
1652476178,E,Temperature,22.325000762939453
1652476178,E,Humidity,40.67900085449219
1652476178,E,Pressure,101671.0
1652476178,E,Gas,4287.90380859375
1652476178,E,Accelerometer,0.0
1652476178,E,Light,1.0
1652476178,E,MIC,3.0
1652476178,E,RSSI,60.0
1652476180,F,Temperature,23.625
1652476180,F,Humidity,37.361000061035156
1652476180,F,Pressure,101706.0
1652476180,F,Gas,3059.096923828125
1652476180,F,Accelerometer,0.0
1652476180,F,Light,0.0
1652476180,F,MIC,3.0
1652476180,F,RSSI,92.0
1652476183,C,Temperature,23.19499969482422
1652476183,C,Humidity,40.06499862670898
1652476183,C,Pressure,101691.0
1652476183,C,Gas,1267.656005859375
1652476183,C,Accelerometer,0.0
1652476183,C,Light,0.0
1652476183,C,MIC,3.0
1652476183,C,RSSI,74.0
1652476183,B,Temperature,23.5049991607666
1652476183,B,Humidity,40.4630012512207
1652476183,B,Pressure,101632.0
1652476183,B,Gas,4474.8251953125
1652476183,B,Accelerometer,0.0
1652476183,B,Light,0.0
1652476183,B,MIC,3.0
1652476183,B,RSSI,94.0
1652476184,A,Temperature,23.45499992370605
1652476184,A,Humidity,39.05799865722656
1652476184,A,Pressure,101669.0
1652476184,A,Gas,1327.571044921875
1652476184,A,Accelerometer,0.0
1652476184,A,Light,0.0
1652476184,A,MIC,1.0
1652476184,A,RSSI,83.0
1652476184,H,Temperature,23.045000076293945
1652476184,H,Humidity,38.97200012207031
1652476184,H,Pressure,101689.0
1652476184,H,Gas,4025.876953125
1652476184,H,Accelerometer,0.0
1652476184,H,Light,2.0
1652476184,H,MIC,3.0
1652476184,H,RSSI,79.0
1652476186,D,Temperature,23.295000076293945
1652476186,D,Humidity,38.5099983215332
1652476186,D,Pressure,101697.0
1652476186,D,Gas,3944.445068359375
1652476186,D,Accelerometer,0.0
1652476186,D,Light,1.0
1652476186,D,MIC,3.0
1652476186,D,RSSI,63.0
1652476188,E,Temperature,22.315000534057614
1652476188,E,Humidity,40.77199935913086
1652476188,E,Pressure,101673.0
1652476188,E,Gas,4281.26611328125
1652476188,E,Accelerometer,0.0
1652476188,E,Light,1.0
1652476188,E,MIC,3.0
1652476188,E,RSSI,60.0
1652476191,F,Temperature,23.625
1652476191,F,Humidity,37.37099838256836
1652476191,F,Pressure,101708.0
1652476191,F,Gas,3068.90087890625
1652476191,F,Accelerometer,0.0
1652476191,F,Light,0.0
1652476191,F,MIC,3.0
1652476191,F,RSSI,92.0
1652476192,C,Temperature,23.184999465942386
1652476192,C,Humidity,40.11299896240234
1652476192,C,Pressure,101687.0
1652476192,C,Gas,1261.47802734375
1652476192,C,Accelerometer,0.0
1652476192,C,Light,0.0
1652476192,C,MIC,3.0
1652476192,C,RSSI,74.0
1652476194,B,Temperature,23.4950008392334
1652476194,B,Humidity,40.48500061035156
1652476194,B,Pressure,101632.0
1652476194,B,Gas,4458.125
1652476194,B,Accelerometer,0.0
1652476194,B,Light,0.0
1652476194,B,MIC,3.0
1652476194,B,RSSI,94.0
1652476194,A,Temperature,23.44499969482422
1652476194,A,Humidity,39.0890007019043
1652476194,A,Pressure,101669.0
1652476194,A,Gas,1319.6829833984375
1652476194,A,Accelerometer,0.0
1652476194,A,Light,0.0
1652476194,A,MIC,1.0
1652476194,A,RSSI,75.0
1652476194,H,Temperature,23.045000076293945
1652476194,H,Humidity,38.974998474121094
1652476194,H,Pressure,101691.0
1652476194,H,Gas,4027.7919921875
1652476194,H,Accelerometer,0.0
1652476194,H,Light,2.0
1652476194,H,MIC,3.0
1652476194,H,RSSI,82.0
1652476196,D,Temperature,23.295000076293945
1652476196,D,Humidity,38.507999420166016
1652476196,D,Pressure,101697.0
1652476196,D,Gas,3942.302001953125
1652476196,D,Accelerometer,0.0
1652476196,D,Light,1.0
1652476196,D,MIC,3.0
1652476196,D,RSSI,63.0
1652476198,E,Temperature,22.315000534057614
1652476198,E,Humidity,40.77399826049805
1652476198,E,Pressure,101675.0
1652476198,E,Gas,4285.58984375
1652476198,E,Accelerometer,0.0
1652476198,E,Light,1.0
1652476198,E,MIC,3.0
1652476198,E,RSSI,60.0
1652476202,F,Temperature,23.625
1652476202,F,Humidity,37.358001708984375
1652476202,F,Pressure,101708.0
1652476202,F,Gas,3055.112060546875
1652476202,F,Accelerometer,0.0
1652476202,F,Light,0.0
1652476202,F,MIC,3.0
1652476202,F,RSSI,92.0
1652476202,C,Temperature,23.20499992370605
1652476202,C,Humidity,40.04100036621094
1652476202,C,Pressure,101689.0
1652476202,C,Gas,1270.7779541015625
1652476202,C,Accelerometer,0.0
1652476202,C,Light,0.0
1652476202,C,MIC,3.0
1652476202,C,RSSI,74.0
1652476203,B,Temperature,23.5049991607666
1652476203,B,Humidity,40.474998474121094
1652476203,B,Pressure,101632.0
1652476203,B,Gas,4436.99609375
1652476203,B,Accelerometer,0.0
1652476203,B,Light,0.0
1652476203,B,MIC,3.0
1652476203,B,RSSI,94.0
1652476204,A,Temperature,23.44499969482422
1652476204,A,Humidity,39.10200119018555
1652476204,A,Pressure,101669.0
1652476204,A,Gas,1315.427001953125
1652476204,A,Accelerometer,0.0
1652476204,A,Light,0.0
1652476204,A,MIC,1.0
1652476204,A,RSSI,75.0
1652476205,H,Temperature,23.03499984741211
1652476205,H,Humidity,39.012001037597656
1652476205,H,Pressure,101691.0
1652476205,H,Gas,4030.58203125
1652476205,H,Accelerometer,0.0
1652476205,H,Light,2.0
1652476205,H,MIC,3.0
1652476205,H,RSSI,82.0
1652476206,D,Temperature,23.30500030517578
1652476206,D,Humidity,38.4739990234375
1652476206,D,Pressure,101697.0
1652476206,D,Gas,3948.47509765625
1652476206,D,Accelerometer,0.0
1652476206,D,Light,1.0
1652476206,D,MIC,3.0
1652476206,D,RSSI,53.0
1652476208,E,Temperature,22.325000762939453
1652476208,E,Humidity,40.75699996948242
1652476208,E,Pressure,101673.0
1652476208,E,Gas,4276.921875
1652476208,E,Accelerometer,0.0
1652476208,E,Light,1.0
1652476208,E,MIC,3.0
1652476208,E,RSSI,70.0
1652476211,F,Temperature,23.614999771118164
1652476211,F,Humidity,37.38999938964844
1652476211,F,Pressure,101710.0
1652476211,F,Gas,3069.990966796875
1652476211,F,Accelerometer,0.0
1652476211,F,Light,0.0
1652476211,F,MIC,3.0
1652476211,F,RSSI,92.0
1652476212,C,Temperature,23.19499969482422
1652476212,C,Humidity,40.04899978637695
1652476212,C,Pressure,101691.0
1652476212,C,Gas,1272.56005859375
1652476212,C,Accelerometer,0.0
1652476212,C,Light,0.0
1652476212,C,MIC,3.0
1652476212,C,RSSI,74.0
1652476213,B,Temperature,23.4950008392334
1652476213,B,Humidity,40.47600173950195
1652476213,B,Pressure,101630.0
1652476213,B,Gas,4432.046875
1652476213,B,Accelerometer,0.0
1652476213,B,Light,0.0
1652476213,B,MIC,3.0
1652476213,B,RSSI,94.0
1652476214,A,Temperature,23.44499969482422
1652476214,A,Humidity,39.09299850463867
1652476214,A,Pressure,101669.0
1652476214,A,Gas,1321.0340576171875
1652476214,A,Accelerometer,0.0
1652476214,A,Light,0.0
1652476214,A,MIC,1.0
1652476214,A,RSSI,75.0
1652476214,H,Temperature,23.03499984741211
1652476214,H,Humidity,39.00899887084961
1652476214,H,Pressure,101691.0
1652476214,H,Gas,4020.718017578125
1652476214,H,Accelerometer,0.0
1652476214,H,Light,2.0
1652476214,H,MIC,3.0
1652476214,H,RSSI,82.0
1652476216,D,Temperature,23.295000076293945
1652476216,D,Humidity,38.49599838256836
1652476216,D,Pressure,101697.0
1652476216,D,Gas,3959.074951171875
1652476216,D,Accelerometer,0.0
1652476216,D,Light,0.0
1652476216,D,MIC,3.0
1652476216,D,RSSI,53.0
1652476218,E,Temperature,22.315000534057614
1652476218,E,Humidity,40.77799987792969
1652476218,E,Pressure,101673.0
1652476218,E,Gas,4266.7080078125
1652476218,E,Accelerometer,0.0
1652476218,E,Light,1.0
1652476218,E,MIC,3.0
1652476218,E,RSSI,70.0
1652476220,F,Temperature,23.614999771118164
1652476220,F,Humidity,37.39599990844727
1652476220,F,Pressure,101708.0
1652476220,F,Gas,3078.337890625
1652476220,F,Accelerometer,0.0
1652476220,F,Light,0.0
1652476220,F,MIC,3.0
1652476220,F,RSSI,92.0
1652476222,C,Temperature,23.184999465942386
1652476222,C,Humidity,40.07600021362305
1652476222,C,Pressure,101691.0
1652476222,C,Gas,1267.7110595703125
1652476222,C,Accelerometer,0.0
1652476222,C,Light,0.0
1652476222,C,MIC,3.0
1652476222,C,RSSI,74.0
1652476223,B,Temperature,23.5049991607666
1652476223,B,Humidity,40.41400146484375
1652476223,B,Pressure,101632.0
1652476223,B,Gas,4436.4150390625
1652476223,B,Accelerometer,0.0
1652476223,B,Light,0.0
1652476223,B,MIC,3.0
1652476223,B,RSSI,90.0
1652476224,A,Temperature,23.44499969482422
1652476224,A,Humidity,39.07400131225586
1652476224,A,Pressure,101669.0
1652476224,A,Gas,1315.9749755859375
1652476224,A,Accelerometer,0.0
1652476224,A,Light,0.0
1652476224,A,MIC,1.0
1652476224,A,RSSI,75.0
1652476224,H,Temperature,23.03499984741211
1652476224,H,Humidity,39.00899887084961
1652476224,H,Pressure,101691.0
1652476224,H,Gas,4022.056884765625
1652476224,H,Accelerometer,0.0
1652476224,H,Light,2.0
1652476224,H,MIC,3.0
1652476224,H,RSSI,82.0
1652476226,D,Temperature,23.28499984741211
1652476226,D,Humidity,38.51300048828125
1652476226,D,Pressure,101695.0
1652476226,D,Gas,3948.048095703125
1652476226,D,Accelerometer,0.0
1652476226,D,Light,0.0
1652476226,D,MIC,3.0
1652476226,D,RSSI,53.0
1652476228,E,Temperature,22.325000762939453
1652476228,E,Humidity,40.75699996948242
1652476228,E,Pressure,101675.0
1652476228,E,Gas,4261.2119140625
1652476228,E,Accelerometer,0.0
1652476228,E,Light,1.0
1652476228,E,MIC,3.0
1652476228,E,RSSI,70.0
1652476231,F,Temperature,23.614999771118164
1652476231,F,Humidity,37.40499877929688
1652476231,F,Pressure,101708.0
1652476231,F,Gas,3066.465087890625
1652476231,F,Accelerometer,0.0
1652476231,F,Light,0.0
1652476231,F,MIC,3.0
1652476231,F,RSSI,87.0
1652476233,C,Temperature,23.17499923706055
1652476233,C,Humidity,40.06100082397461
1652476233,C,Pressure,101687.0
1652476233,C,Gas,1274.802001953125
1652476233,C,Accelerometer,0.0
1652476233,C,Light,0.0
1652476233,C,MIC,3.0
1652476233,C,RSSI,78.0
1652476233,B,Temperature,23.4950008392334
1652476233,B,Humidity,40.43999862670898
1652476233,B,Pressure,101632.0
1652476233,B,Gas,4425.875
1652476233,B,Accelerometer,0.0
1652476233,B,Light,0.0
1652476233,B,MIC,3.0
1652476233,B,RSSI,90.0
1652476234,H,Temperature,23.03499984741211
1652476234,H,Humidity,39.01900100708008
1652476234,H,Pressure,101691.0
1652476234,H,Gas,4023.85693359375
1652476234,H,Accelerometer,0.0
1652476234,H,Light,2.0
1652476234,H,MIC,3.0
1652476234,H,RSSI,81.0
1652476234,A,Temperature,23.434999465942386
1652476234,A,Humidity,39.09299850463867
1652476234,A,Pressure,101669.0
1652476234,A,Gas,1324.7039794921875
1652476234,A,Accelerometer,0.0
1652476234,A,Light,0.0
1652476234,A,MIC,1.0
1652476234,A,RSSI,75.0
1652476236,D,Temperature,23.28499984741211
1652476236,D,Humidity,38.53200149536133
1652476236,D,Pressure,101695.0
1652476236,D,Gas,3956.02001953125
1652476236,D,Accelerometer,0.0
1652476236,D,Light,0.0
1652476236,D,MIC,3.0
1652476236,D,RSSI,53.0
1652476238,E,Temperature,22.325000762939453
1652476238,E,Humidity,40.79199981689453
1652476238,E,Pressure,101673.0
1652476238,E,Gas,4260.52001953125
1652476238,E,Accelerometer,0.0
1652476238,E,Light,1.0
1652476238,E,MIC,3.0
1652476238,E,RSSI,70.0
1652476240,F,Temperature,23.614999771118164
1652476240,F,Humidity,37.37900161743164
1652476240,F,Pressure,101708.0
1652476240,F,Gas,3066.470947265625
1652476240,F,Accelerometer,0.0
1652476240,F,Light,0.0
1652476240,F,MIC,3.0
1652476240,F,RSSI,87.0
1652476243,C,Temperature,23.17499923706055
1652476243,C,Humidity,40.10499954223633
1652476243,C,Pressure,101687.0
1652476243,C,Gas,1268.8070068359375
1652476243,C,Accelerometer,0.0
1652476243,C,Light,0.0
1652476243,C,MIC,3.0
1652476243,C,RSSI,78.0
1652476244,B,Temperature,23.5049991607666
1652476244,B,Humidity,40.43600082397461
1652476244,B,Pressure,101630.0
1652476244,B,Gas,4436.98486328125
1652476244,B,Accelerometer,0.0
1652476244,B,Light,0.0
1652476244,B,MIC,3.0
1652476244,B,RSSI,90.0
1652476244,A,Temperature,23.44499969482422
1652476244,A,Humidity,39.10900115966797
1652476244,A,Pressure,101669.0
1652476244,A,Gas,1316.156982421875
1652476244,A,Accelerometer,0.0
1652476244,A,Light,0.0
1652476244,A,MIC,1.0
1652476244,A,RSSI,75.0
1652476244,H,Temperature,23.03499984741211
1652476244,H,Humidity,39.0099983215332
1652476244,H,Pressure,101693.0
1652476244,H,Gas,4020.89501953125
1652476244,H,Accelerometer,0.0
1652476244,H,Light,2.0
1652476244,H,MIC,3.0
1652476244,H,RSSI,81.0
1652476246,D,Temperature,23.274999618530273
1652476246,D,Humidity,38.56700134277344
1652476246,D,Pressure,101693.0
1652476246,D,Gas,3947.68310546875
1652476246,D,Accelerometer,0.0
1652476246,D,Light,0.0
1652476246,D,MIC,3.0
1652476246,D,RSSI,53.0
1652476248,E,Temperature,22.315000534057614
1652476248,E,Humidity,40.80799865722656
1652476248,E,Pressure,101671.0
1652476248,E,Gas,4245.1640625
1652476248,E,Accelerometer,0.0
1652476248,E,Light,1.0
1652476248,E,MIC,3.0
1652476248,E,RSSI,70.0
1652476250,F,Temperature,23.614999771118164
1652476250,F,Humidity,37.4109992980957
1652476250,F,Pressure,101708.0
1652476250,F,Gas,3064.655029296875
1652476250,F,Accelerometer,0.0
1652476250,F,Light,0.0
1652476250,F,MIC,3.0
1652476250,F,RSSI,87.0
1652476252,C,Temperature,23.17499923706055
1652476252,C,Humidity,40.1150016784668
1652476252,C,Pressure,101689.0
1652476252,C,Gas,1273.4129638671875
1652476252,C,Accelerometer,0.0
1652476252,C,Light,0.0
1652476252,C,MIC,3.0
1652476252,C,RSSI,78.0
1652476253,B,Temperature,23.5049991607666
1652476253,B,Humidity,40.47000122070313
1652476253,B,Pressure,101632.0
1652476253,B,Gas,4432.716796875
1652476253,B,Accelerometer,0.0
1652476253,B,Light,0.0
1652476253,B,MIC,3.0
1652476253,B,RSSI,90.0
1652476254,H,Temperature,23.03499984741211
1652476254,H,Humidity,39.02799987792969
1652476254,H,Pressure,101691.0
1652476254,H,Gas,4026.208984375
1652476254,H,Accelerometer,0.0
1652476254,H,Light,2.0
1652476254,H,MIC,3.0
1652476254,H,RSSI,81.0
1652476255,A,Temperature,23.44499969482422
1652476255,A,Humidity,39.09500122070313
1652476255,A,Pressure,101669.0
1652476255,A,Gas,1291.884033203125
1652476255,A,Accelerometer,0.0
1652476255,A,Light,0.0
1652476255,A,MIC,1.0
1652476255,A,RSSI,85.0
1652476256,D,Temperature,23.274999618530273
1652476256,D,Humidity,38.59299850463867
1652476256,D,Pressure,101701.0
1652476256,D,Gas,3956.05810546875
1652476256,D,Accelerometer,0.0
1652476256,D,Light,0.0
1652476256,D,MIC,3.0
1652476256,D,RSSI,53.0
1652476258,E,Temperature,22.315000534057614
1652476258,E,Humidity,40.82600021362305
1652476258,E,Pressure,101671.0
1652476258,E,Gas,4239.66796875
1652476258,E,Accelerometer,0.0
1652476258,E,Light,1.0
1652476258,E,MIC,3.0
1652476258,E,RSSI,69.0
1652476260,F,Temperature,23.614999771118164
1652476260,F,Humidity,37.38600158691406
1652476260,F,Pressure,101710.0
1652476260,F,Gas,3071.76806640625
1652476260,F,Accelerometer,0.0
1652476260,F,Light,0.0
1652476260,F,MIC,3.0
1652476260,F,RSSI,87.0
1652476262,C,Temperature,23.17499923706055
1652476262,C,Humidity,40.104000091552734
1652476262,C,Pressure,101689.0
1652476262,C,Gas,1252.68798828125
1652476262,C,Accelerometer,0.0
1652476262,C,Light,0.0
1652476262,C,MIC,3.0
1652476262,C,RSSI,78.0
1652476264,B,Temperature,23.4950008392334
1652476264,B,Humidity,40.446998596191406
1652476264,B,Pressure,101634.0
1652476264,B,Gas,4435.80615234375
1652476264,B,Accelerometer,0.0
1652476264,B,Light,0.0
1652476264,B,MIC,3.0
1652476264,B,RSSI,90.0
1652476264,A,Temperature,23.44499969482422
1652476264,A,Humidity,39.09099960327149
1652476264,A,Pressure,101669.0
1652476264,A,Gas,1285.5179443359375
1652476264,A,Accelerometer,0.0
1652476264,A,Light,0.0
1652476264,A,MIC,1.0
1652476264,A,RSSI,85.0
1652476265,H,Temperature,23.024999618530273
1652476265,H,Humidity,39.03799819946289
1652476265,H,Pressure,101691.0
1652476265,H,Gas,4034.634033203125
1652476265,H,Accelerometer,0.0
1652476265,H,Light,2.0
1652476265,H,MIC,3.0
1652476265,H,RSSI,81.0
1652476266,D,Temperature,23.274999618530273
1652476266,D,Humidity,38.59700012207031
1652476266,D,Pressure,101699.0
1652476266,D,Gas,3949.93603515625
1652476266,D,Accelerometer,0.0
1652476266,D,Light,1.0
1652476266,D,MIC,3.0
1652476266,D,RSSI,53.0
1652476268,E,Temperature,22.315000534057614
1652476268,E,Humidity,40.77099990844727
1652476268,E,Pressure,101673.0
1652476268,E,Gas,4249.56005859375
1652476268,E,Accelerometer,0.0
1652476268,E,Light,1.0
1652476268,E,MIC,3.0
1652476268,E,RSSI,69.0
1652476271,F,Temperature,23.614999771118164
1652476271,F,Humidity,37.400001525878906
1652476271,F,Pressure,101710.0
1652476271,F,Gas,3060.364990234375
1652476271,F,Accelerometer,0.0
1652476271,F,Light,0.0
1652476271,F,MIC,3.0
1652476271,F,RSSI,87.0
1652476272,C,Temperature,23.17499923706055
1652476272,C,Humidity,40.11800003051758
1652476272,C,Pressure,101687.0
1652476272,C,Gas,1264.6939697265625
1652476272,C,Accelerometer,0.0
1652476272,C,Light,0.0
1652476272,C,MIC,3.0
1652476272,C,RSSI,78.0
1652476274,B,Temperature,23.4950008392334
1652476274,B,Humidity,40.41899871826172
1652476274,B,Pressure,101634.0
1652476274,B,Gas,4434.6650390625
1652476274,B,Accelerometer,0.0
1652476274,B,Light,0.0
1652476274,B,MIC,3.0
1652476274,B,RSSI,93.0
1652476275,H,Temperature,23.03499984741211
1652476275,H,Humidity,39.0260009765625
1652476275,H,Pressure,101691.0
1652476275,H,Gas,4032.469970703125
1652476275,H,Accelerometer,0.0
1652476275,H,Light,2.0
1652476275,H,MIC,3.0
1652476275,H,RSSI,81.0
1652476275,A,Temperature,23.44499969482422
1652476275,A,Humidity,39.06499862670898
1652476275,A,Pressure,101669.0
1652476275,A,Gas,1291.3089599609375
1652476275,A,Accelerometer,0.0
1652476275,A,Light,0.0
1652476275,A,MIC,1.0
1652476275,A,RSSI,85.0
1652476276,D,Temperature,23.274999618530273
1652476276,D,Humidity,38.58300018310547
1652476276,D,Pressure,101699.0
1652476276,D,Gas,3958.06689453125
1652476276,D,Accelerometer,0.0
1652476276,D,Light,0.0
1652476276,D,MIC,3.0
1652476276,D,RSSI,53.0
1652476278,E,Temperature,22.315000534057614
1652476278,E,Humidity,40.75
1652476278,E,Pressure,101673.0
1652476278,E,Gas,4266.3427734375
1652476278,E,Accelerometer,0.0
1652476278,E,Light,1.0
1652476278,E,MIC,3.0
1652476278,E,RSSI,69.0
1652476281,F,Temperature,23.614999771118164
1652476281,F,Humidity,37.38600158691406
1652476281,F,Pressure,101708.0
1652476281,F,Gas,3061.156982421875
1652476281,F,Accelerometer,0.0
1652476281,F,Light,0.0
1652476281,F,MIC,3.0
1652476281,F,RSSI,91.0
1652476283,C,Temperature,23.17499923706055
1652476283,C,Humidity,40.16400146484375
1652476283,C,Pressure,101689.0
1652476283,C,Gas,1254.260009765625
1652476283,C,Accelerometer,0.0
1652476283,C,Light,0.0
1652476283,C,MIC,3.0
1652476283,C,RSSI,78.0
1652476284,B,Temperature,23.4950008392334
1652476284,B,Humidity,40.39400100708008
1652476284,B,Pressure,101634.0
1652476284,B,Gas,4445.84716796875
1652476284,B,Accelerometer,0.0
1652476284,B,Light,0.0
1652476284,B,MIC,3.0
1652476284,B,RSSI,93.0
1652476285,H,Temperature,23.03499984741211
1652476285,H,Humidity,39.02899932861328
1652476285,H,Pressure,101693.0
1652476285,H,Gas,4044.824951171875
1652476285,H,Accelerometer,0.0
1652476285,H,Light,2.0
1652476285,H,MIC,3.0
1652476285,H,RSSI,79.0
1652476286,A,Temperature,23.45499992370605
1652476286,A,Humidity,39.03900146484375
1652476286,A,Pressure,101667.0
1652476286,A,Gas,1285.7840576171875
1652476286,A,Accelerometer,0.0
1652476286,A,Light,0.0
1652476286,A,MIC,1.0
1652476286,A,RSSI,85.0
1652476286,D,Temperature,23.274999618530273
1652476286,D,Humidity,38.58000183105469
1652476286,D,Pressure,101697.0
1652476286,D,Gas,3946.73095703125
1652476286,D,Accelerometer,0.0
1652476286,D,Light,1.0
1652476286,D,MIC,3.0
1652476286,D,RSSI,53.0
1652476288,E,Temperature,22.315000534057614
1652476288,E,Humidity,40.74800109863281
1652476288,E,Pressure,101673.0
1652476288,E,Gas,4270.2177734375
1652476288,E,Accelerometer,0.0
1652476288,E,Light,1.0
1652476288,E,MIC,3.0
1652476288,E,RSSI,69.0
1652476290,F,Temperature,23.604999542236328
1652476290,F,Humidity,37.38000106811523
1652476290,F,Pressure,101704.0
1652476290,F,Gas,3067.14599609375
1652476290,F,Accelerometer,0.0
1652476290,F,Light,0.0
1652476290,F,MIC,3.0
1652476290,F,RSSI,91.0
1652476293,C,Temperature,23.17499923706055
1652476293,C,Humidity,40.12900161743164
1652476293,C,Pressure,101685.0
1652476293,C,Gas,1262.884033203125
1652476293,C,Accelerometer,0.0
1652476293,C,Light,0.0
1652476293,C,MIC,3.0
1652476293,C,RSSI,78.0
1652476293,B,Temperature,23.4950008392334
1652476293,B,Humidity,40.4010009765625
1652476293,B,Pressure,101630.0
1652476293,B,Gas,4456.29296875
1652476293,B,Accelerometer,0.0
1652476293,B,Light,0.0
1652476293,B,MIC,3.0
1652476293,B,RSSI,93.0
1652476295,H,Temperature,23.024999618530273
1652476295,H,Humidity,39.05199813842773
1652476295,H,Pressure,101689.0
1652476295,H,Gas,4053.69189453125
1652476295,H,Accelerometer,0.0
1652476295,H,Light,2.0
1652476295,H,MIC,3.0
1652476295,H,RSSI,79.0
1652476296,A,Temperature,23.44499969482422
1652476296,A,Humidity,39.071998596191406
1652476296,A,Pressure,101667.0
1652476296,A,Gas,1286.3990478515625
1652476296,A,Accelerometer,0.0
1652476296,A,Light,0.0
1652476296,A,MIC,1.0
1652476296,A,RSSI,75.0
1652476296,D,Temperature,23.274999618530273
1652476296,D,Humidity,38.599998474121094
1652476296,D,Pressure,101697.0
1652476296,D,Gas,3946.89111328125
1652476296,D,Accelerometer,0.0
1652476296,D,Light,0.0
1652476296,D,MIC,3.0
1652476296,D,RSSI,53.0
1652476298,E,Temperature,22.30500030517578
1652476298,E,Humidity,40.803001403808594
1652476298,E,Pressure,101673.0
1652476298,E,Gas,4266.47607421875
1652476298,E,Accelerometer,0.0
1652476298,E,Light,1.0
1652476298,E,MIC,3.0
1652476298,E,RSSI,69.0
1652476300,F,Temperature,23.614999771118164
1652476300,F,Humidity,37.3650016784668
1652476300,F,Pressure,101706.0
1652476300,F,Gas,3070.506103515625
1652476300,F,Accelerometer,0.0
1652476300,F,Light,0.0
1652476300,F,MIC,3.0
1652476300,F,RSSI,91.0
1652476303,C,Temperature,23.17499923706055
1652476303,C,Humidity,40.15800094604492
1652476303,C,Pressure,101685.0
1652476303,C,Gas,1252.2889404296875
1652476303,C,Accelerometer,0.0
1652476303,C,Light,0.0
1652476303,C,MIC,3.0
1652476303,C,RSSI,78.0
1652476304,B,Temperature,23.48500061035156
1652476304,B,Humidity,40.42200088500977
1652476304,B,Pressure,101632.0
1652476304,B,Gas,4456.08203125
1652476304,B,Accelerometer,0.0
1652476304,B,Light,0.0
1652476304,B,MIC,3.0
1652476304,B,RSSI,93.0
1652476304,A,Temperature,23.434999465942386
1652476304,A,Humidity,39.09600067138672
1652476304,A,Pressure,101667.0
1652476304,A,Gas,1292.52099609375
1652476304,A,Accelerometer,0.0
1652476304,A,Light,0.0
1652476304,A,MIC,1.0
1652476304,A,RSSI,75.0
1652476305,H,Temperature,23.024999618530273
1652476305,H,Humidity,39.03900146484375
1652476305,H,Pressure,101689.0
1652476305,H,Gas,4050.737060546875
1652476305,H,Accelerometer,0.0
1652476305,H,Light,2.0
1652476305,H,MIC,3.0
1652476305,H,RSSI,79.0
1652476306,D,Temperature,23.28499984741211
1652476306,D,Humidity,38.56900024414063
1652476306,D,Pressure,101695.0
1652476306,D,Gas,3949.205078125
1652476306,D,Accelerometer,0.0
1652476306,D,Light,0.0
1652476306,D,MIC,3.0
1652476306,D,RSSI,59.0
1652476308,E,Temperature,22.315000534057614
1652476308,E,Humidity,40.790000915527344
1652476308,E,Pressure,101673.0
1652476308,E,Gas,4265.4521484375
1652476308,E,Accelerometer,0.0
1652476308,E,Light,1.0
1652476308,E,MIC,3.0
1652476308,E,RSSI,73.0
1652476311,F,Temperature,23.604999542236328
1652476311,F,Humidity,37.39500045776367
1652476311,F,Pressure,101704.0
1652476311,F,Gas,3088.346923828125
1652476311,F,Accelerometer,0.0
1652476311,F,Light,0.0
1652476311,F,MIC,3.0
1652476311,F,RSSI,91.0
1652476313,C,Temperature,23.184999465942386
1652476313,C,Humidity,40.1150016784668
1652476313,C,Pressure,101687.0
1652476313,C,Gas,1244.1080322265625
1652476313,C,Accelerometer,0.0
1652476313,C,Light,0.0
1652476313,C,MIC,3.0
1652476313,C,RSSI,78.0
1652476314,B,Temperature,23.48500061035156
1652476314,B,Humidity,40.40800094604492
1652476314,B,Pressure,101630.0
1652476314,B,Gas,4460.68212890625
1652476314,B,Accelerometer,0.0
1652476314,B,Light,0.0
1652476314,B,MIC,3.0
1652476314,B,RSSI,93.0
1652476314,A,Temperature,23.434999465942386
1652476314,A,Humidity,39.09400177001953
1652476314,A,Pressure,101669.0
1652476314,A,Gas,1288.9119873046875
1652476314,A,Accelerometer,0.0
1652476314,A,Light,0.0
1652476314,A,MIC,1.0
1652476314,A,RSSI,75.0
1652476315,H,Temperature,23.01499938964844
1652476315,H,Humidity,39.0880012512207
1652476315,H,Pressure,101691.0
1652476315,H,Gas,4052.136962890625
1652476315,H,Accelerometer,0.0
1652476315,H,Light,2.0
1652476315,H,MIC,3.0
1652476315,H,RSSI,79.0
1652476316,D,Temperature,23.28499984741211
1652476316,D,Humidity,38.55500030517578
1652476316,D,Pressure,101695.0
1652476316,D,Gas,3937.570068359375
1652476316,D,Accelerometer,0.0
1652476316,D,Light,0.0
1652476316,D,MIC,3.0
1652476316,D,RSSI,59.0
1652476318,E,Temperature,22.315000534057614
1652476318,E,Humidity,40.823001861572266
1652476318,E,Pressure,101673.0
1652476318,E,Gas,4259.0029296875
1652476318,E,Accelerometer,0.0
1652476318,E,Light,1.0
1652476318,E,MIC,3.0
1652476318,E,RSSI,73.0
1652476321,F,Temperature,23.614999771118164
1652476321,F,Humidity,37.38600158691406
1652476321,F,Pressure,101706.0
1652476321,F,Gas,3081.803955078125
1652476321,F,Accelerometer,0.0
1652476321,F,Light,0.0
1652476321,F,MIC,3.0
1652476321,F,RSSI,91.0
1652476323,C,Temperature,23.165000915527344
1652476323,C,Humidity,40.12799835205078
1652476323,C,Pressure,101689.0
1652476323,C,Gas,1251.491943359375
1652476323,C,Accelerometer,0.0
1652476323,C,Light,0.0
1652476323,C,MIC,3.0
1652476323,C,RSSI,78.0
1652476324,B,Temperature,23.48500061035156
1652476324,B,Humidity,40.42900085449219
1652476324,B,Pressure,101630.0
1652476324,B,Gas,4481.744140625
1652476324,B,Accelerometer,0.0
1652476324,B,Light,0.0
1652476324,B,MIC,3.0
1652476324,B,RSSI,95.0
1652476324,H,Temperature,23.01499938964844
1652476324,H,Humidity,39.06700134277344
1652476324,H,Pressure,101691.0
1652476324,H,Gas,4048.876953125
1652476324,H,Accelerometer,0.0
1652476324,H,Light,2.0
1652476324,H,MIC,3.0
1652476324,H,RSSI,79.0
1652476325,A,Temperature,23.434999465942386
1652476325,A,Humidity,39.13399887084961
1652476325,A,Pressure,101669.0
1652476325,A,Gas,1284.887939453125
1652476325,A,Accelerometer,0.0
1652476325,A,Light,0.0
1652476325,A,MIC,1.0
1652476325,A,RSSI,75.0
1652476327,D,Temperature,23.28499984741211
1652476327,D,Humidity,38.57899856567383
1652476327,D,Pressure,101697.0
1652476327,D,Gas,3947.6220703125
1652476327,D,Accelerometer,0.0
1652476327,D,Light,0.0
1652476327,D,MIC,3.0
1652476327,D,RSSI,59.0
1652476328,E,Temperature,22.30500030517578
1652476328,E,Humidity,40.84700012207031
1652476328,E,Pressure,101671.0
1652476328,E,Gas,4249.7421875
1652476328,E,Accelerometer,0.0
1652476328,E,Light,1.0
1652476328,E,MIC,3.0
1652476328,E,RSSI,73.0
1652476332,C,Temperature,23.165000915527344
1652476332,C,Humidity,40.108001708984375
1652476332,C,Pressure,101685.0
1652476332,C,Gas,1246.6820068359375
1652476332,C,Accelerometer,0.0
1652476332,C,Light,0.0
1652476332,C,MIC,3.0
1652476332,C,RSSI,76.0
1652476334,B,Temperature,23.48500061035156
1652476334,B,Humidity,40.42200088500977
1652476334,B,Pressure,101630.0
1652476334,B,Gas,4485.93994140625
1652476334,B,Accelerometer,0.0
1652476334,B,Light,0.0
1652476334,B,MIC,3.0
1652476334,B,RSSI,95.0
1652476334,F,Temperature,23.604999542236328
1652476334,F,Humidity,37.42499923706055
1652476334,F,Pressure,101706.0
1652476334,F,Gas,3078.6708984375
1652476334,F,Accelerometer,0.0
1652476334,F,Light,0.0
1652476334,F,MIC,3.0
1652476334,F,RSSI,85.0
1652476334,A,Temperature,23.434999465942386
1652476334,A,Humidity,39.1150016784668
1652476334,A,Pressure,101669.0
1652476334,A,Gas,1287.008056640625
1652476334,A,Accelerometer,0.0
1652476334,A,Light,0.0
1652476334,A,MIC,1.0
1652476334,A,RSSI,75.0
1652476336,H,Temperature,23.024999618530273
1652476336,H,Humidity,39.02099990844727
1652476336,H,Pressure,101691.0
1652476336,H,Gas,4051.035888671875
1652476336,H,Accelerometer,0.0
1652476336,H,Light,2.0
1652476336,H,MIC,3.0
1652476336,H,RSSI,79.0
1652476337,D,Temperature,23.28499984741211
1652476337,D,Humidity,38.558998107910156
1652476337,D,Pressure,101697.0
1652476337,D,Gas,3932.842041015625
1652476337,D,Accelerometer,0.0
1652476337,D,Light,0.0
1652476337,D,MIC,3.0
1652476337,D,RSSI,59.0
1652476338,E,Temperature,22.30500030517578
1652476338,E,Humidity,40.83599853515625
1652476338,E,Pressure,101671.0
1652476338,E,Gas,4247.9658203125
1652476338,E,Accelerometer,0.0
1652476338,E,Light,1.0
1652476338,E,MIC,3.0
1652476338,E,RSSI,73.0
1652476341,F,Temperature,23.614999771118164
1652476341,F,Humidity,37.4010009765625
1652476341,F,Pressure,101708.0
1652476341,F,Gas,3089.697021484375
1652476341,F,Accelerometer,0.0
1652476341,F,Light,0.0
1652476341,F,MIC,3.0
1652476341,F,RSSI,85.0
1652476343,C,Temperature,23.17499923706055
1652476343,C,Humidity,40.10100173950195
1652476343,C,Pressure,101687.0
1652476343,C,Gas,1247.7060546875
1652476343,C,Accelerometer,0.0
1652476343,C,Light,0.0
1652476343,C,MIC,3.0
1652476343,C,RSSI,76.0
1652476344,B,Temperature,23.4950008392334
1652476344,B,Humidity,40.45600128173828
1652476344,B,Pressure,101632.0
1652476344,B,Gas,4480.3828125
1652476344,B,Accelerometer,0.0
1652476344,B,Light,0.0
1652476344,B,MIC,3.0
1652476344,B,RSSI,95.0
1652476345,H,Temperature,23.01499938964844
1652476345,H,Humidity,39.07799911499024
1652476345,H,Pressure,101693.0
1652476345,H,Gas,4040.534912109375
1652476345,H,Accelerometer,0.0
1652476345,H,Light,2.0
1652476345,H,MIC,3.0
1652476345,H,RSSI,81.0
1652476345,A,Temperature,23.434999465942386
1652476345,A,Humidity,39.08399963378906
1652476345,A,Pressure,101669.0
1652476345,A,Gas,1284.1240234375
1652476345,A,Accelerometer,0.0
1652476345,A,Light,0.0
1652476345,A,MIC,1.0
1652476345,A,RSSI,83.0
1652476347,D,Temperature,23.28499984741211
1652476347,D,Humidity,38.57500076293945
1652476347,D,Pressure,101699.0
1652476347,D,Gas,3939.662109375
1652476347,D,Accelerometer,0.0
1652476347,D,Light,0.0
1652476347,D,MIC,3.0
1652476347,D,RSSI,59.0
1652476348,E,Temperature,22.30500030517578
1652476348,E,Humidity,40.78300094604492
1652476348,E,Pressure,101673.0
1652476348,E,Gas,4255.587890625
1652476348,E,Accelerometer,0.0
1652476348,E,Light,1.0
1652476348,E,MIC,3.0
1652476348,E,RSSI,73.0
1652476351,F,Temperature,23.604999542236328
1652476351,F,Humidity,37.4119987487793
1652476351,F,Pressure,101706.0
1652476351,F,Gas,3084.072998046875
1652476351,F,Accelerometer,0.0
1652476351,F,Light,0.0
1652476351,F,MIC,3.0
1652476351,F,RSSI,85.0
1652476353,C,Temperature,23.184999465942386
1652476353,C,Humidity,40.117000579833984
1652476353,C,Pressure,101687.0
1652476353,C,Gas,1245.7900390625
1652476353,C,Accelerometer,0.0
1652476353,C,Light,0.0
1652476353,C,MIC,3.0
1652476353,C,RSSI,76.0
1652476354,A,Temperature,23.434999465942386
1652476354,A,Humidity,39.10900115966797
1652476354,A,Pressure,101669.0
1652476354,A,Gas,1289.3929443359375
1652476354,A,Accelerometer,0.0
1652476354,A,Light,0.0
1652476354,A,MIC,1.0
1652476354,A,RSSI,83.0
1652476355,H,Temperature,23.01499938964844
1652476355,H,Humidity,39.10100173950195
1652476355,H,Pressure,101689.0
1652476355,H,Gas,4033.60400390625
1652476355,H,Accelerometer,0.0
1652476355,H,Light,2.0
1652476355,H,MIC,3.0
1652476355,H,RSSI,81.0
1652476355,B,Temperature,23.48500061035156
1652476355,B,Humidity,40.45600128173828
1652476355,B,Pressure,101632.0
1652476355,B,Gas,4473.56298828125
1652476355,B,Accelerometer,0.0
1652476355,B,Light,0.0
1652476355,B,MIC,3.0
1652476355,B,RSSI,95.0
1652476357,D,Temperature,23.28499984741211
1652476357,D,Humidity,38.53900146484375
1652476357,D,Pressure,101697.0
1652476357,D,Gas,3929.172119140625
1652476357,D,Accelerometer,0.0
1652476357,D,Light,0.0
1652476357,D,MIC,3.0
1652476357,D,RSSI,62.0
1652476358,E,Temperature,22.315000534057614
1652476358,E,Humidity,40.79999923706055
1652476358,E,Pressure,101673.0
1652476358,E,Gas,4256.27392578125
1652476358,E,Accelerometer,0.0
1652476358,E,Light,1.0
1652476358,E,MIC,3.0
1652476358,E,RSSI,68.0
1652476361,F,Temperature,23.604999542236328
1652476361,F,Humidity,37.42699813842773
1652476361,F,Pressure,101706.0
1652476361,F,Gas,3083.220947265625
1652476361,F,Accelerometer,0.0
1652476361,F,Light,0.0
1652476361,F,MIC,3.0
1652476361,F,RSSI,85.0
1652476362,C,Temperature,23.184999465942386
1652476362,C,Humidity,40.1349983215332
1652476362,C,Pressure,101685.0
1652476362,C,Gas,1246.7540283203125
1652476362,C,Accelerometer,0.0
1652476362,C,Light,0.0
1652476362,C,MIC,3.0
1652476362,C,RSSI,76.0
1652476364,B,Temperature,23.48500061035156
1652476364,B,Humidity,40.4119987487793
1652476364,B,Pressure,101634.0
1652476364,B,Gas,4481.55615234375
1652476364,B,Accelerometer,0.0
1652476364,B,Light,0.0
1652476364,B,MIC,3.0
1652476364,B,RSSI,95.0
1652476364,A,Temperature,23.42499923706055
1652476364,A,Humidity,39.11299896240234
1652476364,A,Pressure,101665.0
1652476364,A,Gas,1290.6669921875
1652476364,A,Accelerometer,0.0
1652476364,A,Light,0.0
1652476364,A,MIC,1.0
1652476364,A,RSSI,83.0
1652476365,H,Temperature,23.01499938964844
1652476365,H,Humidity,39.09299850463867
1652476365,H,Pressure,101691.0
1652476365,H,Gas,4030.195068359375
1652476365,H,Accelerometer,0.0
1652476365,H,Light,2.0
1652476365,H,MIC,3.0
1652476365,H,RSSI,81.0
1652476367,D,Temperature,23.28499984741211
1652476367,D,Humidity,38.560001373291016
1652476367,D,Pressure,101697.0
1652476367,D,Gas,3954.840087890625
1652476367,D,Accelerometer,0.0
1652476367,D,Light,0.0
1652476367,D,MIC,3.0
1652476367,D,RSSI,62.0
1652476368,E,Temperature,22.30500030517578
1652476368,E,Humidity,40.84700012207031
1652476368,E,Pressure,101671.0
1652476368,E,Gas,4249.283203125
1652476368,E,Accelerometer,0.0
1652476368,E,Light,1.0
1652476368,E,MIC,3.0
1652476368,E,RSSI,68.0
1652476371,F,Temperature,23.614999771118164
1652476371,F,Humidity,37.400001525878906
1652476371,F,Pressure,101712.0
1652476371,F,Gas,3083.962890625
1652476371,F,Accelerometer,0.0
1652476371,F,Light,0.0
1652476371,F,MIC,3.0
1652476371,F,RSSI,85.0
1652476372,C,Temperature,23.184999465942386
1652476372,C,Humidity,40.12900161743164
1652476372,C,Pressure,101685.0
1652476372,C,Gas,1251.43701171875
1652476372,C,Accelerometer,0.0
1652476372,C,Light,0.0
1652476372,C,MIC,3.0
1652476372,C,RSSI,76.0
1652476374,B,Temperature,23.48500061035156
1652476374,B,Humidity,40.4109992980957
1652476374,B,Pressure,101634.0
1652476374,B,Gas,4495.77685546875
1652476374,B,Accelerometer,0.0
1652476374,B,Light,0.0
1652476374,B,MIC,3.0
1652476374,B,RSSI,92.0
1652476375,A,Temperature,23.42499923706055
1652476375,A,Humidity,39.09299850463867
1652476375,A,Pressure,101665.0
1652476375,A,Gas,1300.7359619140625
1652476375,A,Accelerometer,0.0
1652476375,A,Light,0.0
1652476375,A,MIC,1.0
1652476375,A,RSSI,83.0
1652476375,H,Temperature,23.01499938964844
1652476375,H,Humidity,39.10499954223633
1652476375,H,Pressure,101689.0
1652476375,H,Gas,4018.791015625
1652476375,H,Accelerometer,0.0
1652476375,H,Light,2.0
1652476375,H,MIC,3.0
1652476375,H,RSSI,81.0
1652476377,D,Temperature,23.26499938964844
1652476377,D,Humidity,38.608001708984375
1652476377,D,Pressure,101695.0
1652476377,D,Gas,3957.87890625
1652476377,D,Accelerometer,0.0
1652476377,D,Light,0.0
1652476377,D,MIC,3.0
1652476377,D,RSSI,62.0
1652476378,E,Temperature,22.30500030517578
1652476378,E,Humidity,40.85599899291992
1652476378,E,Pressure,101671.0
1652476378,E,Gas,4248.009765625
1652476378,E,Accelerometer,0.0
1652476378,E,Light,1.0
1652476378,E,MIC,3.0
1652476378,E,RSSI,68.0
1652476381,F,Temperature,23.604999542236328
1652476381,F,Humidity,37.428001403808594
1652476381,F,Pressure,101708.0
1652476381,F,Gas,3076.694091796875
1652476381,F,Accelerometer,0.0
1652476381,F,Light,0.0
1652476381,F,MIC,3.0
1652476381,F,RSSI,91.0
1652476383,C,Temperature,23.19499969482422
1652476383,C,Humidity,40.10499954223633
1652476383,C,Pressure,101691.0
1652476383,C,Gas,1243.260986328125
1652476383,C,Accelerometer,0.0
1652476383,C,Light,0.0
1652476383,C,MIC,3.0
1652476383,C,RSSI,82.0
1652476385,A,Temperature,23.415000915527344
1652476385,A,Humidity,39.1349983215332
1652476385,A,Pressure,101665.0
1652476385,A,Gas,1311.4300537109375
1652476385,A,Accelerometer,0.0
1652476385,A,Light,0.0
1652476385,A,MIC,1.0
1652476385,A,RSSI,83.0
1652476385,H,Temperature,23.01499938964844
1652476385,H,Humidity,39.08700180053711
1652476385,H,Pressure,101691.0
1652476385,H,Gas,4025.5390625
1652476385,H,Accelerometer,0.0
1652476385,H,Light,2.0
1652476385,H,MIC,3.0
1652476385,H,RSSI,81.0
1652476387,D,Temperature,23.28499984741211
1652476387,D,Humidity,38.560001373291016
1652476387,D,Pressure,101697.0
1652476387,D,Gas,3958.94189453125
1652476387,D,Accelerometer,0.0
1652476387,D,Light,1.0
1652476387,D,MIC,3.0
1652476387,D,RSSI,62.0
1652476388,E,Temperature,22.30500030517578
1652476388,E,Humidity,40.81999969482422
1652476388,E,Pressure,101673.0
1652476388,E,Gas,4247.43408203125
1652476388,E,Accelerometer,0.0
1652476388,E,Light,1.0
1652476388,E,MIC,3.0
1652476388,E,RSSI,68.0
1652476390,B,Temperature,23.48500061035156
1652476390,B,Humidity,40.428001403808594
1652476390,B,Pressure,101630.0
1652476390,B,Gas,4505.31982421875
1652476390,B,Accelerometer,0.0
1652476390,B,Light,0.0
1652476390,B,MIC,3.0
1652476390,B,RSSI,92.0
1652476392,F,Temperature,23.604999542236328
1652476392,F,Humidity,37.43600082397461
1652476392,F,Pressure,101706.0
1652476392,F,Gas,3072.881103515625
1652476392,F,Accelerometer,0.0
1652476392,F,Light,0.0
1652476392,F,MIC,3.0
1652476392,F,RSSI,91.0
1652476393,C,Temperature,23.19499969482422
1652476393,C,Humidity,40.097999572753906
1652476393,C,Pressure,101687.0
1652476393,C,Gas,1245.823974609375
1652476393,C,Accelerometer,0.0
1652476393,C,Light,0.0
1652476393,C,MIC,3.0
1652476393,C,RSSI,82.0
1652476394,B,Temperature,23.48500061035156
1652476394,B,Humidity,40.42499923706055
1652476394,B,Pressure,101628.0
1652476394,B,Gas,4504.76123046875
1652476394,B,Accelerometer,0.0
1652476394,B,Light,0.0
1652476394,B,MIC,3.0
1652476394,B,RSSI,92.0
1652476395,A,Temperature,23.42499923706055
1652476395,A,Humidity,39.111000061035156
1652476395,A,Pressure,101663.0
1652476395,A,Gas,1309.76904296875
1652476395,A,Accelerometer,0.0
1652476395,A,Light,0.0
1652476395,A,MIC,1.0
1652476395,A,RSSI,83.0
1652476395,H,Temperature,23.01499938964844
1652476395,H,Humidity,39.07699966430664
1652476395,H,Pressure,101689.0
1652476395,H,Gas,4031.047119140625
1652476395,H,Accelerometer,0.0
1652476395,H,Light,2.0
1652476395,H,MIC,3.0
1652476395,H,RSSI,81.0
1652476397,D,Temperature,23.28499984741211
1652476397,D,Humidity,38.60599899291992
1652476397,D,Pressure,101695.0
1652476397,D,Gas,3957.02099609375
1652476397,D,Accelerometer,0.0
1652476397,D,Light,0.0
1652476397,D,MIC,3.0
1652476397,D,RSSI,62.0
1652476398,E,Temperature,22.30500030517578
1652476398,E,Humidity,40.82600021362305
1652476398,E,Pressure,101673.0
1652476398,E,Gas,4251.5517578125
1652476398,E,Accelerometer,0.0
1652476398,E,Light,1.0
1652476398,E,MIC,3.0
1652476398,E,RSSI,68.0
1652476401,F,Temperature,23.604999542236328
1652476401,F,Humidity,37.459999084472656
1652476401,F,Pressure,101706.0
1652476401,F,Gas,3064.593994140625
1652476401,F,Accelerometer,0.0
1652476401,F,Light,0.0
1652476401,F,MIC,3.0
1652476401,F,RSSI,91.0
1652476403,C,Temperature,23.20499992370605
1652476403,C,Humidity,40.066001892089844
1652476403,C,Pressure,101689.0
1652476403,C,Gas,1249.4329833984375
1652476403,C,Accelerometer,0.0
1652476403,C,Light,0.0
1652476403,C,MIC,3.0
1652476403,C,RSSI,82.0
1652476404,B,Temperature,23.48500061035156
1652476404,B,Humidity,40.402000427246094
1652476404,B,Pressure,101628.0
1652476404,B,Gas,4536.06396484375
1652476404,B,Accelerometer,0.0
1652476404,B,Light,0.0
1652476404,B,MIC,3.0
1652476404,B,RSSI,92.0
1652476405,A,Temperature,23.42499923706055
1652476405,A,Humidity,39.141998291015625
1652476405,A,Pressure,101663.0
1652476405,A,Gas,1296.876953125
1652476405,A,Accelerometer,0.0
1652476405,A,Light,0.0
1652476405,A,MIC,1.0
1652476405,A,RSSI,83.0
1652476405,H,Temperature,23.0049991607666
1652476405,H,Humidity,39.1150016784668
1652476405,H,Pressure,101689.0
1652476405,H,Gas,4043.827880859375
1652476405,H,Accelerometer,0.0
1652476405,H,Light,2.0
1652476405,H,MIC,3.0
1652476405,H,RSSI,81.0
1652476407,D,Temperature,23.28499984741211
1652476407,D,Humidity,38.57799911499024
1652476407,D,Pressure,101697.0
1652476407,D,Gas,3961.83203125
1652476407,D,Accelerometer,0.0
1652476407,D,Light,0.0
1652476407,D,MIC,3.0
1652476407,D,RSSI,53.0
1652476408,E,Temperature,22.30500030517578
1652476408,E,Humidity,40.83200073242188
1652476408,E,Pressure,101671.0
1652476408,E,Gas,4261.44384765625
1652476408,E,Accelerometer,0.0
1652476408,E,Light,1.0
1652476408,E,MIC,3.0
1652476408,E,RSSI,61.0
1652476411,F,Temperature,23.604999542236328
1652476411,F,Humidity,37.45600128173828
1652476411,F,Pressure,101708.0
1652476411,F,Gas,3052.2109375
1652476411,F,Accelerometer,0.0
1652476411,F,Light,0.0
1652476411,F,MIC,3.0
1652476411,F,RSSI,91.0
1652476413,C,Temperature,23.20499992370605
1652476413,C,Humidity,40.06800079345703
1652476413,C,Pressure,101687.0
1652476413,C,Gas,1234.885986328125
1652476413,C,Accelerometer,0.0
1652476413,C,Light,0.0
1652476413,C,MIC,3.0
1652476413,C,RSSI,82.0
1652476414,B,Temperature,23.48500061035156
1652476414,B,Humidity,40.433998107910156
1652476414,B,Pressure,101632.0
1652476414,B,Gas,4545.00390625
1652476414,B,Accelerometer,0.0
1652476414,B,Light,0.0
1652476414,B,MIC,3.0
1652476414,B,RSSI,92.0
1652476415,A,Temperature,23.42499923706055
1652476415,A,Humidity,39.13100051879883
1652476415,A,Pressure,101663.0
1652476415,A,Gas,1306.29296875
1652476415,A,Accelerometer,0.0
1652476415,A,Light,0.0
1652476415,A,MIC,1.0
1652476415,A,RSSI,83.0
1652476415,H,Temperature,22.9950008392334
1652476415,H,Humidity,39.14300155639648
1652476415,H,Pressure,101689.0
1652476415,H,Gas,4034.56689453125
1652476415,H,Accelerometer,0.0
1652476415,H,Light,2.0
1652476415,H,MIC,3.0
1652476415,H,RSSI,81.0
1652476417,D,Temperature,23.28499984741211
1652476417,D,Humidity,38.584999084472656
1652476417,D,Pressure,101697.0
1652476417,D,Gas,3944.117919921875
1652476417,D,Accelerometer,0.0
1652476417,D,Light,0.0
1652476417,D,MIC,3.0
1652476417,D,RSSI,53.0
1652476419,E,Temperature,22.30500030517578
1652476419,E,Humidity,40.8129997253418
1652476419,E,Pressure,101673.0
1652476419,E,Gas,4264.72119140625
1652476419,E,Accelerometer,0.0
1652476419,E,Light,1.0
1652476419,E,MIC,3.0
1652476419,E,RSSI,61.0
1652476421,F,Temperature,23.584999084472656
1652476421,F,Humidity,37.48199844360352
1652476421,F,Pressure,101704.0
1652476421,F,Gas,3030.85498046875
1652476421,F,Accelerometer,0.0
1652476421,F,Light,0.0
1652476421,F,MIC,3.0
1652476421,F,RSSI,91.0
1652476423,C,Temperature,23.21500015258789
1652476423,C,Humidity,40.06999969482422
1652476423,C,Pressure,101689.0
1652476423,C,Gas,1230.47900390625
1652476423,C,Accelerometer,0.0
1652476423,C,Light,0.0
1652476423,C,MIC,3.0
1652476423,C,RSSI,82.0
1652476424,B,Temperature,23.48500061035156
1652476424,B,Humidity,40.45899963378906
1652476424,B,Pressure,101630.0
1652476424,B,Gas,4532.919921875
1652476424,B,Accelerometer,0.0
1652476424,B,Light,0.0
1652476424,B,MIC,3.0
1652476424,B,RSSI,91.0
1652476425,A,Temperature,23.434999465942386
1652476425,A,Humidity,39.10900115966797
1652476425,A,Pressure,101669.0
1652476425,A,Gas,1310.9150390625
1652476425,A,Accelerometer,0.0
1652476425,A,Light,0.0
1652476425,A,MIC,1.0
1652476425,A,RSSI,83.0
1652476425,H,Temperature,22.9950008392334
1652476425,H,Humidity,39.12900161743164
1652476425,H,Pressure,101691.0
1652476425,H,Gas,4043.9169921875
1652476425,H,Accelerometer,0.0
1652476425,H,Light,2.0
1652476425,H,MIC,3.0
1652476425,H,RSSI,81.0
1652476427,D,Temperature,23.274999618530273
1652476427,D,Humidity,38.58100128173828
1652476427,D,Pressure,101695.0
1652476427,D,Gas,3957.885009765625
1652476427,D,Accelerometer,0.0
1652476427,D,Light,0.0
1652476427,D,MIC,3.0
1652476427,D,RSSI,53.0
1652476429,E,Temperature,22.30500030517578
1652476429,E,Humidity,40.790000915527344
1652476429,E,Pressure,101673.0
1652476429,E,Gas,4265.64501953125
1652476429,E,Accelerometer,0.0
1652476429,E,Light,1.0
1652476429,E,MIC,3.0
1652476429,E,RSSI,61.0
1652476431,F,Temperature,23.59499931335449
1652476431,F,Humidity,37.479000091552734
1652476431,F,Pressure,101708.0
1652476431,F,Gas,3034.469970703125
1652476431,F,Accelerometer,0.0
1652476431,F,Light,0.0
1652476431,F,MIC,3.0
1652476431,F,RSSI,88.0
1652476433,C,Temperature,23.20499992370605
1652476433,C,Humidity,40.10499954223633
1652476433,C,Pressure,101689.0
1652476433,C,Gas,1244.157958984375
1652476433,C,Accelerometer,0.0
1652476433,C,Light,0.0
1652476433,C,MIC,3.0
1652476433,C,RSSI,78.0
1652476434,B,Temperature,23.48500061035156
1652476434,B,Humidity,40.41999816894531
1652476434,B,Pressure,101630.0
1652476434,B,Gas,4536.11376953125
1652476434,B,Accelerometer,0.0
1652476434,B,Light,0.0
1652476434,B,MIC,3.0
1652476434,B,RSSI,91.0
1652476435,A,Temperature,23.434999465942386
1652476435,A,Humidity,39.11800003051758
1652476435,A,Pressure,101667.0
1652476435,A,Gas,1306.1099853515625
1652476435,A,Accelerometer,0.0
1652476435,A,Light,0.0
1652476435,A,MIC,1.0
1652476435,A,RSSI,83.0
1652476435,H,Temperature,22.9950008392334
1652476435,H,Humidity,39.152000427246094
1652476435,H,Pressure,101687.0
1652476435,H,Gas,4020.197998046875
1652476435,H,Accelerometer,0.0
1652476435,H,Light,2.0
1652476435,H,MIC,3.0
1652476435,H,RSSI,79.0
1652476437,D,Temperature,23.274999618530273
1652476437,D,Humidity,38.56399917602539
1652476437,D,Pressure,101697.0
1652476437,D,Gas,3980.159912109375
1652476437,D,Accelerometer,0.0
1652476437,D,Light,0.0
1652476437,D,MIC,2.0
1652476437,D,RSSI,53.0
1652476439,E,Temperature,22.30500030517578
1652476439,E,Humidity,40.8129997253418
1652476439,E,Pressure,101669.0
1652476439,E,Gas,4272.34912109375
1652476439,E,Accelerometer,0.0
1652476439,E,Light,1.0
1652476439,E,MIC,3.0
1652476439,E,RSSI,61.0
1652476441,F,Temperature,23.584999084472656
1652476441,F,Humidity,37.5099983215332
1652476441,F,Pressure,101704.0
1652476441,F,Gas,3027.56201171875
1652476441,F,Accelerometer,0.0
1652476441,F,Light,0.0
1652476441,F,MIC,3.0
1652476441,F,RSSI,88.0
1652476443,C,Temperature,23.20499992370605
1652476443,C,Humidity,40.07799911499024
1652476443,C,Pressure,101689.0
1652476443,C,Gas,1243.741943359375
1652476443,C,Accelerometer,0.0
1652476443,C,Light,0.0
1652476443,C,MIC,3.0
1652476443,C,RSSI,78.0
1652476444,B,Temperature,23.47500038146973
1652476444,B,Humidity,40.43600082397461
1652476444,B,Pressure,101630.0
1652476444,B,Gas,4547.51708984375
1652476444,B,Accelerometer,0.0
1652476444,B,Light,0.0
1652476444,B,MIC,3.0
1652476444,B,RSSI,91.0
1652476445,A,Temperature,23.434999465942386
1652476445,A,Humidity,39.11299896240234
1652476445,A,Pressure,101665.0
1652476445,A,Gas,1306.155029296875
1652476445,A,Accelerometer,0.0
1652476445,A,Light,0.0
1652476445,A,MIC,1.0
1652476445,A,RSSI,85.0
1652476445,H,Temperature,22.98500061035156
1652476445,H,Humidity,39.17599868774414
1652476445,H,Pressure,101687.0
1652476445,H,Gas,4007.720947265625
1652476445,H,Accelerometer,0.0
1652476445,H,Light,2.0
1652476445,H,MIC,3.0
1652476445,H,RSSI,79.0
1652476447,D,Temperature,23.28499984741211
1652476447,D,Humidity,38.56399917602539
1652476447,D,Pressure,101693.0
1652476447,D,Gas,3988.556884765625
1652476447,D,Accelerometer,0.0
1652476447,D,Light,0.0
1652476447,D,MIC,2.0
1652476447,D,RSSI,53.0
1652476449,E,Temperature,22.30500030517578
1652476449,E,Humidity,40.8390007019043
1652476449,E,Pressure,101671.0
1652476449,E,Gas,4273.3837890625
1652476449,E,Accelerometer,0.0
1652476449,E,Light,1.0
1652476449,E,MIC,3.0
1652476449,E,RSSI,61.0
1652476451,F,Temperature,23.59499931335449
1652476451,F,Humidity,37.483001708984375
1652476451,F,Pressure,101708.0
1652476451,F,Gas,3022.757080078125
1652476451,F,Accelerometer,0.0
1652476451,F,Light,0.0
1652476451,F,MIC,3.0
1652476451,F,RSSI,88.0
1652476453,C,Temperature,23.20499992370605
1652476453,C,Humidity,40.108001708984375
1652476453,C,Pressure,101689.0
1652476453,C,Gas,1236.9560546875
1652476453,C,Accelerometer,0.0
1652476453,C,Light,0.0
1652476453,C,MIC,3.0
1652476453,C,RSSI,78.0
1652476454,B,Temperature,23.47500038146973
1652476454,B,Humidity,40.42100143432617
1652476454,B,Pressure,101630.0
1652476454,B,Gas,4554.59619140625
1652476454,B,Accelerometer,0.0
1652476454,B,Light,0.0
1652476454,B,MIC,3.0
1652476454,B,RSSI,91.0
1652476455,A,Temperature,23.434999465942386
1652476455,A,Humidity,39.097999572753906
1652476455,A,Pressure,101665.0
1652476455,A,Gas,1297.137939453125
1652476455,A,Accelerometer,0.0
1652476455,A,Light,0.0
1652476455,A,MIC,1.0
1652476455,A,RSSI,85.0
1652476455,H,Temperature,22.98500061035156
1652476455,H,Humidity,39.17100143432617
1652476455,H,Pressure,101687.0
1652476455,H,Gas,3984.75390625
1652476455,H,Accelerometer,0.0
1652476455,H,Light,2.0
1652476455,H,MIC,3.0
1652476455,H,RSSI,79.0
1652476457,D,Temperature,23.28499984741211
1652476457,D,Humidity,38.5620002746582
1652476457,D,Pressure,101695.0
1652476457,D,Gas,3991.240966796875
1652476457,D,Accelerometer,0.0
1652476457,D,Light,0.0
1652476457,D,MIC,2.0
1652476457,D,RSSI,60.0
1652476459,E,Temperature,22.30500030517578
1652476459,E,Humidity,40.847999572753906
1652476459,E,Pressure,101671.0
1652476459,E,Gas,4266.02783203125
1652476459,E,Accelerometer,0.0
1652476459,E,Light,1.0
1652476459,E,MIC,3.0
1652476459,E,RSSI,70.0
1652476461,F,Temperature,23.584999084472656
1652476461,F,Humidity,37.483001708984375
1652476461,F,Pressure,101704.0
1652476461,F,Gas,3013.424072265625
1652476461,F,Accelerometer,0.0
1652476461,F,Light,0.0
1652476461,F,MIC,3.0
1652476461,F,RSSI,88.0
1652476463,C,Temperature,23.20499992370605
1652476463,C,Humidity,40.09400177001953
1652476463,C,Pressure,101687.0
1652476463,C,Gas,1238.77197265625
1652476463,C,Accelerometer,0.0
1652476463,C,Light,0.0
1652476463,C,MIC,3.0
1652476463,C,RSSI,78.0
1652476464,B,Temperature,23.46500015258789
1652476464,B,Humidity,40.46699905395508
1652476464,B,Pressure,101628.0
1652476464,B,Gas,4551.77880859375
1652476464,B,Accelerometer,0.0
1652476464,B,Light,0.0
1652476464,B,MIC,3.0
1652476464,B,RSSI,91.0
1652476465,A,Temperature,23.434999465942386
1652476465,A,Humidity,39.0890007019043
1652476465,A,Pressure,101667.0
1652476465,A,Gas,1306.990966796875
1652476465,A,Accelerometer,0.0
1652476465,A,Light,0.0
1652476465,A,MIC,1.0
1652476465,A,RSSI,85.0
1652476465,H,Temperature,22.98500061035156
1652476465,H,Humidity,39.16999816894531
1652476465,H,Pressure,101689.0
1652476465,H,Gas,3970.362060546875
1652476465,H,Accelerometer,0.0
1652476465,H,Light,2.0
1652476465,H,MIC,3.0
1652476465,H,RSSI,79.0
1652476467,D,Temperature,23.274999618530273
1652476467,D,Humidity,38.5989990234375
1652476467,D,Pressure,101695.0
1652476467,D,Gas,3983.906982421875
1652476467,D,Accelerometer,0.0
1652476467,D,Light,0.0
1652476467,D,MIC,2.0
1652476467,D,RSSI,60.0
1652476469,E,Temperature,22.30500030517578
1652476469,E,Humidity,40.82899856567383
1652476469,E,Pressure,101669.0
1652476469,E,Gas,4265.09814453125
1652476469,E,Accelerometer,0.0
1652476469,E,Light,1.0
1652476469,E,MIC,3.0
1652476469,E,RSSI,70.0
1652476471,F,Temperature,23.584999084472656
1652476471,F,Humidity,37.45899963378906
1652476471,F,Pressure,101704.0
1652476471,F,Gas,3033.51806640625
1652476471,F,Accelerometer,0.0
1652476471,F,Light,0.0
1652476471,F,MIC,3.0
1652476471,F,RSSI,88.0
1652476473,C,Temperature,23.19499969482422
1652476473,C,Humidity,40.10200119018555
1652476473,C,Pressure,101687.0
1652476473,C,Gas,1230.2969970703125
1652476473,C,Accelerometer,0.0
1652476473,C,Light,0.0
1652476473,C,MIC,3.0
1652476473,C,RSSI,78.0
1652476474,B,Temperature,23.47500038146973
1652476474,B,Humidity,40.44400024414063
1652476474,B,Pressure,101630.0
1652476474,B,Gas,4560.09423828125
1652476474,B,Accelerometer,0.0
1652476474,B,Light,0.0
1652476474,B,MIC,3.0
1652476474,B,RSSI,93.0
1652476475,A,Temperature,23.434999465942386
1652476475,A,Humidity,39.09600067138672
1652476475,A,Pressure,101669.0
1652476475,A,Gas,1309.31005859375
1652476475,A,Accelerometer,0.0
1652476475,A,Light,0.0
1652476475,A,MIC,1.0
1652476475,A,RSSI,85.0
1652476475,H,Temperature,22.97500038146973
1652476475,H,Humidity,39.21200180053711
1652476475,H,Pressure,101687.0
1652476475,H,Gas,3971.131103515625
1652476475,H,Accelerometer,0.0
1652476475,H,Light,2.0
1652476475,H,MIC,3.0
1652476475,H,RSSI,79.0
1652476477,D,Temperature,23.26499938964844
1652476477,D,Humidity,38.61299896240234
1652476477,D,Pressure,101693.0
1652476477,D,Gas,3981.5048828125
1652476477,D,Accelerometer,0.0
1652476477,D,Light,0.0
1652476477,D,MIC,2.0
1652476477,D,RSSI,60.0
1652476479,E,Temperature,22.30500030517578
1652476479,E,Humidity,40.84600067138672
1652476479,E,Pressure,101671.0
1652476479,E,Gas,4259.9609375
1652476479,E,Accelerometer,0.0
1652476479,E,Light,1.0
1652476479,E,MIC,3.0
1652476479,E,RSSI,70.0
1652476481,F,Temperature,23.59499931335449
1652476481,F,Humidity,37.45299911499024
1652476481,F,Pressure,101706.0
1652476481,F,Gas,3026.693115234375
1652476481,F,Accelerometer,0.0
1652476481,F,Light,0.0
1652476481,F,MIC,3.0
1652476481,F,RSSI,90.0
1652476483,C,Temperature,23.184999465942386
1652476483,C,Humidity,40.111000061035156
1652476483,C,Pressure,101685.0
1652476483,C,Gas,1228.6639404296875
1652476483,C,Accelerometer,0.0
1652476483,C,Light,0.0
1652476483,C,MIC,3.0
1652476483,C,RSSI,79.0
1652476484,B,Temperature,23.46500015258789
1652476484,B,Humidity,40.4630012512207
1652476484,B,Pressure,101630.0
1652476484,B,Gas,4562.68994140625
1652476484,B,Accelerometer,0.0
1652476484,B,Light,0.0
1652476484,B,MIC,3.0
1652476484,B,RSSI,93.0
1652476485,A,Temperature,23.42499923706055
1652476485,A,Humidity,39.13600158691406
1652476485,A,Pressure,101665.0
1652476485,A,Gas,1300.6080322265625
1652476485,A,Accelerometer,0.0
1652476485,A,Light,0.0
1652476485,A,MIC,1.0
1652476485,A,RSSI,85.0
1652476485,H,Temperature,22.97500038146973
1652476485,H,Humidity,39.20800018310547
1652476485,H,Pressure,101689.0
1652476485,H,Gas,3966.364990234375
1652476485,H,Accelerometer,0.0
1652476485,H,Light,2.0
1652476485,H,MIC,3.0
1652476485,H,RSSI,79.0
1652476487,D,Temperature,23.26499938964844
1652476487,D,Humidity,38.61299896240234
1652476487,D,Pressure,101695.0
1652476487,D,Gas,3987.59912109375
1652476487,D,Accelerometer,0.0
1652476487,D,Light,0.0
1652476487,D,MIC,2.0
1652476487,D,RSSI,60.0
1652476489,E,Temperature,22.295000076293945
1652476489,E,Humidity,40.89300155639648
1652476489,E,Pressure,101669.0
1652476489,E,Gas,4263.4208984375
1652476489,E,Accelerometer,0.0
1652476489,E,Light,1.0
1652476489,E,MIC,3.0
1652476489,E,RSSI,70.0
1652476493,F,Temperature,23.59499931335449
1652476493,F,Humidity,37.45299911499024
1652476493,F,Pressure,101708.0
1652476493,F,Gas,3023.299072265625
1652476493,F,Accelerometer,0.0
1652476493,F,Light,0.0
1652476493,F,MIC,3.0
1652476493,F,RSSI,90.0
1652476493,C,Temperature,23.184999465942386
1652476493,C,Humidity,40.09500122070313
1652476493,C,Pressure,101685.0
1652476493,C,Gas,1227.10302734375
1652476493,C,Accelerometer,0.0
1652476493,C,Light,0.0
1652476493,C,MIC,3.0
1652476493,C,RSSI,79.0
1652476495,A,Temperature,23.415000915527344
1652476495,A,Humidity,39.14899826049805
1652476495,A,Pressure,101663.0
1652476495,A,Gas,1306.469970703125
1652476495,A,Accelerometer,0.0
1652476495,A,Light,0.0
1652476495,A,MIC,1.0
1652476495,A,RSSI,83.0
1652476496,B,Temperature,23.47500038146973
1652476496,B,Humidity,40.45000076293945
1652476496,B,Pressure,101632.0
1652476496,B,Gas,4580.47509765625
1652476496,B,Accelerometer,0.0
1652476496,B,Light,0.0
1652476496,B,MIC,3.0
1652476496,B,RSSI,93.0
1652476496,H,Temperature,22.98500061035156
1652476496,H,Humidity,39.16600036621094
1652476496,H,Pressure,101689.0
1652476496,H,Gas,3971.44091796875
1652476496,H,Accelerometer,0.0
1652476496,H,Light,2.0
1652476496,H,MIC,3.0
1652476496,H,RSSI,88.0
1652476497,D,Temperature,23.26499938964844
1652476497,D,Humidity,38.641998291015625
1652476497,D,Pressure,101693.0
1652476497,D,Gas,3987.31689453125
1652476497,D,Accelerometer,0.0
1652476497,D,Light,0.0
1652476497,D,MIC,2.0
1652476497,D,RSSI,60.0
1652476499,E,Temperature,22.30500030517578
1652476499,E,Humidity,40.9109992980957
1652476499,E,Pressure,101671.0
1652476499,E,Gas,4249.3828125
1652476499,E,Accelerometer,0.0
1652476499,E,Light,1.0
1652476499,E,MIC,3.0
1652476499,E,RSSI,70.0
1652476501,F,Temperature,23.584999084472656
1652476501,F,Humidity,37.486000061035156
1652476501,F,Pressure,101706.0
1652476501,F,Gas,3025.552001953125
1652476501,F,Accelerometer,0.0
1652476501,F,Light,0.0
1652476501,F,MIC,3.0
1652476501,F,RSSI,90.0
1652476503,C,Temperature,23.17499923706055
1652476503,C,Humidity,40.08000183105469
1652476503,C,Pressure,101685.0
1652476503,C,Gas,1239.9119873046875
1652476503,C,Accelerometer,0.0
1652476503,C,Light,0.0
1652476503,C,MIC,3.0
1652476503,C,RSSI,79.0
1652476505,B,Temperature,23.47500038146973
1652476505,B,Humidity,40.50899887084961
1652476505,B,Pressure,101632.0
1652476505,B,Gas,4571.93896484375
1652476505,B,Accelerometer,0.0
1652476505,B,Light,0.0
1652476505,B,MIC,3.0
1652476505,B,RSSI,93.0
1652476505,A,Temperature,23.415000915527344
1652476505,A,Humidity,39.13800048828125
1652476505,A,Pressure,101667.0
1652476505,A,Gas,1286.5699462890625
1652476505,A,Accelerometer,0.0
1652476505,A,Light,0.0
1652476505,A,MIC,1.0
1652476505,A,RSSI,83.0
1652476505,H,Temperature,22.97500038146973
1652476505,H,Humidity,39.180999755859375
1652476505,H,Pressure,101689.0
1652476505,H,Gas,3987.931884765625
1652476505,H,Accelerometer,0.0
1652476505,H,Light,2.0
1652476505,H,MIC,3.0
1652476505,H,RSSI,88.0
1652476507,D,Temperature,23.26499938964844
1652476507,D,Humidity,38.63600158691406
1652476507,D,Pressure,101693.0
1652476507,D,Gas,3974.071044921875
1652476507,D,Accelerometer,0.0
1652476507,D,Light,0.0
1652476507,D,MIC,2.0
1652476507,D,RSSI,58.0
1652476509,E,Temperature,22.295000076293945
1652476509,E,Humidity,40.90499877929688
1652476509,E,Pressure,101673.0
1652476509,E,Gas,4246.830078125
1652476509,E,Accelerometer,0.0
1652476509,E,Light,1.0
1652476509,E,MIC,3.0
1652476509,E,RSSI,72.0
1652476511,F,Temperature,23.584999084472656
1652476511,F,Humidity,37.5
1652476511,F,Pressure,101706.0
1652476511,F,Gas,3030.8720703125
1652476511,F,Accelerometer,0.0
1652476511,F,Light,0.0
1652476511,F,MIC,3.0
1652476511,F,RSSI,90.0
1652476513,C,Temperature,23.17499923706055
1652476513,C,Humidity,40.0890007019043
1652476513,C,Pressure,101687.0
1652476513,C,Gas,1257.093994140625
1652476513,C,Accelerometer,0.0
1652476513,C,Light,0.0
1652476513,C,MIC,3.0
1652476513,C,RSSI,79.0
1652476514,B,Temperature,23.46500015258789
1652476514,B,Humidity,40.57400131225586
1652476514,B,Pressure,101632.0
1652476514,B,Gas,4559.03076171875
1652476514,B,Accelerometer,0.0
1652476514,B,Light,0.0
1652476514,B,MIC,3.0
1652476514,B,RSSI,93.0
1652476515,H,Temperature,22.98500061035156
1652476515,H,Humidity,39.1619987487793
1652476515,H,Pressure,101689.0
1652476515,H,Gas,3997.402099609375
1652476515,H,Accelerometer,0.0
1652476515,H,Light,2.0
1652476515,H,MIC,3.0
1652476515,H,RSSI,88.0
1652476515,A,Temperature,23.415000915527344
1652476515,A,Humidity,39.13800048828125
1652476515,A,Pressure,101665.0
1652476515,A,Gas,1277.115966796875
1652476515,A,Accelerometer,0.0
1652476515,A,Light,0.0
1652476515,A,MIC,1.0
1652476515,A,RSSI,83.0
1652476517,D,Temperature,23.26499938964844
1652476517,D,Humidity,38.59700012207031
1652476517,D,Pressure,101695.0
1652476517,D,Gas,3980.530029296875
1652476517,D,Accelerometer,0.0
1652476517,D,Light,0.0
1652476517,D,MIC,3.0
1652476517,D,RSSI,58.0
1652476519,E,Temperature,22.295000076293945
1652476519,E,Humidity,40.915000915527344
1652476519,E,Pressure,101669.0
1652476519,E,Gas,4241.73291015625
1652476519,E,Accelerometer,0.0
1652476519,E,Light,1.0
1652476519,E,MIC,3.0
1652476519,E,RSSI,72.0
1652476522,F,Temperature,23.57500076293945
1652476522,F,Humidity,37.50600051879883
1652476522,F,Pressure,101706.0
1652476522,F,Gas,3032.654052734375
1652476522,F,Accelerometer,0.0
1652476522,F,Light,0.0
1652476522,F,MIC,3.0
1652476522,F,RSSI,90.0
1652476523,C,Temperature,23.15500068664551
1652476523,C,Humidity,40.183998107910156
1652476523,C,Pressure,101687.0
1652476523,C,Gas,1258.2840576171875
1652476523,C,Accelerometer,0.0
1652476523,C,Light,0.0
1652476523,C,MIC,3.0
1652476523,C,RSSI,79.0
1652476525,A,Temperature,23.415000915527344
1652476525,A,Humidity,39.13899993896485
1652476525,A,Pressure,101665.0
1652476525,A,Gas,1294.5360107421875
1652476525,A,Accelerometer,0.0
1652476525,A,Light,0.0
1652476525,A,MIC,1.0
1652476525,A,RSSI,83.0
1652476525,B,Temperature,23.46500015258789
1652476525,B,Humidity,40.59299850463867
1652476525,B,Pressure,101632.0
1652476525,B,Gas,4539.833984375
1652476525,B,Accelerometer,0.0
1652476525,B,Light,0.0
1652476525,B,MIC,3.0
1652476525,B,RSSI,90.0
1652476526,H,Temperature,22.96500015258789
1652476526,H,Humidity,39.21799850463867
1652476526,H,Pressure,101689.0
1652476526,H,Gas,4000.72412109375
1652476526,H,Accelerometer,0.0
1652476526,H,Light,2.0
1652476526,H,MIC,3.0
1652476526,H,RSSI,88.0
1652476527,D,Temperature,23.26499938964844
1652476527,D,Humidity,38.59400177001953
1652476527,D,Pressure,101695.0
1652476527,D,Gas,3979.7890625
1652476527,D,Accelerometer,0.0
1652476527,D,Light,1.0
1652476527,D,MIC,3.0
1652476527,D,RSSI,58.0
1652476529,E,Temperature,22.295000076293945
1652476529,E,Humidity,40.9010009765625
1652476529,E,Pressure,101671.0
1652476529,E,Gas,4237.94580078125
1652476529,E,Accelerometer,0.0
1652476529,E,Light,1.0
1652476529,E,MIC,3.0
1652476529,E,RSSI,72.0
1652476531,F,Temperature,23.584999084472656
1652476531,F,Humidity,37.50500106811523
1652476531,F,Pressure,101708.0
1652476531,F,Gas,3021.860107421875
1652476531,F,Accelerometer,0.0
1652476531,F,Light,0.0
1652476531,F,MIC,3.0
1652476531,F,RSSI,88.0
1652476533,C,Temperature,23.13500022888184
1652476533,C,Humidity,40.21799850463867
1652476533,C,Pressure,101689.0
1652476533,C,Gas,1257.115966796875
1652476533,C,Accelerometer,0.0
1652476533,C,Light,0.0
1652476533,C,MIC,3.0
1652476533,C,RSSI,76.0
1652476534,B,Temperature,23.46500015258789
1652476534,B,Humidity,40.597999572753906
1652476534,B,Pressure,101632.0
1652476534,B,Gas,4522.2861328125
1652476534,B,Accelerometer,0.0
1652476534,B,Light,0.0
1652476534,B,MIC,3.0
1652476534,B,RSSI,90.0
1652476535,A,Temperature,23.415000915527344
1652476535,A,Humidity,39.132999420166016
1652476535,A,Pressure,101665.0
1652476535,A,Gas,1305.9940185546875
1652476535,A,Accelerometer,0.0
1652476535,A,Light,0.0
1652476535,A,MIC,1.0
1652476535,A,RSSI,83.0
1652476535,H,Temperature,22.97500038146973
1652476535,H,Humidity,39.20299911499024
1652476535,H,Pressure,101691.0
1652476535,H,Gas,3996.85498046875
1652476535,H,Accelerometer,0.0
1652476535,H,Light,2.0
1652476535,H,MIC,3.0
1652476535,H,RSSI,87.0
1652476537,D,Temperature,23.26499938964844
1652476537,D,Humidity,38.59000015258789
1652476537,D,Pressure,101695.0
1652476537,D,Gas,3997.14794921875
1652476537,D,Accelerometer,0.0
1652476537,D,Light,1.0
1652476537,D,MIC,2.0
1652476537,D,RSSI,58.0
1652476539,E,Temperature,22.295000076293945
1652476539,E,Humidity,40.89699935913086
1652476539,E,Pressure,101671.0
1652476539,E,Gas,4235.615234375
1652476539,E,Accelerometer,0.0
1652476539,E,Light,1.0
1652476539,E,MIC,3.0
1652476539,E,RSSI,72.0
1652476541,F,Temperature,23.57500076293945
1652476541,F,Humidity,37.512001037597656
1652476541,F,Pressure,101706.0
1652476541,F,Gas,3014.929931640625
1652476541,F,Accelerometer,0.0
1652476541,F,Light,0.0
1652476541,F,MIC,3.0
1652476541,F,RSSI,88.0
1652476543,C,Temperature,23.13500022888184
1652476543,C,Humidity,40.2130012512207
1652476543,C,Pressure,101687.0
1652476543,C,Gas,1249.156005859375
1652476543,C,Accelerometer,0.0
1652476543,C,Light,0.0
1652476543,C,MIC,3.0
1652476543,C,RSSI,76.0
1652476545,B,Temperature,23.47500038146973
1652476545,B,Humidity,40.53200149536133
1652476545,B,Pressure,101630.0
1652476545,B,Gas,4522.2587890625
1652476545,B,Accelerometer,0.0
1652476545,B,Light,0.0
1652476545,B,MIC,3.0
1652476545,B,RSSI,90.0
1652476545,A,Temperature,23.415000915527344
1652476545,A,Humidity,39.1150016784668
1652476545,A,Pressure,101663.0
1652476545,A,Gas,1290.2130126953125
1652476545,A,Accelerometer,0.0
1652476545,A,Light,0.0
1652476545,A,MIC,1.0
1652476545,A,RSSI,83.0
1652476545,H,Temperature,22.96500015258789
1652476545,H,Humidity,39.24300003051758
1652476545,H,Pressure,101687.0
1652476545,H,Gas,3990.090087890625
1652476545,H,Accelerometer,0.0
1652476545,H,Light,2.0
1652476545,H,MIC,3.0
1652476545,H,RSSI,87.0
1652476547,D,Temperature,23.2450008392334
1652476547,D,Humidity,38.64599990844727
1652476547,D,Pressure,101693.0
1652476547,D,Gas,3986.426025390625
1652476547,D,Accelerometer,0.0
1652476547,D,Light,0.0
1652476547,D,MIC,2.0
1652476547,D,RSSI,58.0
1652476549,E,Temperature,22.295000076293945
1652476549,E,Humidity,40.86399841308594
1652476549,E,Pressure,101671.0
1652476549,E,Gas,4240.962890625
1652476549,E,Accelerometer,0.0
1652476549,E,Light,1.0
1652476549,E,MIC,3.0
1652476549,E,RSSI,72.0
1652476551,F,Temperature,23.57500076293945
1652476551,F,Humidity,37.52199935913086
1652476551,F,Pressure,101706.0
1652476551,F,Gas,2995.56689453125
1652476551,F,Accelerometer,0.0
1652476551,F,Light,0.0
1652476551,F,MIC,3.0
1652476551,F,RSSI,88.0
1652476553,C,Temperature,23.13500022888184
1652476553,C,Humidity,40.191001892089844
1652476553,C,Pressure,101685.0
1652476553,C,Gas,1254.6910400390625
1652476553,C,Accelerometer,0.0
1652476553,C,Light,0.0
1652476553,C,MIC,3.0
1652476553,C,RSSI,76.0
1652476554,B,Temperature,23.47500038146973
1652476554,B,Humidity,40.49800109863281
1652476554,B,Pressure,101630.0
1652476554,B,Gas,4520.005859375
1652476554,B,Accelerometer,0.0
1652476554,B,Light,0.0
1652476554,B,MIC,3.0
1652476554,B,RSSI,90.0
1652476555,A,Temperature,23.415000915527344
1652476555,A,Humidity,39.15299987792969
1652476555,A,Pressure,101665.0
1652476555,A,Gas,1298.759033203125
1652476555,A,Accelerometer,0.0
1652476555,A,Light,0.0
1652476555,A,MIC,1.0
1652476555,A,RSSI,83.0
1652476555,H,Temperature,22.96500015258789
1652476555,H,Humidity,39.224998474121094
1652476555,H,Pressure,101689.0
1652476555,H,Gas,3987.52197265625
1652476555,H,Accelerometer,0.0
1652476555,H,Light,2.0
1652476555,H,MIC,3.0
1652476555,H,RSSI,87.0
1652476557,D,Temperature,23.2549991607666
1652476557,D,Humidity,38.624000549316406
1652476557,D,Pressure,101691.0
1652476557,D,Gas,4000.8349609375
1652476557,D,Accelerometer,0.0
1652476557,D,Light,0.0
1652476557,D,MIC,2.0
1652476557,D,RSSI,59.0
1652476559,E,Temperature,22.295000076293945
1652476559,E,Humidity,40.85499954223633
1652476559,E,Pressure,101669.0
1652476559,E,Gas,4251.3310546875
1652476559,E,Accelerometer,0.0
1652476559,E,Light,1.0
1652476559,E,MIC,3.0
1652476559,E,RSSI,68.0
1652476561,F,Temperature,23.57500076293945
1652476561,F,Humidity,37.51900100708008
1652476561,F,Pressure,101708.0
1652476561,F,Gas,2998.9990234375
1652476561,F,Accelerometer,0.0
1652476561,F,Light,0.0
1652476561,F,MIC,3.0
1652476561,F,RSSI,88.0
1652476563,C,Temperature,23.13500022888184
1652476563,C,Humidity,40.23199844360352
1652476563,C,Pressure,101685.0
1652476563,C,Gas,1244.001953125
1652476563,C,Accelerometer,0.0
1652476563,C,Light,0.0
1652476563,C,MIC,3.0
1652476563,C,RSSI,76.0
1652476564,B,Temperature,23.47500038146973
1652476564,B,Humidity,40.50199890136719
1652476564,B,Pressure,101630.0
1652476564,B,Gas,4532.98583984375
1652476564,B,Accelerometer,0.0
1652476564,B,Light,0.0
1652476564,B,MIC,3.0
1652476564,B,RSSI,90.0
1652476565,A,Temperature,23.415000915527344
1652476565,A,Humidity,39.19400024414063
1652476565,A,Pressure,101665.0
1652476565,A,Gas,1282.5240478515625
1652476565,A,Accelerometer,0.0
1652476565,A,Light,0.0
1652476565,A,MIC,1.0
1652476565,A,RSSI,83.0
1652476565,H,Temperature,22.96500015258789
1652476565,H,Humidity,39.22800064086914
1652476565,H,Pressure,101687.0
1652476565,H,Gas,3990.43310546875
1652476565,H,Accelerometer,0.0
1652476565,H,Light,2.0
1652476565,H,MIC,3.0
1652476565,H,RSSI,87.0
1652476567,D,Temperature,23.26499938964844
1652476567,D,Humidity,38.63199996948242
1652476567,D,Pressure,101695.0
1652476567,D,Gas,3998.138916015625
1652476567,D,Accelerometer,0.0
1652476567,D,Light,1.0
1652476567,D,MIC,2.0
1652476567,D,RSSI,59.0
1652476569,E,Temperature,22.295000076293945
1652476569,E,Humidity,40.82799911499024
1652476569,E,Pressure,101671.0
1652476569,E,Gas,4280.951171875
1652476569,E,Accelerometer,0.0
1652476569,E,Light,1.0
1652476569,E,MIC,3.0
1652476569,E,RSSI,68.0
1652476571,F,Temperature,23.57500076293945
1652476571,F,Humidity,37.50400161743164
1652476571,F,Pressure,101706.0
1652476571,F,Gas,3027.01904296875
1652476571,F,Accelerometer,0.0
1652476571,F,Light,0.0
1652476571,F,MIC,3.0
1652476571,F,RSSI,88.0
1652476573,C,Temperature,23.145000457763672
1652476573,C,Humidity,40.21900177001953
1652476573,C,Pressure,101685.0
1652476573,C,Gas,1241.7049560546875
1652476573,C,Accelerometer,0.0
1652476573,C,Light,0.0
1652476573,C,MIC,3.0
1652476573,C,RSSI,76.0
1652476575,B,Temperature,23.46500015258789
1652476575,B,Humidity,40.49599838256836
1652476575,B,Pressure,101632.0
1652476575,B,Gas,4532.59912109375
1652476575,B,Accelerometer,0.0
1652476575,B,Light,0.0
1652476575,B,MIC,3.0
1652476575,B,RSSI,93.0
1652476575,A,Temperature,23.415000915527344
1652476575,A,Humidity,39.20399856567383
1652476575,A,Pressure,101667.0
1652476575,A,Gas,1269.8590087890625
1652476575,A,Accelerometer,0.0
1652476575,A,Light,0.0
1652476575,A,MIC,1.0
1652476575,A,RSSI,83.0
1652476575,H,Temperature,22.96500015258789
1652476575,H,Humidity,39.24300003051758
1652476575,H,Pressure,101689.0
1652476575,H,Gas,3975.952880859375
1652476575,H,Accelerometer,0.0
1652476575,H,Light,2.0
1652476575,H,MIC,3.0
1652476575,H,RSSI,87.0
1652476577,D,Temperature,23.2549991607666
1652476577,D,Humidity,38.67200088500977
1652476577,D,Pressure,101695.0
1652476577,D,Gas,3997.9169921875
1652476577,D,Accelerometer,0.0
1652476577,D,Light,0.0
1652476577,D,MIC,2.0
1652476577,D,RSSI,59.0
1652476579,E,Temperature,22.295000076293945
1652476579,E,Humidity,40.85900115966797
1652476579,E,Pressure,101673.0
1652476579,E,Gas,4299.76123046875
1652476579,E,Accelerometer,0.0
1652476579,E,Light,1.0
1652476579,E,MIC,3.0
1652476579,E,RSSI,68.0
1652476581,F,Temperature,23.584999084472656
1652476581,F,Humidity,37.486000061035156
1652476581,F,Pressure,101706.0
1652476581,F,Gas,3011.166015625
1652476581,F,Accelerometer,0.0
1652476581,F,Light,0.0
1652476581,F,MIC,3.0
1652476581,F,RSSI,90.0
1652476583,C,Temperature,23.15500068664551
1652476583,C,Humidity,40.18199920654297
1652476583,C,Pressure,101687.0
1652476583,C,Gas,1226.4990234375
1652476583,C,Accelerometer,0.0
1652476583,C,Light,0.0
1652476583,C,MIC,3.0
1652476583,C,RSSI,74.0
1652476584,B,Temperature,23.46500015258789
1652476584,B,Humidity,40.49100112915039
1652476584,B,Pressure,101632.0
1652476584,B,Gas,4551.673828125
1652476584,B,Accelerometer,0.0
1652476584,B,Light,0.0
1652476584,B,MIC,3.0
1652476584,B,RSSI,93.0
1652476585,A,Temperature,23.42499923706055
1652476585,A,Humidity,39.13100051879883
1652476585,A,Pressure,101665.0
1652476585,A,Gas,1281.43896484375
1652476585,A,Accelerometer,0.0
1652476585,A,Light,0.0
1652476585,A,MIC,1.0
1652476585,A,RSSI,83.0
1652476586,H,Temperature,22.95499992370605
1652476586,H,Humidity,39.28099822998047
1652476586,H,Pressure,101691.0
1652476586,H,Gas,3967.449951171875
1652476586,H,Accelerometer,0.0
1652476586,H,Light,2.0
1652476586,H,MIC,3.0
1652476586,H,RSSI,81.0
1652476587,D,Temperature,23.2549991607666
1652476587,D,Humidity,38.65999984741211
1652476587,D,Pressure,101691.0
1652476587,D,Gas,4010.737060546875
1652476587,D,Accelerometer,0.0
1652476587,D,Light,0.0
1652476587,D,MIC,2.0
1652476587,D,RSSI,59.0
1652476589,E,Temperature,22.295000076293945
1652476589,E,Humidity,40.87099838256836
1652476589,E,Pressure,101669.0
1652476589,E,Gas,4301.57080078125
1652476589,E,Accelerometer,0.0
1652476589,E,Light,1.0
1652476589,E,MIC,3.0
1652476589,E,RSSI,68.0
1652476592,F,Temperature,23.584999084472656
1652476592,F,Humidity,37.472999572753906
1652476592,F,Pressure,101706.0
1652476592,F,Gas,3012.550048828125
1652476592,F,Accelerometer,0.0
1652476592,F,Light,0.0
1652476592,F,MIC,3.0
1652476592,F,RSSI,90.0
1652476593,C,Temperature,23.15500068664551
1652476593,C,Humidity,40.21500015258789
1652476593,C,Pressure,101687.0
1652476593,C,Gas,1224.0799560546875
1652476593,C,Accelerometer,0.0
1652476593,C,Light,0.0
1652476593,C,MIC,3.0
1652476593,C,RSSI,74.0
1652476594,B,Temperature,23.46500015258789
1652476594,B,Humidity,40.48799896240234
1652476594,B,Pressure,101628.0
1652476594,B,Gas,4547.07421875
1652476594,B,Accelerometer,0.0
1652476594,B,Light,0.0
1652476594,B,MIC,3.0
1652476594,B,RSSI,93.0
1652476595,A,Temperature,23.415000915527344
1652476595,A,Humidity,39.13399887084961
1652476595,A,Pressure,101665.0
1652476595,A,Gas,1279.197021484375
1652476595,A,Accelerometer,0.0
1652476595,A,Light,0.0
1652476595,A,MIC,1.0
1652476595,A,RSSI,83.0
1652476595,H,Temperature,22.95499992370605
1652476595,H,Humidity,39.249000549316406
1652476595,H,Pressure,101689.0
1652476595,H,Gas,3970.20703125
1652476595,H,Accelerometer,0.0
1652476595,H,Light,2.0
1652476595,H,MIC,3.0
1652476595,H,RSSI,81.0
1652476597,D,Temperature,23.2450008392334
1652476597,D,Humidity,38.69499969482422
1652476597,D,Pressure,101691.0
1652476597,D,Gas,4001.9580078125
1652476597,D,Accelerometer,0.0
1652476597,D,Light,0.0
1652476597,D,MIC,2.0
1652476597,D,RSSI,59.0
1652476599,E,Temperature,22.295000076293945
1652476599,E,Humidity,40.89699935913086
1652476599,E,Pressure,101671.0
1652476599,E,Gas,4295.01123046875
1652476599,E,Accelerometer,0.0
1652476599,E,Light,1.0
1652476599,E,MIC,3.0
1652476599,E,RSSI,68.0
1652476601,F,Temperature,23.584999084472656
1652476601,F,Humidity,37.48699951171875
1652476601,F,Pressure,101706.0
1652476601,F,Gas,3023.4541015625
1652476601,F,Accelerometer,0.0
1652476601,F,Light,0.0
1652476601,F,MIC,3.0
1652476601,F,RSSI,90.0
1652476603,C,Temperature,23.15500068664551
1652476603,C,Humidity,40.198001861572266
1652476603,C,Pressure,101683.0
1652476603,C,Gas,1220.011962890625
1652476603,C,Accelerometer,0.0
1652476603,C,Light,0.0
1652476603,C,MIC,3.0
1652476603,C,RSSI,74.0
1652476604,B,Temperature,23.46500015258789
1652476604,B,Humidity,40.5099983215332
1652476604,B,Pressure,101632.0
1652476604,B,Gas,4564.9921875
1652476604,B,Accelerometer,0.0
1652476604,B,Light,0.0
1652476604,B,MIC,3.0
1652476604,B,RSSI,93.0
1652476605,A,Temperature,23.415000915527344
1652476605,A,Humidity,39.11999893188477
1652476605,A,Pressure,101665.0
1652476605,A,Gas,1283.126953125
1652476605,A,Accelerometer,0.0
1652476605,A,Light,0.0
1652476605,A,MIC,1.0
1652476605,A,RSSI,83.0
1652476605,H,Temperature,22.95499992370605
1652476605,H,Humidity,39.257999420166016
1652476605,H,Pressure,101689.0
1652476605,H,Gas,3964.965087890625
1652476605,H,Accelerometer,0.0
1652476605,H,Light,2.0
1652476605,H,MIC,3.0
1652476605,H,RSSI,81.0
1652476607,D,Temperature,23.2549991607666
1652476607,D,Humidity,38.665000915527344
1652476607,D,Pressure,101693.0
1652476607,D,Gas,4002.118896484375
1652476607,D,Accelerometer,0.0
1652476607,D,Light,0.0
1652476607,D,MIC,2.0
1652476607,D,RSSI,62.0
1652476609,E,Temperature,22.295000076293945
1652476609,E,Humidity,40.891998291015625
1652476609,E,Pressure,101671.0
1652476609,E,Gas,4286.2431640625
1652476609,E,Accelerometer,0.0
1652476609,E,Light,1.0
1652476609,E,MIC,3.0
1652476609,E,RSSI,61.0
1652476613,C,Temperature,23.165000915527344
1652476613,C,Humidity,40.18899917602539
1652476613,C,Pressure,101685.0
1652476613,C,Gas,1204.0479736328125
1652476613,C,Accelerometer,0.0
1652476613,C,Light,0.0
1652476613,C,MIC,3.0
1652476613,C,RSSI,74.0
1652476614,F,Temperature,23.57500076293945
1652476614,F,Humidity,37.512001037597656
1652476614,F,Pressure,101706.0
1652476614,F,Gas,3037.14892578125
1652476614,F,Accelerometer,0.0
1652476614,F,Light,0.0
1652476614,F,MIC,3.0
1652476614,F,RSSI,90.0
1652476615,B,Temperature,23.45499992370605
1652476615,B,Humidity,40.54499816894531
1652476615,B,Pressure,101632.0
1652476615,B,Gas,4549.7919921875
1652476615,B,Accelerometer,0.0
1652476615,B,Light,0.0
1652476615,B,MIC,3.0
1652476615,B,RSSI,93.0
1652476616,H,Temperature,22.95499992370605
1652476616,H,Humidity,39.27299880981445
1652476616,H,Pressure,101687.0
1652476616,H,Gas,3944.882080078125
1652476616,H,Accelerometer,0.0
1652476616,H,Light,2.0
1652476616,H,MIC,3.0
1652476616,H,RSSI,81.0
1652476616,A,Temperature,23.415000915527344
1652476616,A,Humidity,39.14300155639648
1652476616,A,Pressure,101665.0
1652476616,A,Gas,1281.8759765625
1652476616,A,Accelerometer,0.0
1652476616,A,Light,0.0
1652476616,A,MIC,1.0
1652476616,A,RSSI,83.0
1652476617,D,Temperature,23.2549991607666
1652476617,D,Humidity,38.67399978637695
1652476617,D,Pressure,101691.0
1652476617,D,Gas,4006.154052734375
1652476617,D,Accelerometer,0.0
1652476617,D,Light,1.0
1652476617,D,MIC,2.0
1652476617,D,RSSI,62.0
1652476619,E,Temperature,22.295000076293945
1652476619,E,Humidity,40.8650016784668
1652476619,E,Pressure,101671.0
1652476619,E,Gas,4293.759765625
1652476619,E,Accelerometer,0.0
1652476619,E,Light,1.0
1652476619,E,MIC,3.0
1652476619,E,RSSI,61.0
1652476621,F,Temperature,23.57500076293945
1652476621,F,Humidity,37.51100158691406
1652476621,F,Pressure,101704.0
1652476621,F,Gas,3016.385986328125
1652476621,F,Accelerometer,0.0
1652476621,F,Light,0.0
1652476621,F,MIC,3.0
1652476621,F,RSSI,90.0
1652476624,C,Temperature,23.184999465942386
1652476624,C,Humidity,40.14599990844727
1652476624,C,Pressure,101687.0
1652476624,C,Gas,1206.156982421875
1652476624,C,Accelerometer,0.0
1652476624,C,Light,0.0
1652476624,C,MIC,3.0
1652476624,C,RSSI,74.0
1652476624,B,Temperature,23.46500015258789
1652476624,B,Humidity,40.540000915527344
1652476624,B,Pressure,101630.0
1652476624,B,Gas,4563.365234375
1652476624,B,Accelerometer,0.0
1652476624,B,Light,0.0
1652476624,B,MIC,3.0
1652476624,B,RSSI,90.0
1652476625,A,Temperature,23.415000915527344
1652476625,A,Humidity,39.13000106811523
1652476625,A,Pressure,101663.0
1652476625,A,Gas,1284.633056640625
1652476625,A,Accelerometer,0.0
1652476625,A,Light,0.0
1652476625,A,MIC,1.0
1652476625,A,RSSI,83.0
1652476625,H,Temperature,22.94499969482422
1652476625,H,Humidity,39.2760009765625
1652476625,H,Pressure,101687.0
1652476625,H,Gas,3959.988037109375
1652476625,H,Accelerometer,0.0
1652476625,H,Light,2.0
1652476625,H,MIC,3.0
1652476625,H,RSSI,81.0
1652476627,D,Temperature,23.2549991607666
1652476627,D,Humidity,38.68600082397461
1652476627,D,Pressure,101693.0
1652476627,D,Gas,3997.949951171875
1652476627,D,Accelerometer,0.0
1652476627,D,Light,0.0
1652476627,D,MIC,2.0
1652476627,D,RSSI,62.0
1652476629,E,Temperature,22.295000076293945
1652476629,E,Humidity,40.87099838256836
1652476629,E,Pressure,101671.0
1652476629,E,Gas,4307.3828125
1652476629,E,Accelerometer,0.0
1652476629,E,Light,1.0
1652476629,E,MIC,3.0
1652476629,E,RSSI,61.0
1652476631,F,Temperature,23.584999084472656
1652476631,F,Humidity,37.49399948120117
1652476631,F,Pressure,101704.0
1652476631,F,Gas,3012.22900390625
1652476631,F,Accelerometer,0.0
1652476631,F,Light,0.0
1652476631,F,MIC,3.0
1652476631,F,RSSI,91.0
1652476633,C,Temperature,23.17499923706055
1652476633,C,Humidity,40.14799880981445
1652476633,C,Pressure,101683.0
1652476633,C,Gas,1218.008056640625
1652476633,C,Accelerometer,0.0
1652476633,C,Light,0.0
1652476633,C,MIC,3.0
1652476633,C,RSSI,82.0
1652476634,B,Temperature,23.45499992370605
1652476634,B,Humidity,40.55699920654297
1652476634,B,Pressure,101628.0
1652476634,B,Gas,4559.05810546875
1652476634,B,Accelerometer,0.0
1652476634,B,Light,0.0
1652476634,B,MIC,3.0
1652476634,B,RSSI,90.0
1652476635,A,Temperature,23.415000915527344
1652476635,A,Humidity,39.10599899291992
1652476635,A,Pressure,101663.0
1652476635,A,Gas,1290.39501953125
1652476635,A,Accelerometer,0.0
1652476635,A,Light,0.0
1652476635,A,MIC,1.0
1652476635,A,RSSI,83.0
1652476635,H,Temperature,22.94499969482422
1652476635,H,Humidity,39.29399871826172
1652476635,H,Pressure,101689.0
1652476635,H,Gas,3956.865966796875
1652476635,H,Accelerometer,0.0
1652476635,H,Light,2.0
1652476635,H,MIC,3.0
1652476635,H,RSSI,81.0
1652476637,D,Temperature,23.2549991607666
1652476637,D,Humidity,38.69300079345703
1652476637,D,Pressure,101691.0
1652476637,D,Gas,3998.9580078125
1652476637,D,Accelerometer,0.0
1652476637,D,Light,0.0
1652476637,D,MIC,2.0
1652476637,D,RSSI,62.0
1652476639,E,Temperature,22.28499984741211
1652476639,E,Humidity,40.90599822998047
1652476639,E,Pressure,101669.0
1652476639,E,Gas,4303.8232421875
1652476639,E,Accelerometer,0.0
1652476639,E,Light,1.0
1652476639,E,MIC,3.0
1652476639,E,RSSI,61.0
1652476641,F,Temperature,23.584999084472656
1652476641,F,Humidity,37.48199844360352
1652476641,F,Pressure,101704.0
1652476641,F,Gas,3029.8701171875
1652476641,F,Accelerometer,0.0
1652476641,F,Light,0.0
1652476641,F,MIC,3.0
1652476641,F,RSSI,91.0
1652476643,C,Temperature,23.184999465942386
1652476643,C,Humidity,40.137001037597656
1652476643,C,Pressure,101683.0
1652476643,C,Gas,1212.510986328125
1652476643,C,Accelerometer,0.0
1652476643,C,Light,0.0
1652476643,C,MIC,3.0
1652476643,C,RSSI,82.0
1652476644,B,Temperature,23.45499992370605
1652476644,B,Humidity,40.54499816894531
1652476644,B,Pressure,101628.0
1652476644,B,Gas,4574.208984375
1652476644,B,Accelerometer,0.0
1652476644,B,Light,0.0
1652476644,B,MIC,3.0
1652476644,B,RSSI,90.0
1652476645,A,Temperature,23.415000915527344
1652476645,A,Humidity,39.13999938964844
1652476645,A,Pressure,101663.0
1652476645,A,Gas,1291.154052734375
1652476645,A,Accelerometer,0.0
1652476645,A,Light,0.0
1652476645,A,MIC,1.0
1652476645,A,RSSI,75.0
1652476646,H,Temperature,22.94499969482422
1652476646,H,Humidity,39.27299880981445
1652476646,H,Pressure,101687.0
1652476646,H,Gas,3958.222900390625
1652476646,H,Accelerometer,0.0
1652476646,H,Light,2.0
1652476646,H,MIC,3.0
1652476646,H,RSSI,87.0
1652476647,D,Temperature,23.2450008392334
1652476647,D,Humidity,38.709999084472656
1652476647,D,Pressure,101689.0
1652476647,D,Gas,3995.77001953125
1652476647,D,Accelerometer,0.0
1652476647,D,Light,1.0
1652476647,D,MIC,2.0
1652476647,D,RSSI,62.0
1652476649,E,Temperature,22.295000076293945
1652476649,E,Humidity,40.92200088500977
1652476649,E,Pressure,101671.0
1652476649,E,Gas,4305.15185546875
1652476649,E,Accelerometer,0.0
1652476649,E,Light,1.0
1652476649,E,MIC,3.0
1652476649,E,RSSI,61.0
1652476653,F,Temperature,23.57500076293945
1652476653,F,Humidity,37.51399993896485
1652476653,F,Pressure,101704.0
1652476653,F,Gas,3037.181884765625
1652476653,F,Accelerometer,0.0
1652476653,F,Light,0.0
1652476653,F,MIC,3.0
1652476653,F,RSSI,91.0
1652476653,C,Temperature,23.184999465942386
1652476653,C,Humidity,40.16299819946289
1652476653,C,Pressure,101683.0
1652476653,C,Gas,1204.93896484375
1652476653,C,Accelerometer,0.0
1652476653,C,Light,0.0
1652476653,C,MIC,3.0
1652476653,C,RSSI,82.0
1652476655,B,Temperature,23.45499992370605
1652476655,B,Humidity,40.608001708984375
1652476655,B,Pressure,101628.0
1652476655,B,Gas,4563.0048828125
1652476655,B,Accelerometer,0.0
1652476655,B,Light,0.0
1652476655,B,MIC,3.0
1652476655,B,RSSI,90.0
1652476655,A,Temperature,23.415000915527344
1652476655,A,Humidity,39.11800003051758
1652476655,A,Pressure,101665.0
1652476655,A,Gas,1300.0050048828125
1652476655,A,Accelerometer,0.0
1652476655,A,Light,0.0
1652476655,A,MIC,1.0
1652476655,A,RSSI,75.0
1652476657,D,Temperature,23.2549991607666
1652476657,D,Humidity,38.696998596191406
1652476657,D,Pressure,101691.0
1652476657,D,Gas,3993.721923828125
1652476657,D,Accelerometer,0.0
1652476657,D,Light,1.0
1652476657,D,MIC,2.0
1652476657,D,RSSI,51.0
1652476657,H,Temperature,22.94499969482422
1652476657,H,Humidity,39.27299880981445
1652476657,H,Pressure,101685.0
1652476657,H,Gas,3956.81103515625
1652476657,H,Accelerometer,0.0
1652476657,H,Light,2.0
1652476657,H,MIC,3.0
1652476657,H,RSSI,87.0
1652476659,E,Temperature,22.28499984741211
1652476659,E,Humidity,40.95500183105469
1652476659,E,Pressure,101667.0
1652476659,E,Gas,4293.10693359375
1652476659,E,Accelerometer,0.0
1652476659,E,Light,1.0
1652476659,E,MIC,3.0
1652476659,E,RSSI,60.0
1652476661,F,Temperature,23.584999084472656
1652476661,F,Humidity,37.50299835205078
1652476661,F,Pressure,101704.0
1652476661,F,Gas,3051.087890625
1652476661,F,Accelerometer,0.0
1652476661,F,Light,0.0
1652476661,F,MIC,3.0
1652476661,F,RSSI,91.0
1652476663,C,Temperature,23.165000915527344
1652476663,C,Humidity,40.236000061035156
1652476663,C,Pressure,101681.0
1652476663,C,Gas,1196.9840087890625
1652476663,C,Accelerometer,0.0
1652476663,C,Light,0.0
1652476663,C,MIC,3.0
1652476663,C,RSSI,82.0
1652476664,B,Temperature,23.45499992370605
1652476664,B,Humidity,40.61800003051758
1652476664,B,Pressure,101628.0
1652476664,B,Gas,4540.82421875
1652476664,B,Accelerometer,0.0
1652476664,B,Light,0.0
1652476664,B,MIC,3.0
1652476664,B,RSSI,90.0
1652476665,A,Temperature,23.415000915527344
1652476665,A,Humidity,39.11600112915039
1652476665,A,Pressure,101663.0
1652476665,A,Gas,1312.52001953125
1652476665,A,Accelerometer,0.0
1652476665,A,Light,0.0
1652476665,A,MIC,1.0
1652476665,A,RSSI,75.0
1652476665,H,Temperature,22.95499992370605
1652476665,H,Humidity,39.262001037597656
1652476665,H,Pressure,101687.0
1652476665,H,Gas,3972.60400390625
1652476665,H,Accelerometer,0.0
1652476665,H,Light,2.0
1652476665,H,MIC,3.0
1652476665,H,RSSI,87.0
1652476667,D,Temperature,23.2549991607666
1652476667,D,Humidity,38.66999816894531
1652476667,D,Pressure,101693.0
1652476667,D,Gas,3992.076904296875
1652476667,D,Accelerometer,0.0
1652476667,D,Light,1.0
1652476667,D,MIC,2.0
1652476667,D,RSSI,51.0
1652476669,E,Temperature,22.28499984741211
1652476669,E,Humidity,40.98500061035156
1652476669,E,Pressure,101669.0
1652476669,E,Gas,4279.158203125
1652476669,E,Accelerometer,0.0
1652476669,E,Light,1.0
1652476669,E,MIC,3.0
1652476669,E,RSSI,60.0
1652476671,F,Temperature,23.57500076293945
1652476671,F,Humidity,37.5260009765625
1652476671,F,Pressure,101704.0
1652476671,F,Gas,3040.702880859375
1652476671,F,Accelerometer,0.0
1652476671,F,Light,0.0
1652476671,F,MIC,3.0
1652476671,F,RSSI,91.0
1652476673,C,Temperature,23.165000915527344
1652476673,C,Humidity,40.19900131225586
1652476673,C,Pressure,101681.0
1652476673,C,Gas,1197.864013671875
1652476673,C,Accelerometer,0.0
1652476673,C,Light,0.0
1652476673,C,MIC,3.0
1652476673,C,RSSI,82.0
1652476675,B,Temperature,23.45499992370605
1652476675,B,Humidity,40.63600158691406
1652476675,B,Pressure,101628.0
1652476675,B,Gas,4543.73583984375
1652476675,B,Accelerometer,0.0
1652476675,B,Light,0.0
1652476675,B,MIC,3.0
1652476675,B,RSSI,88.0
1652476675,A,Temperature,23.415000915527344
1652476675,A,Humidity,39.13100051879883
1652476675,A,Pressure,101663.0
1652476675,A,Gas,1310.362060546875
1652476675,A,Accelerometer,0.0
1652476675,A,Light,0.0
1652476675,A,MIC,1.0
1652476675,A,RSSI,75.0
1652476676,H,Temperature,22.95499992370605
1652476676,H,Humidity,39.27199935913086
1652476676,H,Pressure,101683.0
1652476676,H,Gas,3962.65087890625
1652476676,H,Accelerometer,0.0
1652476676,H,Light,2.0
1652476676,H,MIC,3.0
1652476676,H,RSSI,87.0
1652476677,D,Temperature,23.2549991607666
1652476677,D,Humidity,38.64699935913086
1652476677,D,Pressure,101691.0
1652476677,D,Gas,4006.64111328125
1652476677,D,Accelerometer,0.0
1652476677,D,Light,0.0
1652476677,D,MIC,2.0
1652476677,D,RSSI,51.0
1652476679,E,Temperature,22.28499984741211
1652476679,E,Humidity,40.98400115966797
1652476679,E,Pressure,101667.0
1652476679,E,Gas,4271.43017578125
1652476679,E,Accelerometer,0.0
1652476679,E,Light,1.0
1652476679,E,MIC,3.0
1652476679,E,RSSI,60.0
1652476683,C,Temperature,23.165000915527344
1652476683,C,Humidity,40.25
1652476683,C,Pressure,101683.0
1652476683,C,Gas,1193.93994140625
1652476683,C,Accelerometer,0.0
1652476683,C,Light,0.0
1652476683,C,MIC,3.0
1652476683,C,RSSI,79.0
1652476684,F,Temperature,23.57500076293945
1652476684,F,Humidity,37.52099990844727
1652476684,F,Pressure,101706.0
1652476684,F,Gas,3038.83203125
1652476684,F,Accelerometer,0.0
1652476684,F,Light,0.0
1652476684,F,MIC,3.0
1652476684,F,RSSI,88.0
1652476685,A,Temperature,23.415000915527344
1652476685,A,Humidity,39.15599822998047
1652476685,A,Pressure,101663.0
1652476685,A,Gas,1307.7159423828125
1652476685,A,Accelerometer,0.0
1652476685,A,Light,0.0
1652476685,A,MIC,1.0
1652476685,A,RSSI,75.0
1652476685,H,Temperature,22.95499992370605
1652476685,H,Humidity,39.29600143432617
1652476685,H,Pressure,101687.0
1652476685,H,Gas,3976.9208984375
1652476685,H,Accelerometer,0.0
1652476685,H,Light,2.0
1652476685,H,MIC,3.0
1652476685,H,RSSI,81.0
1652476686,B,Temperature,23.45499992370605
1652476686,B,Humidity,40.62699890136719
1652476686,B,Pressure,101628.0
1652476686,B,Gas,4542.47412109375
1652476686,B,Accelerometer,0.0
1652476686,B,Light,0.0
1652476686,B,MIC,3.0
1652476686,B,RSSI,88.0
1652476687,D,Temperature,23.2450008392334
1652476687,D,Humidity,38.67699813842773
1652476687,D,Pressure,101691.0
1652476687,D,Gas,4011.673095703125
1652476687,D,Accelerometer,0.0
1652476687,D,Light,0.0
1652476687,D,MIC,2.0
1652476687,D,RSSI,51.0
1652476689,E,Temperature,22.28499984741211
1652476689,E,Humidity,40.97800064086914
1652476689,E,Pressure,101671.0
1652476689,E,Gas,4265.130859375
1652476689,E,Accelerometer,0.0
1652476689,E,Light,1.0
1652476689,E,MIC,3.0
1652476689,E,RSSI,60.0
1652476692,F,Temperature,23.57500076293945
1652476692,F,Humidity,37.5359992980957
1652476692,F,Pressure,101708.0
1652476692,F,Gas,3044.27294921875
1652476692,F,Accelerometer,0.0
1652476692,F,Light,0.0
1652476692,F,MIC,3.0
1652476692,F,RSSI,88.0
1652476693,C,Temperature,23.165000915527344
1652476693,C,Humidity,40.20000076293945
1652476693,C,Pressure,101685.0
1652476693,C,Gas,1196.89599609375
1652476693,C,Accelerometer,0.0
1652476693,C,Light,0.0
1652476693,C,MIC,3.0
1652476693,C,RSSI,79.0
1652476694,B,Temperature,23.45499992370605
1652476694,B,Humidity,40.63999938964844
1652476694,B,Pressure,101630.0
1652476694,B,Gas,4527.60595703125
1652476694,B,Accelerometer,0.0
1652476694,B,Light,0.0
1652476694,B,MIC,3.0
1652476694,B,RSSI,88.0
1652476695,A,Temperature,23.42499923706055
1652476695,A,Humidity,39.17499923706055
1652476695,A,Pressure,101663.0
1652476695,A,Gas,1310.261962890625
1652476695,A,Accelerometer,0.0
1652476695,A,Light,0.0
1652476695,A,MIC,1.0
1652476695,A,RSSI,84.0
1652476696,H,Temperature,22.95499992370605
1652476696,H,Humidity,39.2599983215332
1652476696,H,Pressure,101689.0
1652476696,H,Gas,3969.6259765625
1652476696,H,Accelerometer,0.0
1652476696,H,Light,2.0
1652476696,H,MIC,3.0
1652476696,H,RSSI,81.0
1652476697,D,Temperature,23.2450008392334
1652476697,D,Humidity,38.70600128173828
1652476697,D,Pressure,101693.0
1652476697,D,Gas,4012.841064453125
1652476697,D,Accelerometer,0.0
1652476697,D,Light,1.0
1652476697,D,MIC,2.0
1652476697,D,RSSI,51.0
1652476699,E,Temperature,22.274999618530273
1652476699,E,Humidity,40.959999084472656
1652476699,E,Pressure,101669.0
1652476699,E,Gas,4262.56787109375
1652476699,E,Accelerometer,0.0
1652476699,E,Light,1.0
1652476699,E,MIC,3.0
1652476699,E,RSSI,60.0
1652476703,C,Temperature,23.165000915527344
1652476703,C,Humidity,40.20199966430664
1652476703,C,Pressure,101685.0
1652476703,C,Gas,1196.9010009765625
1652476703,C,Accelerometer,0.0
1652476703,C,Light,0.0
1652476703,C,MIC,3.0
1652476703,C,RSSI,79.0
1652476704,F,Temperature,23.57500076293945
1652476704,F,Humidity,37.51900100708008
1652476704,F,Pressure,101708.0
1652476704,F,Gas,3047.06298828125
1652476704,F,Accelerometer,0.0
1652476704,F,Light,0.0
1652476704,F,MIC,3.0
1652476704,F,RSSI,88.0
1652476704,B,Temperature,23.46500015258789
1652476704,B,Humidity,40.59199905395508
1652476704,B,Pressure,101630.0
1652476704,B,Gas,4540.259765625
1652476704,B,Accelerometer,0.0
1652476704,B,Light,0.0
1652476704,B,MIC,3.0
1652476704,B,RSSI,88.0
1652476705,A,Temperature,23.42499923706055
1652476705,A,Humidity,39.13100051879883
1652476705,A,Pressure,101667.0
1652476705,A,Gas,1307.362060546875
1652476705,A,Accelerometer,0.0
1652476705,A,Light,0.0
1652476705,A,MIC,1.0
1652476705,A,RSSI,84.0
1652476706,H,Temperature,22.94499969482422
1652476706,H,Humidity,39.30199813842773
1652476706,H,Pressure,101687.0
1652476706,H,Gas,3971.324951171875
1652476706,H,Accelerometer,0.0
1652476706,H,Light,2.0
1652476706,H,MIC,3.0
1652476706,H,RSSI,81.0
1652476707,D,Temperature,23.23500061035156
1652476707,D,Humidity,38.709999084472656
1652476707,D,Pressure,101695.0
1652476707,D,Gas,4008.64501953125
1652476707,D,Accelerometer,0.0
1652476707,D,Light,0.0
1652476707,D,MIC,2.0
1652476707,D,RSSI,60.0
1652476709,E,Temperature,22.295000076293945
1652476709,E,Humidity,40.94900131225586
1652476709,E,Pressure,101675.0
1652476709,E,Gas,4261.89794921875
1652476709,E,Accelerometer,0.0
1652476709,E,Light,1.0
1652476709,E,MIC,3.0
1652476709,E,RSSI,73.0
1652476712,F,Temperature,23.57500076293945
1652476712,F,Humidity,37.51300048828125
1652476712,F,Pressure,101708.0
1652476712,F,Gas,3046.47607421875
1652476712,F,Accelerometer,0.0
1652476712,F,Light,0.0
1652476712,F,MIC,3.0
1652476712,F,RSSI,88.0
1652476714,C,Temperature,23.165000915527344
1652476714,C,Humidity,40.15800094604492
1652476714,C,Pressure,101685.0
1652476714,C,Gas,1199.0379638671875
1652476714,C,Accelerometer,0.0
1652476714,C,Light,0.0
1652476714,C,MIC,3.0
1652476714,C,RSSI,79.0
1652476715,B,Temperature,23.45499992370605
1652476715,B,Humidity,40.59299850463867
1652476715,B,Pressure,101632.0
1652476715,B,Gas,4528.27587890625
1652476715,B,Accelerometer,0.0
1652476715,B,Light,0.0
1652476715,B,MIC,3.0
1652476715,B,RSSI,88.0
1652476715,A,Temperature,23.415000915527344
1652476715,A,Humidity,39.14300155639648
1652476715,A,Pressure,101667.0
1652476715,A,Gas,1303.43701171875
1652476715,A,Accelerometer,0.0
1652476715,A,Light,0.0
1652476715,A,MIC,1.0
1652476715,A,RSSI,84.0
1652476717,D,Temperature,23.22500038146973
1652476717,D,Humidity,38.76399993896485
1652476717,D,Pressure,101695.0
1652476717,D,Gas,4000.6630859375
1652476717,D,Accelerometer,0.0
1652476717,D,Light,1.0
1652476717,D,MIC,2.0
1652476717,D,RSSI,60.0
1652476719,H,Temperature,22.94499969482422
1652476719,H,Humidity,39.31399917602539
1652476719,H,Pressure,101689.0
1652476719,H,Gas,3955.4609375
1652476719,H,Accelerometer,0.0
1652476719,H,Light,2.0
1652476719,H,MIC,3.0
1652476719,H,RSSI,81.0
1652476719,E,Temperature,22.28499984741211
1652476719,E,Humidity,40.92900085449219
1652476719,E,Pressure,101671.0
1652476719,E,Gas,4268.61279296875
1652476719,E,Accelerometer,0.0
1652476719,E,Light,1.0
1652476719,E,MIC,3.0
1652476719,E,RSSI,73.0
1652476721,F,Temperature,23.57500076293945
1652476721,F,Humidity,37.5009994506836
1652476721,F,Pressure,101710.0
1652476721,F,Gas,3035.300048828125
1652476721,F,Accelerometer,0.0
1652476721,F,Light,0.0
1652476721,F,MIC,3.0
1652476721,F,RSSI,88.0
1652476723,C,Temperature,23.165000915527344
1652476723,C,Humidity,40.185001373291016
1652476723,C,Pressure,101687.0
1652476723,C,Gas,1202.0660400390625
1652476723,C,Accelerometer,0.0
1652476723,C,Light,0.0
1652476723,C,MIC,3.0
1652476723,C,RSSI,76.0
1652476725,A,Temperature,23.415000915527344
1652476725,A,Humidity,39.11600112915039
1652476725,A,Pressure,101667.0
1652476725,A,Gas,1301.27294921875
1652476725,A,Accelerometer,0.0
1652476725,A,Light,0.0
1652476725,A,MIC,1.0
1652476725,A,RSSI,84.0
1652476726,H,Temperature,22.94499969482422
1652476726,H,Humidity,39.31499862670898
1652476726,H,Pressure,101689.0
1652476726,H,Gas,3953.672119140625
1652476726,H,Accelerometer,0.0
1652476726,H,Light,2.0
1652476726,H,MIC,3.0
1652476726,H,RSSI,81.0
1652476727,B,Temperature,23.45499992370605
1652476727,B,Humidity,40.57799911499024
1652476727,B,Pressure,101632.0
1652476727,B,Gas,4539.44580078125
1652476727,B,Accelerometer,0.0
1652476727,B,Light,0.0
1652476727,B,MIC,3.0
1652476727,B,RSSI,90.0
1652476727,D,Temperature,23.23500061035156
1652476727,D,Humidity,38.71699905395508
1652476727,D,Pressure,101695.0
1652476727,D,Gas,4000.552001953125
1652476727,D,Accelerometer,0.0
1652476727,D,Light,1.0
1652476727,D,MIC,2.0
1652476727,D,RSSI,60.0
1652476729,E,Temperature,22.274999618530273
1652476729,E,Humidity,40.92900085449219
1652476729,E,Pressure,101673.0
1652476729,E,Gas,4271.18701171875
1652476729,E,Accelerometer,0.0
1652476729,E,Light,1.0
1652476729,E,MIC,3.0
1652476729,E,RSSI,73.0
1652476732,F,Temperature,23.57500076293945
1652476732,F,Humidity,37.50299835205078
1652476732,F,Pressure,101708.0
1652476732,F,Gas,3045.97802734375
1652476732,F,Accelerometer,0.0
1652476732,F,Light,0.0
1652476732,F,MIC,3.0
1652476732,F,RSSI,85.0
1652476734,C,Temperature,23.165000915527344
1652476734,C,Humidity,40.17399978637695
1652476734,C,Pressure,101687.0
1652476734,C,Gas,1206.5
1652476734,C,Accelerometer,0.0
1652476734,C,Light,0.0
1652476734,C,MIC,3.0
1652476734,C,RSSI,76.0
1652476735,B,Temperature,23.45499992370605
1652476735,B,Humidity,40.59299850463867
1652476735,B,Pressure,101632.0
1652476735,B,Gas,4547.671875
1652476735,B,Accelerometer,0.0
1652476735,B,Light,0.0
1652476735,B,MIC,3.0
1652476735,B,RSSI,90.0
1652476735,A,Temperature,23.40500068664551
1652476735,A,Humidity,39.17100143432617
1652476735,A,Pressure,101665.0
1652476735,A,Gas,1312.260009765625
1652476735,A,Accelerometer,0.0
1652476735,A,Light,0.0
1652476735,A,MIC,1.0
1652476735,A,RSSI,84.0
1652476736,H,Temperature,22.94499969482422
1652476736,H,Humidity,39.290000915527344
1652476736,H,Pressure,101691.0
1652476736,H,Gas,3958.56005859375
1652476736,H,Accelerometer,0.0
1652476736,H,Light,2.0
1652476736,H,MIC,3.0
1652476736,H,RSSI,79.0
1652476737,D,Temperature,23.23500061035156
1652476737,D,Humidity,38.73699951171875
1652476737,D,Pressure,101695.0
1652476737,D,Gas,4001.636962890625
1652476737,D,Accelerometer,0.0
1652476737,D,Light,0.0
1652476737,D,MIC,2.0
1652476737,D,RSSI,60.0
1652476739,E,Temperature,22.274999618530273
1652476739,E,Humidity,40.94400024414063
1652476739,E,Pressure,101671.0
1652476739,E,Gas,4279.22412109375
1652476739,E,Accelerometer,0.0
1652476739,E,Light,1.0
1652476739,E,MIC,3.0
1652476739,E,RSSI,73.0
1652476742,F,Temperature,23.57500076293945
1652476742,F,Humidity,37.5099983215332
1652476742,F,Pressure,101706.0
1652476742,F,Gas,3047.75
1652476742,F,Accelerometer,0.0
1652476742,F,Light,0.0
1652476742,F,MIC,3.0
1652476742,F,RSSI,85.0
1652476744,C,Temperature,23.17499923706055
1652476744,C,Humidity,40.13800048828125
1652476744,C,Pressure,101689.0
1652476744,C,Gas,1199.7130126953125
1652476744,C,Accelerometer,0.0
1652476744,C,Light,0.0
1652476744,C,MIC,3.0
1652476744,C,RSSI,76.0
1652476745,B,Temperature,23.45499992370605
1652476745,B,Humidity,40.60900115966797
1652476745,B,Pressure,101632.0
1652476745,B,Gas,4548.912109375
1652476745,B,Accelerometer,0.0
1652476745,B,Light,0.0
1652476745,B,MIC,3.0
1652476745,B,RSSI,90.0
1652476745,A,Temperature,23.40500068664551
1652476745,A,Humidity,39.18000030517578
1652476745,A,Pressure,101665.0
1652476745,A,Gas,1307.1729736328125
1652476745,A,Accelerometer,0.0
1652476745,A,Light,0.0
1652476745,A,MIC,1.0
1652476745,A,RSSI,83.0
1652476746,H,Temperature,22.94499969482422
1652476746,H,Humidity,39.3120002746582
1652476746,H,Pressure,101691.0
1652476746,H,Gas,3949.4599609375
1652476746,H,Accelerometer,0.0
1652476746,H,Light,2.0
1652476746,H,MIC,3.0
1652476746,H,RSSI,79.0
1652476747,D,Temperature,23.23500061035156
1652476747,D,Humidity,38.729000091552734
1652476747,D,Pressure,101697.0
1652476747,D,Gas,4004.123046875
1652476747,D,Accelerometer,0.0
1652476747,D,Light,0.0
1652476747,D,MIC,2.0
1652476747,D,RSSI,60.0
1652476749,E,Temperature,22.28499984741211
1652476749,E,Humidity,40.933998107910156
1652476749,E,Pressure,101673.0
1652476749,E,Gas,4278.3720703125
1652476749,E,Accelerometer,0.0
1652476749,E,Light,1.0
1652476749,E,MIC,3.0
1652476749,E,RSSI,73.0
1652476751,F,Temperature,23.57500076293945
1652476751,F,Humidity,37.5099983215332
1652476751,F,Pressure,101708.0
1652476751,F,Gas,3063.95703125
1652476751,F,Accelerometer,0.0
1652476751,F,Light,0.0
1652476751,F,MIC,3.0
1652476751,F,RSSI,85.0
1652476753,C,Temperature,23.184999465942386
1652476753,C,Humidity,40.11999893188477
1652476753,C,Pressure,101687.0
1652476753,C,Gas,1203.2669677734375
1652476753,C,Accelerometer,0.0
1652476753,C,Light,0.0
1652476753,C,MIC,3.0
1652476753,C,RSSI,76.0
1652476755,B,Temperature,23.45499992370605
1652476755,B,Humidity,40.59400177001953
1652476755,B,Pressure,101632.0
1652476755,B,Gas,4545.2138671875
1652476755,B,Accelerometer,0.0
1652476755,B,Light,0.0
1652476755,B,MIC,3.0
1652476755,B,RSSI,90.0
1652476755,A,Temperature,23.415000915527344
1652476755,A,Humidity,39.14599990844727
1652476755,A,Pressure,101667.0
1652476755,A,Gas,1295.0560302734375
1652476755,A,Accelerometer,0.0
1652476755,A,Light,0.0
1652476755,A,MIC,1.0
1652476755,A,RSSI,83.0
1652476755,H,Temperature,22.94499969482422
1652476755,H,Humidity,39.30400085449219
1652476755,H,Pressure,101691.0
1652476755,H,Gas,3947.7548828125
1652476755,H,Accelerometer,0.0
1652476755,H,Light,2.0
1652476755,H,MIC,3.0
1652476755,H,RSSI,79.0
1652476757,D,Temperature,23.23500061035156
1652476757,D,Humidity,38.73899841308594
1652476757,D,Pressure,101695.0
1652476757,D,Gas,4004.011962890625
1652476757,D,Accelerometer,0.0
1652476757,D,Light,1.0
1652476757,D,MIC,2.0
1652476757,D,RSSI,59.0
1652476759,E,Temperature,22.28499984741211
1652476759,E,Humidity,40.94300079345703
1652476759,E,Pressure,101671.0
1652476759,E,Gas,4278.75390625
1652476759,E,Accelerometer,0.0
1652476759,E,Light,1.0
1652476759,E,MIC,3.0
1652476759,E,RSSI,68.0
1652476762,F,Temperature,23.57500076293945
1652476762,F,Humidity,37.50699996948242
1652476762,F,Pressure,101708.0
1652476762,F,Gas,3058.764892578125
1652476762,F,Accelerometer,0.0
1652476762,F,Light,0.0
1652476762,F,MIC,3.0
1652476762,F,RSSI,85.0
1652476764,C,Temperature,23.17499923706055
1652476764,C,Humidity,40.13600158691406
1652476764,C,Pressure,101685.0
1652476764,C,Gas,1217.7919921875
1652476764,C,Accelerometer,0.0
1652476764,C,Light,0.0
1652476764,C,MIC,3.0
1652476764,C,RSSI,76.0
1652476765,B,Temperature,23.45499992370605
1652476765,B,Humidity,40.5890007019043
1652476765,B,Pressure,101632.0
1652476765,B,Gas,4557.15380859375
1652476765,B,Accelerometer,0.0
1652476765,B,Light,0.0
1652476765,B,MIC,3.0
1652476765,B,RSSI,90.0
1652476765,A,Temperature,23.40500068664551
1652476765,A,Humidity,39.14099884033203
1652476765,A,Pressure,101663.0
1652476765,A,Gas,1301.2669677734375
1652476765,A,Accelerometer,0.0
1652476765,A,Light,0.0
1652476765,A,MIC,1.0
1652476765,A,RSSI,83.0
1652476766,H,Temperature,22.934999465942386
1652476766,H,Humidity,39.3380012512207
1652476766,H,Pressure,101689.0
1652476766,H,Gas,3955.4990234375
1652476766,H,Accelerometer,0.0
1652476766,H,Light,2.0
1652476766,H,MIC,3.0
1652476766,H,RSSI,79.0
1652476767,D,Temperature,23.23500061035156
1652476767,D,Humidity,38.7130012512207
1652476767,D,Pressure,101695.0
1652476767,D,Gas,4001.083984375
1652476767,D,Accelerometer,0.0
1652476767,D,Light,0.0
1652476767,D,MIC,2.0
1652476767,D,RSSI,59.0
1652476769,E,Temperature,22.274999618530273
1652476769,E,Humidity,40.96099853515625
1652476769,E,Pressure,101671.0
1652476769,E,Gas,4286.55322265625
1652476769,E,Accelerometer,0.0
1652476769,E,Light,1.0
1652476769,E,MIC,3.0
1652476769,E,RSSI,68.0
1652476774,F,Temperature,23.57500076293945
1652476774,F,Humidity,37.52000045776367
1652476774,F,Pressure,101708.0
1652476774,F,Gas,3063.37109375
1652476774,F,Accelerometer,0.0
1652476774,F,Light,0.0
1652476774,F,MIC,3.0
1652476774,F,RSSI,85.0
1652476774,C,Temperature,23.17499923706055
1652476774,C,Humidity,40.1510009765625
1652476774,C,Pressure,101685.0
1652476774,C,Gas,1210.4959716796875
1652476774,C,Accelerometer,0.0
1652476774,C,Light,0.0
1652476774,C,MIC,3.0
1652476774,C,RSSI,76.0
1652476775,B,Temperature,23.44499969482422
1652476775,B,Humidity,40.60499954223633
1652476775,B,Pressure,101632.0
1652476775,B,Gas,4563.6748046875
1652476775,B,Accelerometer,0.0
1652476775,B,Light,0.0
1652476775,B,MIC,3.0
1652476775,B,RSSI,90.0
1652476776,A,Temperature,23.415000915527344
1652476776,A,Humidity,39.15499877929688
1652476776,A,Pressure,101665.0
1652476776,A,Gas,1296.3070068359375
1652476776,A,Accelerometer,0.0
1652476776,A,Light,0.0
1652476776,A,MIC,1.0
1652476776,A,RSSI,83.0
1652476776,H,Temperature,22.94499969482422
1652476776,H,Humidity,39.32600021362305
1652476776,H,Pressure,101689.0
1652476776,H,Gas,3946.81396484375
1652476776,H,Accelerometer,0.0
1652476776,H,Light,2.0
1652476776,H,MIC,3.0
1652476776,H,RSSI,79.0
1652476777,D,Temperature,23.2450008392334
1652476777,D,Humidity,38.72100067138672
1652476777,D,Pressure,101693.0
1652476777,D,Gas,4001.919921875
1652476777,D,Accelerometer,0.0
1652476777,D,Light,1.0
1652476777,D,MIC,3.0
1652476777,D,RSSI,59.0
1652476779,E,Temperature,22.28499984741211
1652476779,E,Humidity,40.946998596191406
1652476779,E,Pressure,101671.0
1652476779,E,Gas,4286.27099609375
1652476779,E,Accelerometer,0.0
1652476779,E,Light,1.0
1652476779,E,MIC,3.0
1652476779,E,RSSI,68.0
1652476782,F,Temperature,23.57500076293945
1652476782,F,Humidity,37.51800155639648
1652476782,F,Pressure,101706.0
1652476782,F,Gas,3074.39208984375
1652476782,F,Accelerometer,0.0
1652476782,F,Light,0.0
1652476782,F,MIC,3.0
1652476782,F,RSSI,86.0
1652476784,C,Temperature,23.165000915527344
1652476784,C,Humidity,40.180999755859375
1652476784,C,Pressure,101681.0
1652476784,C,Gas,1219.447021484375
1652476784,C,Accelerometer,0.0
1652476784,C,Light,0.0
1652476784,C,MIC,3.0
1652476784,C,RSSI,74.0
1652476785,B,Temperature,23.44499969482422
1652476785,B,Humidity,40.59000015258789
1652476785,B,Pressure,101632.0
1652476785,B,Gas,4569.4921875
1652476785,B,Accelerometer,0.0
1652476785,B,Light,0.0
1652476785,B,MIC,3.0
1652476785,B,RSSI,90.0
1652476786,H,Temperature,22.934999465942386
1652476786,H,Humidity,39.358001708984375
1652476786,H,Pressure,101689.0
1652476786,H,Gas,3946.199951171875
1652476786,H,Accelerometer,0.0
1652476786,H,Light,2.0
1652476786,H,MIC,3.0
1652476786,H,RSSI,79.0
1652476786,A,Temperature,23.415000915527344
1652476786,A,Humidity,39.18299865722656
1652476786,A,Pressure,101665.0
1652476786,A,Gas,1288.967041015625
1652476786,A,Accelerometer,0.0
1652476786,A,Light,0.0
1652476786,A,MIC,1.0
1652476786,A,RSSI,83.0
1652476787,D,Temperature,23.2450008392334
1652476787,D,Humidity,38.70899963378906
1652476787,D,Pressure,101693.0
1652476787,D,Gas,3990.20703125
1652476787,D,Accelerometer,0.0
1652476787,D,Light,0.0
1652476787,D,MIC,3.0
1652476787,D,RSSI,59.0
1652476789,E,Temperature,22.26499938964844
1652476789,E,Humidity,40.99100112915039
1652476789,E,Pressure,101669.0
1652476789,E,Gas,4277.02685546875
1652476789,E,Accelerometer,0.0
1652476789,E,Light,1.0
1652476789,E,MIC,3.0
1652476789,E,RSSI,68.0
1652476792,F,Temperature,23.57500076293945
1652476792,F,Humidity,37.52299880981445
1652476792,F,Pressure,101708.0
1652476792,F,Gas,3074.248046875
1652476792,F,Accelerometer,0.0
1652476792,F,Light,0.0
1652476792,F,MIC,3.0
1652476792,F,RSSI,86.0
1652476794,C,Temperature,23.17499923706055
1652476794,C,Humidity,40.14599990844727
1652476794,C,Pressure,101687.0
1652476794,C,Gas,1211.2049560546875
1652476794,C,Accelerometer,0.0
1652476794,C,Light,0.0
1652476794,C,MIC,3.0
1652476794,C,RSSI,74.0
1652476795,B,Temperature,23.45499992370605
1652476795,B,Humidity,40.58700180053711
1652476795,B,Pressure,101632.0
1652476795,B,Gas,4574.64013671875
1652476795,B,Accelerometer,0.0
1652476795,B,Light,0.0
1652476795,B,MIC,3.0
1652476795,B,RSSI,90.0
1652476796,H,Temperature,22.934999465942386
1652476796,H,Humidity,39.347999572753906
1652476796,H,Pressure,101685.0
1652476796,H,Gas,3935.947998046875
1652476796,H,Accelerometer,0.0
1652476796,H,Light,2.0
1652476796,H,MIC,3.0
1652476796,H,RSSI,79.0
1652476797,A,Temperature,23.40500068664551
1652476797,A,Humidity,39.183998107910156
1652476797,A,Pressure,101663.0
1652476797,A,Gas,1277.780029296875
1652476797,A,Accelerometer,0.0
1652476797,A,Light,0.0
1652476797,A,MIC,1.0
1652476797,A,RSSI,83.0
1652476797,D,Temperature,23.2549991607666
1652476797,D,Humidity,38.70199966430664
1652476797,D,Pressure,101695.0
1652476797,D,Gas,3988.822998046875
1652476797,D,Accelerometer,0.0
1652476797,D,Light,0.0
1652476797,D,MIC,3.0
1652476797,D,RSSI,59.0
1652476799,E,Temperature,22.274999618530273
1652476799,E,Humidity,40.999000549316406
1652476799,E,Pressure,101671.0
1652476799,E,Gas,4275.7919921875
1652476799,E,Accelerometer,0.0
1652476799,E,Light,1.0
1652476799,E,MIC,3.0
1652476799,E,RSSI,68.0
1652476801,F,Temperature,23.57500076293945
1652476801,F,Humidity,37.53499984741211
1652476801,F,Pressure,101708.0
1652476801,F,Gas,3075.80908203125
1652476801,F,Accelerometer,0.0
1652476801,F,Light,0.0
1652476801,F,MIC,3.0
1652476801,F,RSSI,86.0
1652476803,C,Temperature,23.17499923706055
1652476803,C,Humidity,40.18299865722656
1652476803,C,Pressure,101685.0
1652476803,C,Gas,1210.364013671875
1652476803,C,Accelerometer,0.0
1652476803,C,Light,0.0
1652476803,C,MIC,3.0
1652476803,C,RSSI,74.0
1652476805,B,Temperature,23.434999465942386
1652476805,B,Humidity,40.604000091552734
1652476805,B,Pressure,101628.0
1652476805,B,Gas,4578.39892578125
1652476805,B,Accelerometer,0.0
1652476805,B,Light,0.0
1652476805,B,MIC,3.0
1652476805,B,RSSI,90.0
1652476805,A,Temperature,23.40500068664551
1652476805,A,Humidity,39.1870002746582
1652476805,A,Pressure,101663.0
1652476805,A,Gas,1273.594970703125
1652476805,A,Accelerometer,0.0
1652476805,A,Light,0.0
1652476805,A,MIC,1.0
1652476805,A,RSSI,83.0
1652476806,H,Temperature,22.934999465942386
1652476806,H,Humidity,39.34400177001953
1652476806,H,Pressure,101685.0
1652476806,H,Gas,3937.3701171875
1652476806,H,Accelerometer,0.0
1652476806,H,Light,2.0
1652476806,H,MIC,3.0
1652476806,H,RSSI,79.0
1652476808,D,Temperature,23.2450008392334
1652476808,D,Humidity,38.733001708984375
1652476808,D,Pressure,101691.0
1652476808,D,Gas,3992.431884765625
1652476808,D,Accelerometer,0.0
1652476808,D,Light,0.0
1652476808,D,MIC,3.0
1652476808,D,RSSI,62.0
1652476809,E,Temperature,22.274999618530273
1652476809,E,Humidity,40.9900016784668
1652476809,E,Pressure,101673.0
1652476809,E,Gas,4273.33984375
1652476809,E,Accelerometer,0.0
1652476809,E,Light,1.0
1652476809,E,MIC,3.0
1652476809,E,RSSI,68.0
1652476813,F,Temperature,23.57500076293945
1652476813,F,Humidity,37.53900146484375
1652476813,F,Pressure,101708.0
1652476813,F,Gas,3073.323974609375
1652476813,F,Accelerometer,0.0
1652476813,F,Light,0.0
1652476813,F,MIC,3.0
1652476813,F,RSSI,86.0
1652476813,C,Temperature,23.165000915527344
1652476813,C,Humidity,40.24499893188477
1652476813,C,Pressure,101685.0
1652476813,C,Gas,1197.7869873046875
1652476813,C,Accelerometer,0.0
1652476813,C,Light,0.0
1652476813,C,MIC,3.0
1652476813,C,RSSI,74.0
1652476815,B,Temperature,23.44499969482422
1652476815,B,Humidity,40.59500122070313
1652476815,B,Pressure,101632.0
1652476815,B,Gas,4570.73291015625
1652476815,B,Accelerometer,0.0
1652476815,B,Light,0.0
1652476815,B,MIC,3.0
1652476815,B,RSSI,90.0
1652476815,A,Temperature,23.40500068664551
1652476815,A,Humidity,39.19599914550781
1652476815,A,Pressure,101665.0
1652476815,A,Gas,1274.3199462890625
1652476815,A,Accelerometer,0.0
1652476815,A,Light,0.0
1652476815,A,MIC,1.0
1652476815,A,RSSI,83.0
1652476816,H,Temperature,22.934999465942386
1652476816,H,Humidity,39.34099960327149
1652476816,H,Pressure,101687.0
1652476816,H,Gas,3937.614013671875
1652476816,H,Accelerometer,0.0
1652476816,H,Light,2.0
1652476816,H,MIC,3.0
1652476816,H,RSSI,79.0
1652476818,D,Temperature,23.2450008392334
1652476818,D,Humidity,38.7400016784668
1652476818,D,Pressure,101693.0
1652476818,D,Gas,3999.2900390625
1652476818,D,Accelerometer,0.0
1652476818,D,Light,0.0
1652476818,D,MIC,3.0
1652476818,D,RSSI,62.0
1652476819,E,Temperature,22.274999618530273
1652476819,E,Humidity,40.97200012207031
1652476819,E,Pressure,101673.0
1652476819,E,Gas,4281.02294921875
1652476819,E,Accelerometer,0.0
1652476819,E,Light,1.0
1652476819,E,MIC,3.0
1652476819,E,RSSI,68.0
1652476822,F,Temperature,23.565000534057614
1652476822,F,Humidity,37.553001403808594
1652476822,F,Pressure,101706.0
1652476822,F,Gas,3068.425048828125
1652476822,F,Accelerometer,0.0
1652476822,F,Light,0.0
1652476822,F,MIC,3.0
1652476822,F,RSSI,86.0
1652476824,C,Temperature,23.17499923706055
1652476824,C,Humidity,40.18199920654297
1652476824,C,Pressure,101685.0
1652476824,C,Gas,1190.0760498046875
1652476824,C,Accelerometer,0.0
1652476824,C,Light,0.0
1652476824,C,MIC,3.0
1652476824,C,RSSI,74.0
1652476825,B,Temperature,23.44499969482422
1652476825,B,Humidity,40.60200119018555
1652476825,B,Pressure,101632.0
1652476825,B,Gas,4584.2451171875
1652476825,B,Accelerometer,0.0
1652476825,B,Light,0.0
1652476825,B,MIC,3.0
1652476825,B,RSSI,91.0
1652476826,A,Temperature,23.395000457763672
1652476826,A,Humidity,39.22000122070313
1652476826,A,Pressure,101665.0
1652476826,A,Gas,1270.988037109375
1652476826,A,Accelerometer,0.0
1652476826,A,Light,0.0
1652476826,A,MIC,1.0
1652476826,A,RSSI,83.0
1652476826,H,Temperature,22.934999465942386
1652476826,H,Humidity,39.3390007019043
1652476826,H,Pressure,101691.0
1652476826,H,Gas,3959.10791015625
1652476826,H,Accelerometer,0.0
1652476826,H,Light,2.0
1652476826,H,MIC,3.0
1652476826,H,RSSI,79.0
1652476828,D,Temperature,23.2450008392334
1652476828,D,Humidity,38.74599838256836
1652476828,D,Pressure,101695.0
1652476828,D,Gas,4001.571044921875
1652476828,D,Accelerometer,0.0
1652476828,D,Light,0.0
1652476828,D,MIC,3.0
1652476828,D,RSSI,62.0
1652476829,E,Temperature,22.274999618530273
1652476829,E,Humidity,40.99399948120117
1652476829,E,Pressure,101673.0
1652476829,E,Gas,4286.5478515625
1652476829,E,Accelerometer,0.0
1652476829,E,Light,1.0
1652476829,E,MIC,3.0
1652476829,E,RSSI,68.0
1652476832,F,Temperature,23.565000534057614
1652476832,F,Humidity,37.553001403808594
1652476832,F,Pressure,101708.0
1652476832,F,Gas,3070.02392578125
1652476832,F,Accelerometer,0.0
1652476832,F,Light,0.0
1652476832,F,MIC,3.0
1652476832,F,RSSI,92.0
1652476834,C,Temperature,23.17499923706055
1652476834,C,Humidity,40.17699813842773
1652476834,C,Pressure,101687.0
1652476834,C,Gas,1200.31103515625
1652476834,C,Accelerometer,0.0
1652476834,C,Light,0.0
1652476834,C,MIC,3.0
1652476834,C,RSSI,75.0
1652476835,B,Temperature,23.44499969482422
1652476835,B,Humidity,40.59400177001953
1652476835,B,Pressure,101634.0
1652476835,B,Gas,4598.6982421875
1652476835,B,Accelerometer,0.0
1652476835,B,Light,0.0
1652476835,B,MIC,3.0
1652476835,B,RSSI,91.0
1652476836,A,Temperature,23.40500068664551
1652476836,A,Humidity,39.19200134277344
1652476836,A,Pressure,101665.0
1652476836,A,Gas,1281.123046875
1652476836,A,Accelerometer,0.0
1652476836,A,Light,0.0
1652476836,A,MIC,1.0
1652476836,A,RSSI,83.0
1652476836,H,Temperature,22.94499969482422
1652476836,H,Humidity,39.323001861572266
1652476836,H,Pressure,101691.0
1652476836,H,Gas,3981.47705078125
1652476836,H,Accelerometer,0.0
1652476836,H,Light,2.0
1652476836,H,MIC,3.0
1652476836,H,RSSI,81.0
1652476838,D,Temperature,23.23500061035156
1652476838,D,Humidity,38.75
1652476838,D,Pressure,101695.0
1652476838,D,Gas,3996.2900390625
1652476838,D,Accelerometer,0.0
1652476838,D,Light,0.0
1652476838,D,MIC,3.0
1652476838,D,RSSI,62.0
1652476839,E,Temperature,22.274999618530273
1652476839,E,Humidity,41.00199890136719
1652476839,E,Pressure,101673.0
1652476839,E,Gas,4277.9619140625
1652476839,E,Accelerometer,0.0
1652476839,E,Light,1.0
1652476839,E,MIC,3.0
1652476839,E,RSSI,68.0
1652476842,F,Temperature,23.565000534057614
1652476842,F,Humidity,37.54499816894531
1652476842,F,Pressure,101706.0
1652476842,F,Gas,3069.52099609375
1652476842,F,Accelerometer,0.0
1652476842,F,Light,0.0
1652476842,F,MIC,3.0
1652476842,F,RSSI,92.0
1652476844,C,Temperature,23.17499923706055
1652476844,C,Humidity,40.20199966430664
1652476844,C,Pressure,101685.0
1652476844,C,Gas,1187.47998046875
1652476844,C,Accelerometer,0.0
1652476844,C,Light,0.0
1652476844,C,MIC,3.0
1652476844,C,RSSI,75.0
1652476845,B,Temperature,23.44499969482422
1652476845,B,Humidity,40.58300018310547
1652476845,B,Pressure,101634.0
1652476845,B,Gas,4603.89599609375
1652476845,B,Accelerometer,0.0
1652476845,B,Light,0.0
1652476845,B,MIC,3.0
1652476845,B,RSSI,91.0
1652476846,A,Temperature,23.38500022888184
1652476846,A,Humidity,39.23099899291992
1652476846,A,Pressure,101665.0
1652476846,A,Gas,1277.5860595703125
1652476846,A,Accelerometer,0.0
1652476846,A,Light,0.0
1652476846,A,MIC,1.0
1652476846,A,RSSI,83.0
1652476846,H,Temperature,22.92499923706055
1652476846,H,Humidity,39.37699890136719
1652476846,H,Pressure,101689.0
1652476846,H,Gas,3991.074951171875
1652476846,H,Accelerometer,0.0
1652476846,H,Light,2.0
1652476846,H,MIC,3.0
1652476846,H,RSSI,81.0
1652476848,D,Temperature,23.2450008392334
1652476848,D,Humidity,38.73400115966797
1652476848,D,Pressure,101695.0
1652476848,D,Gas,3988.4189453125
1652476848,D,Accelerometer,0.0
1652476848,D,Light,1.0
1652476848,D,MIC,3.0
1652476848,D,RSSI,62.0
1652476849,E,Temperature,22.274999618530273
1652476849,E,Humidity,41.012001037597656
1652476849,E,Pressure,101673.0
1652476849,E,Gas,4271.541015625
1652476849,E,Accelerometer,0.0
1652476849,E,Light,1.0
1652476849,E,MIC,3.0
1652476849,E,RSSI,68.0
1652476852,F,Temperature,23.55500030517578
1652476852,F,Humidity,37.57400131225586
1652476852,F,Pressure,101706.0
1652476852,F,Gas,3059.280029296875
1652476852,F,Accelerometer,0.0
1652476852,F,Light,0.0
1652476852,F,MIC,3.0
1652476852,F,RSSI,92.0
1652476854,C,Temperature,23.184999465942386
1652476854,C,Humidity,40.18999862670898
1652476854,C,Pressure,101685.0
1652476854,C,Gas,1184.862060546875
1652476854,C,Accelerometer,0.0
1652476854,C,Light,0.0
1652476854,C,MIC,3.0
1652476854,C,RSSI,75.0
1652476855,B,Temperature,23.44499969482422
1652476855,B,Humidity,40.5880012512207
1652476855,B,Pressure,101632.0
1652476855,B,Gas,4611.4130859375
1652476855,B,Accelerometer,0.0
1652476855,B,Light,0.0
1652476855,B,MIC,3.0
1652476855,B,RSSI,91.0
1652476856,A,Temperature,23.38500022888184
1652476856,A,Humidity,39.20399856567383
1652476856,A,Pressure,101663.0
1652476856,A,Gas,1289.093994140625
1652476856,A,Accelerometer,0.0
1652476856,A,Light,0.0
1652476856,A,MIC,1.0
1652476856,A,RSSI,83.0
1652476856,H,Temperature,22.92499923706055
1652476856,H,Humidity,39.38000106811523
1652476856,H,Pressure,101687.0
1652476856,H,Gas,3968.7509765625
1652476856,H,Accelerometer,0.0
1652476856,H,Light,2.0
1652476856,H,MIC,3.0
1652476856,H,RSSI,81.0
1652476858,D,Temperature,23.23500061035156
1652476858,D,Humidity,38.72999954223633
1652476858,D,Pressure,101695.0
1652476858,D,Gas,3996.68896484375
1652476858,D,Accelerometer,0.0
1652476858,D,Light,1.0
1652476858,D,MIC,3.0
1652476858,D,RSSI,60.0
1652476860,E,Temperature,22.26499938964844
1652476860,E,Humidity,41.058998107910156
1652476860,E,Pressure,101669.0
1652476860,E,Gas,4267.33984375
1652476860,E,Accelerometer,0.0
1652476860,E,Light,1.0
1652476860,E,MIC,3.0
1652476860,E,RSSI,60.0
1652476862,F,Temperature,23.55500030517578
1652476862,F,Humidity,37.58599853515625
1652476862,F,Pressure,101708.0
1652476862,F,Gas,3058.926025390625
1652476862,F,Accelerometer,0.0
1652476862,F,Light,0.0
1652476862,F,MIC,3.0
1652476862,F,RSSI,92.0
1652476864,C,Temperature,23.184999465942386
1652476864,C,Humidity,40.18899917602539
1652476864,C,Pressure,101691.0
1652476864,C,Gas,1173.5860595703125
1652476864,C,Accelerometer,0.0
1652476864,C,Light,0.0
1652476864,C,MIC,3.0
1652476864,C,RSSI,75.0
1652476865,B,Temperature,23.44499969482422
1652476865,B,Humidity,40.5880012512207
1652476865,B,Pressure,101632.0
1652476865,B,Gas,4619.56591796875
1652476865,B,Accelerometer,0.0
1652476865,B,Light,0.0
1652476865,B,MIC,3.0
1652476865,B,RSSI,91.0
1652476866,A,Temperature,23.38500022888184
1652476866,A,Humidity,39.22200012207031
1652476866,A,Pressure,101665.0
1652476866,A,Gas,1280.9239501953125
1652476866,A,Accelerometer,0.0
1652476866,A,Light,0.0
1652476866,A,MIC,1.0
1652476866,A,RSSI,83.0
1652476866,H,Temperature,22.92499923706055
1652476866,H,Humidity,39.38100051879883
1652476866,H,Pressure,101689.0
1652476866,H,Gas,3961.904052734375
1652476866,H,Accelerometer,0.0
1652476866,H,Light,2.0
1652476866,H,MIC,3.0
1652476866,H,RSSI,81.0
1652476868,D,Temperature,23.2450008392334
1652476868,D,Humidity,38.72800064086914
1652476868,D,Pressure,101695.0
1652476868,D,Gas,3996.672119140625
1652476868,D,Accelerometer,0.0
1652476868,D,Light,1.0
1652476868,D,MIC,3.0
1652476868,D,RSSI,60.0
1652476869,E,Temperature,22.26499938964844
1652476869,E,Humidity,41.055999755859375
1652476869,E,Pressure,101673.0
1652476869,E,Gas,4263.0830078125
1652476869,E,Accelerometer,0.0
1652476869,E,Light,1.0
1652476869,E,MIC,3.0
1652476869,E,RSSI,60.0
1652476872,F,Temperature,23.55500030517578
1652476872,F,Humidity,37.58100128173828
1652476872,F,Pressure,101710.0
1652476872,F,Gas,3051.25390625
1652476872,F,Accelerometer,0.0
1652476872,F,Light,0.0
1652476872,F,MIC,3.0
1652476872,F,RSSI,92.0
1652476874,C,Temperature,23.165000915527344
1652476874,C,Humidity,40.22100067138672
1652476874,C,Pressure,101685.0
1652476874,C,Gas,1169.5999755859375
1652476874,C,Accelerometer,0.0
1652476874,C,Light,0.0
1652476874,C,MIC,3.0
1652476874,C,RSSI,83.0
1652476875,B,Temperature,23.45499992370605
1652476875,B,Humidity,40.5890007019043
1652476875,B,Pressure,101632.0
1652476875,B,Gas,4609.35302734375
1652476875,B,Accelerometer,0.0
1652476875,B,Light,0.0
1652476875,B,MIC,3.0
1652476875,B,RSSI,89.0
1652476876,A,Temperature,23.38500022888184
1652476876,A,Humidity,39.20899963378906
1652476876,A,Pressure,101667.0
1652476876,A,Gas,1283.8079833984375
1652476876,A,Accelerometer,0.0
1652476876,A,Light,0.0
1652476876,A,MIC,1.0
1652476876,A,RSSI,83.0
1652476876,H,Temperature,22.915000915527344
1652476876,H,Humidity,39.42300033569336
1652476876,H,Pressure,101687.0
1652476876,H,Gas,3945.202880859375
1652476876,H,Accelerometer,0.0
1652476876,H,Light,2.0
1652476876,H,MIC,3.0
1652476876,H,RSSI,81.0
1652476878,D,Temperature,23.23500061035156
1652476878,D,Humidity,38.72700119018555
1652476878,D,Pressure,101695.0
1652476878,D,Gas,4003.180908203125
1652476878,D,Accelerometer,0.0
1652476878,D,Light,0.0
1652476878,D,MIC,3.0
1652476878,D,RSSI,60.0
1652476880,E,Temperature,22.26499938964844
1652476880,E,Humidity,41.04299926757813
1652476880,E,Pressure,101671.0
1652476880,E,Gas,4259.18017578125
1652476880,E,Accelerometer,0.0
1652476880,E,Light,1.0
1652476880,E,MIC,3.0
1652476880,E,RSSI,60.0
1652476882,F,Temperature,23.55500030517578
1652476882,F,Humidity,37.59000015258789
1652476882,F,Pressure,101708.0
1652476882,F,Gas,3052.3330078125
1652476882,F,Accelerometer,0.0
1652476882,F,Light,0.0
1652476882,F,MIC,3.0
1652476882,F,RSSI,87.0
1652476884,C,Temperature,23.15500068664551
1652476884,C,Humidity,40.2130012512207
1652476884,C,Pressure,101687.0
1652476884,C,Gas,1186.7049560546875
1652476884,C,Accelerometer,0.0
1652476884,C,Light,0.0
1652476884,C,MIC,3.0
1652476884,C,RSSI,83.0
1652476885,B,Temperature,23.44499969482422
1652476885,B,Humidity,40.66299819946289
1652476885,B,Pressure,101630.0
1652476885,B,Gas,4601.3828125
1652476885,B,Accelerometer,0.0
1652476885,B,Light,0.0
1652476885,B,MIC,3.0
1652476885,B,RSSI,89.0
1652476886,A,Temperature,23.38500022888184
1652476886,A,Humidity,39.25699996948242
1652476886,A,Pressure,101665.0
1652476886,A,Gas,1265.9510498046875
1652476886,A,Accelerometer,0.0
1652476886,A,Light,0.0
1652476886,A,MIC,1.0
1652476886,A,RSSI,83.0
1652476886,H,Temperature,22.92499923706055
1652476886,H,Humidity,39.402000427246094
1652476886,H,Pressure,101689.0
1652476886,H,Gas,3942.5458984375
1652476886,H,Accelerometer,0.0
1652476886,H,Light,2.0
1652476886,H,MIC,3.0
1652476886,H,RSSI,87.0
1652476888,D,Temperature,23.23500061035156
1652476888,D,Humidity,38.76100158691406
1652476888,D,Pressure,101695.0
1652476888,D,Gas,4011.656005859375
1652476888,D,Accelerometer,0.0
1652476888,D,Light,0.0
1652476888,D,MIC,2.0
1652476888,D,RSSI,60.0
1652476890,E,Temperature,22.26499938964844
1652476890,E,Humidity,41.03499984741211
1652476890,E,Pressure,101671.0
1652476890,E,Gas,4252.64306640625
1652476890,E,Accelerometer,0.0
1652476890,E,Light,1.0
1652476890,E,MIC,3.0
1652476890,E,RSSI,60.0
1652476892,F,Temperature,23.55500030517578
1652476892,F,Humidity,37.555999755859375
1652476892,F,Pressure,101710.0
1652476892,F,Gas,3047.89892578125
1652476892,F,Accelerometer,0.0
1652476892,F,Light,0.0
1652476892,F,MIC,3.0
1652476892,F,RSSI,87.0
1652476894,C,Temperature,23.125
1652476894,C,Humidity,40.2869987487793
1652476894,C,Pressure,101687.0
1652476894,C,Gas,1182.1109619140625
1652476894,C,Accelerometer,0.0
1652476894,C,Light,0.0
1652476894,C,MIC,3.0
1652476894,C,RSSI,83.0
1652476895,B,Temperature,23.44499969482422
1652476895,B,Humidity,40.72800064086914
1652476895,B,Pressure,101634.0
1652476895,B,Gas,4595.64208984375
1652476895,B,Accelerometer,0.0
1652476895,B,Light,0.0
1652476895,B,MIC,3.0
1652476895,B,RSSI,89.0
1652476896,A,Temperature,23.375
1652476896,A,Humidity,39.262001037597656
1652476896,A,Pressure,101665.0
1652476896,A,Gas,1268.1319580078125
1652476896,A,Accelerometer,0.0
1652476896,A,Light,0.0
1652476896,A,MIC,1.0
1652476896,A,RSSI,75.0
1652476896,H,Temperature,22.915000915527344
1652476896,H,Humidity,39.42499923706055
1652476896,H,Pressure,101687.0
1652476896,H,Gas,3938.864990234375
1652476896,H,Accelerometer,0.0
1652476896,H,Light,2.0
1652476896,H,MIC,3.0
1652476896,H,RSSI,87.0
1652476898,D,Temperature,23.2450008392334
1652476898,D,Humidity,38.7130012512207
1652476898,D,Pressure,101697.0
1652476898,D,Gas,4017.2470703125
1652476898,D,Accelerometer,0.0
1652476898,D,Light,0.0
1652476898,D,MIC,2.0
1652476898,D,RSSI,60.0
1652476900,E,Temperature,22.26499938964844
1652476900,E,Humidity,41.05099868774414
1652476900,E,Pressure,101671.0
1652476900,E,Gas,4249.078125
1652476900,E,Accelerometer,0.0
1652476900,E,Light,1.0
1652476900,E,MIC,3.0
1652476900,E,RSSI,60.0
1652476902,F,Temperature,23.55500030517578
1652476902,F,Humidity,37.55400085449219
1652476902,F,Pressure,101708.0
1652476902,F,Gas,3045.452880859375
1652476902,F,Accelerometer,0.0
1652476902,F,Light,0.0
1652476902,F,MIC,3.0
1652476902,F,RSSI,87.0
1652476904,C,Temperature,23.125
1652476904,C,Humidity,40.29499816894531
1652476904,C,Pressure,101687.0
1652476904,C,Gas,1189.4449462890625
1652476904,C,Accelerometer,0.0
1652476904,C,Light,0.0
1652476904,C,MIC,3.0
1652476904,C,RSSI,83.0
1652476905,B,Temperature,23.44499969482422
1652476905,B,Humidity,40.709999084472656
1652476905,B,Pressure,101632.0
1652476905,B,Gas,4584.98095703125
1652476905,B,Accelerometer,0.0
1652476905,B,Light,0.0
1652476905,B,MIC,3.0
1652476905,B,RSSI,89.0
1652476906,A,Temperature,23.38500022888184
1652476906,A,Humidity,39.21900177001953
1652476906,A,Pressure,101665.0
1652476906,A,Gas,1269.051025390625
1652476906,A,Accelerometer,0.0
1652476906,A,Light,0.0
1652476906,A,MIC,1.0
1652476906,A,RSSI,75.0
1652476906,H,Temperature,22.915000915527344
1652476906,H,Humidity,39.4119987487793
1652476906,H,Pressure,101689.0
1652476906,H,Gas,3944.22900390625
1652476906,H,Accelerometer,0.0
1652476906,H,Light,2.0
1652476906,H,MIC,3.0
1652476906,H,RSSI,87.0
1652476908,D,Temperature,23.2549991607666
1652476908,D,Humidity,38.7130012512207
1652476908,D,Pressure,101695.0
1652476908,D,Gas,4023.70703125
1652476908,D,Accelerometer,0.0
1652476908,D,Light,0.0
1652476908,D,MIC,2.0
1652476908,D,RSSI,60.0
1652476910,E,Temperature,22.2549991607666
1652476910,E,Humidity,41.07099914550781
1652476910,E,Pressure,101673.0
1652476910,E,Gas,4248.52978515625
1652476910,E,Accelerometer,0.0
1652476910,E,Light,1.0
1652476910,E,MIC,3.0
1652476910,E,RSSI,70.0
1652476912,F,Temperature,23.545000076293945
1652476912,F,Humidity,37.59400177001953
1652476912,F,Pressure,101706.0
1652476912,F,Gas,3038.4169921875
1652476912,F,Accelerometer,0.0
1652476912,F,Light,0.0
1652476912,F,MIC,3.0
1652476912,F,RSSI,87.0
1652476914,C,Temperature,23.13500022888184
1652476914,C,Humidity,40.29999923706055
1652476914,C,Pressure,101689.0
1652476914,C,Gas,1191.448974609375
1652476914,C,Accelerometer,0.0
1652476914,C,Light,0.0
1652476914,C,MIC,3.0
1652476914,C,RSSI,83.0
1652476916,B,Temperature,23.434999465942386
1652476916,B,Humidity,40.64699935913086
1652476916,B,Pressure,101634.0
1652476916,B,Gas,4593.79296875
1652476916,B,Accelerometer,0.0
1652476916,B,Light,0.0
1652476916,B,MIC,3.0
1652476916,B,RSSI,89.0
1652476916,H,Temperature,22.915000915527344
1652476916,H,Humidity,39.40499877929688
1652476916,H,Pressure,101691.0
1652476916,H,Gas,3946.52099609375
1652476916,H,Accelerometer,0.0
1652476916,H,Light,2.0
1652476916,H,MIC,3.0
1652476916,H,RSSI,87.0
1652476916,A,Temperature,23.38500022888184
1652476916,A,Humidity,39.23500061035156
1652476916,A,Pressure,101665.0
1652476916,A,Gas,1262.6739501953125
1652476916,A,Accelerometer,0.0
1652476916,A,Light,0.0
1652476916,A,MIC,1.0
1652476916,A,RSSI,75.0
1652476918,D,Temperature,23.23500061035156
1652476918,D,Humidity,38.77000045776367
1652476918,D,Pressure,101693.0
1652476918,D,Gas,4022.837890625
1652476918,D,Accelerometer,0.0
1652476918,D,Light,0.0
1652476918,D,MIC,2.0
1652476918,D,RSSI,60.0
1652476920,E,Temperature,22.2549991607666
1652476920,E,Humidity,41.07099914550781
1652476920,E,Pressure,101675.0
1652476920,E,Gas,4241.97607421875
1652476920,E,Accelerometer,0.0
1652476920,E,Light,1.0
1652476920,E,MIC,3.0
1652476920,E,RSSI,70.0
1652476924,C,Temperature,23.114999771118164
1652476924,C,Humidity,40.31999969482422
1652476924,C,Pressure,101689.0
1652476924,C,Gas,1194.5870361328125
1652476924,C,Accelerometer,0.0
1652476924,C,Light,0.0
1652476924,C,MIC,3.0
1652476924,C,RSSI,83.0
1652476924,F,Temperature,23.545000076293945
1652476924,F,Humidity,37.59099960327149
1652476924,F,Pressure,101706.0
1652476924,F,Gas,3028.64697265625
1652476924,F,Accelerometer,0.0
1652476924,F,Light,0.0
1652476924,F,MIC,3.0
1652476924,F,RSSI,87.0
1652476925,B,Temperature,23.44499969482422
1652476925,B,Humidity,40.61000061035156
1652476925,B,Pressure,101636.0
1652476925,B,Gas,4605.578125
1652476925,B,Accelerometer,0.0
1652476925,B,Light,0.0
1652476925,B,MIC,3.0
1652476925,B,RSSI,91.0
1652476926,A,Temperature,23.38500022888184
1652476926,A,Humidity,39.20500183105469
1652476926,A,Pressure,101665.0
1652476926,A,Gas,1251.758056640625
1652476926,A,Accelerometer,0.0
1652476926,A,Light,0.0
1652476926,A,MIC,1.0
1652476926,A,RSSI,75.0
1652476926,H,Temperature,22.915000915527344
1652476926,H,Humidity,39.4010009765625
1652476926,H,Pressure,101691.0
1652476926,H,Gas,3962.280029296875
1652476926,H,Accelerometer,0.0
1652476926,H,Light,2.0
1652476926,H,MIC,3.0
1652476926,H,RSSI,87.0
1652476928,D,Temperature,23.2450008392334
1652476928,D,Humidity,38.74300003051758
1652476928,D,Pressure,101697.0
1652476928,D,Gas,4033.571044921875
1652476928,D,Accelerometer,0.0
1652476928,D,Light,0.0
1652476928,D,MIC,2.0
1652476928,D,RSSI,60.0
1652476930,E,Temperature,22.2450008392334
1652476930,E,Humidity,41.08399963378906
1652476930,E,Pressure,101669.0
1652476930,E,Gas,4238.44384765625
1652476930,E,Accelerometer,0.0
1652476930,E,Light,1.0
1652476930,E,MIC,3.0
1652476930,E,RSSI,70.0
1652476933,F,Temperature,23.545000076293945
1652476933,F,Humidity,37.57400131225586
1652476933,F,Pressure,101708.0
1652476933,F,Gas,3022.259033203125
1652476933,F,Accelerometer,0.0
1652476933,F,Light,0.0
1652476933,F,MIC,3.0
1652476933,F,RSSI,90.0
1652476935,C,Temperature,23.104999542236328
1652476935,C,Humidity,40.321998596191406
1652476935,C,Pressure,101691.0
1652476935,C,Gas,1193.1810302734375
1652476935,C,Accelerometer,0.0
1652476935,C,Light,0.0
1652476935,C,MIC,3.0
1652476935,C,RSSI,78.0
1652476935,B,Temperature,23.434999465942386
1652476935,B,Humidity,40.64599990844727
1652476935,B,Pressure,101634.0
1652476935,B,Gas,4614.794921875
1652476935,B,Accelerometer,0.0
1652476935,B,Light,0.0
1652476935,B,MIC,3.0
1652476935,B,RSSI,91.0
1652476936,A,Temperature,23.38500022888184
1652476936,A,Humidity,39.23199844360352
1652476936,A,Pressure,101667.0
1652476936,A,Gas,1270.1910400390625
1652476936,A,Accelerometer,0.0
1652476936,A,Light,0.0
1652476936,A,MIC,1.0
1652476936,A,RSSI,75.0
1652476936,H,Temperature,22.915000915527344
1652476936,H,Humidity,39.41699981689453
1652476936,H,Pressure,101689.0
1652476936,H,Gas,3952.39892578125
1652476936,H,Accelerometer,0.0
1652476936,H,Light,2.0
1652476936,H,MIC,3.0
1652476936,H,RSSI,81.0
1652476938,D,Temperature,23.2450008392334
1652476938,D,Humidity,38.74300003051758
1652476938,D,Pressure,101697.0
1652476938,D,Gas,4032.6689453125
1652476938,D,Accelerometer,0.0
1652476938,D,Light,0.0
1652476938,D,MIC,2.0
1652476938,D,RSSI,60.0
1652476940,E,Temperature,22.2549991607666
1652476940,E,Humidity,41.09400177001953
1652476940,E,Pressure,101675.0
1652476940,E,Gas,4243.3818359375
1652476940,E,Accelerometer,0.0
1652476940,E,Light,1.0
1652476940,E,MIC,3.0
1652476940,E,RSSI,70.0
1652476942,F,Temperature,23.545000076293945
1652476942,F,Humidity,37.61000061035156
1652476942,F,Pressure,101708.0
1652476942,F,Gas,3034.010986328125
1652476942,F,Accelerometer,0.0
1652476942,F,Light,0.0
1652476942,F,MIC,3.0
1652476942,F,RSSI,90.0
1652476944,C,Temperature,23.104999542236328
1652476944,C,Humidity,40.34199905395508
1652476944,C,Pressure,101689.0
1652476944,C,Gas,1189.5830078125
1652476944,C,Accelerometer,0.0
1652476944,C,Light,0.0
1652476944,C,MIC,3.0
1652476944,C,RSSI,78.0
1652476945,B,Temperature,23.434999465942386
1652476945,B,Humidity,40.62300109863281
1652476945,B,Pressure,101632.0
1652476945,B,Gas,4619.30615234375
1652476945,B,Accelerometer,0.0
1652476945,B,Light,0.0
1652476945,B,MIC,3.0
1652476945,B,RSSI,91.0
1652476946,A,Temperature,23.38500022888184
1652476946,A,Humidity,39.24599838256836
1652476946,A,Pressure,101665.0
1652476946,A,Gas,1268.1259765625
1652476946,A,Accelerometer,0.0
1652476946,A,Light,0.0
1652476946,A,MIC,1.0
1652476946,A,RSSI,85.0
1652476946,H,Temperature,22.915000915527344
1652476946,H,Humidity,39.44200134277344
1652476946,H,Pressure,101689.0
1652476946,H,Gas,3941.47802734375
1652476946,H,Accelerometer,0.0
1652476946,H,Light,2.0
1652476946,H,MIC,3.0
1652476946,H,RSSI,81.0
1652476948,D,Temperature,23.2450008392334
1652476948,D,Humidity,38.74599838256836
1652476948,D,Pressure,101695.0
1652476948,D,Gas,4027.9580078125
1652476948,D,Accelerometer,0.0
1652476948,D,Light,0.0
1652476948,D,MIC,2.0
1652476948,D,RSSI,60.0
1652476950,E,Temperature,22.2450008392334
1652476950,E,Humidity,41.10699844360352
1652476950,E,Pressure,101671.0
1652476950,E,Gas,4235.421875
1652476950,E,Accelerometer,0.0
1652476950,E,Light,1.0
1652476950,E,MIC,3.0
1652476950,E,RSSI,70.0
1652476953,F,Temperature,23.55500030517578
1652476953,F,Humidity,37.56499862670898
1652476953,F,Pressure,101708.0
1652476953,F,Gas,3047.43994140625
1652476953,F,Accelerometer,0.0
1652476953,F,Light,0.0
1652476953,F,MIC,3.0
1652476953,F,RSSI,90.0
1652476954,C,Temperature,23.114999771118164
1652476954,C,Humidity,40.30699920654297
1652476954,C,Pressure,101691.0
1652476954,C,Gas,1187.0980224609375
1652476954,C,Accelerometer,0.0
1652476954,C,Light,0.0
1652476954,C,MIC,3.0
1652476954,C,RSSI,78.0
1652476955,B,Temperature,23.434999465942386
1652476955,B,Humidity,40.637001037597656
1652476955,B,Pressure,101632.0
1652476955,B,Gas,4619.44482421875
1652476955,B,Accelerometer,0.0
1652476955,B,Light,0.0
1652476955,B,MIC,3.0
1652476955,B,RSSI,91.0
1652476956,A,Temperature,23.38500022888184
1652476956,A,Humidity,39.2400016784668
1652476956,A,Pressure,101665.0
1652476956,A,Gas,1276.43505859375
1652476956,A,Accelerometer,0.0
1652476956,A,Light,0.0
1652476956,A,MIC,1.0
1652476956,A,RSSI,85.0
1652476956,H,Temperature,22.90500068664551
1652476956,H,Humidity,39.46599960327149
1652476956,H,Pressure,101691.0
1652476956,H,Gas,3937.260009765625
1652476956,H,Accelerometer,0.0
1652476956,H,Light,2.0
1652476956,H,MIC,3.0
1652476956,H,RSSI,81.0
1652476958,D,Temperature,23.2450008392334
1652476958,D,Humidity,38.75699996948242
1652476958,D,Pressure,101695.0
1652476958,D,Gas,4031.85498046875
1652476958,D,Accelerometer,0.0
1652476958,D,Light,1.0
1652476958,D,MIC,2.0
1652476958,D,RSSI,59.0
1652476960,E,Temperature,22.23500061035156
1652476960,E,Humidity,41.14599990844727
1652476960,E,Pressure,101671.0
1652476960,E,Gas,4219.7841796875
1652476960,E,Accelerometer,0.0
1652476960,E,Light,1.0
1652476960,E,MIC,3.0
1652476960,E,RSSI,60.0
1652476962,F,Temperature,23.55500030517578
1652476962,F,Humidity,37.566001892089844
1652476962,F,Pressure,101708.0
1652476962,F,Gas,3054.032958984375
1652476962,F,Accelerometer,0.0
1652476962,F,Light,0.0
1652476962,F,MIC,3.0
1652476962,F,RSSI,90.0
1652476964,C,Temperature,23.07500076293945
1652476964,C,Humidity,40.43299865722656
1652476964,C,Pressure,101691.0
1652476964,C,Gas,1188.498046875
1652476964,C,Accelerometer,0.0
1652476964,C,Light,0.0
1652476964,C,MIC,3.0
1652476964,C,RSSI,78.0
1652476965,B,Temperature,23.434999465942386
1652476965,B,Humidity,40.63000106811523
1652476965,B,Pressure,101632.0
1652476965,B,Gas,4621.7421875
1652476965,B,Accelerometer,0.0
1652476965,B,Light,0.0
1652476965,B,MIC,3.0
1652476965,B,RSSI,91.0
1652476966,A,Temperature,23.38500022888184
1652476966,A,Humidity,39.22999954223633
1652476966,A,Pressure,101667.0
1652476966,A,Gas,1273.4129638671875
1652476966,A,Accelerometer,0.0
1652476966,A,Light,0.0
1652476966,A,MIC,1.0
1652476966,A,RSSI,85.0
1652476966,H,Temperature,22.90500068664551
1652476966,H,Humidity,39.46699905395508
1652476966,H,Pressure,101689.0
1652476966,H,Gas,3917.76904296875
1652476966,H,Accelerometer,0.0
1652476966,H,Light,2.0
1652476966,H,MIC,3.0
1652476966,H,RSSI,81.0
1652476968,D,Temperature,23.2450008392334
1652476968,D,Humidity,38.75899887084961
1652476968,D,Pressure,101695.0
1652476968,D,Gas,4022.799072265625
1652476968,D,Accelerometer,0.0
1652476968,D,Light,1.0
1652476968,D,MIC,2.0
1652476968,D,RSSI,59.0
1652476970,E,Temperature,22.2450008392334
1652476970,E,Humidity,41.13600158691406
1652476970,E,Pressure,101669.0
1652476970,E,Gas,4210.9609375
1652476970,E,Accelerometer,0.0
1652476970,E,Light,1.0
1652476970,E,MIC,3.0
1652476970,E,RSSI,60.0
1652476972,F,Temperature,23.55500030517578
1652476972,F,Humidity,37.58100128173828
1652476972,F,Pressure,101708.0
1652476972,F,Gas,3040.050048828125
1652476972,F,Accelerometer,0.0
1652476972,F,Light,0.0
1652476972,F,MIC,3.0
1652476972,F,RSSI,90.0
1652476974,C,Temperature,23.084999084472656
1652476974,C,Humidity,40.3759994506836
1652476974,C,Pressure,101689.0
1652476974,C,Gas,1189.9539794921875
1652476974,C,Accelerometer,0.0
1652476974,C,Light,0.0
1652476974,C,MIC,3.0
1652476974,C,RSSI,78.0
1652476975,B,Temperature,23.434999465942386
1652476975,B,Humidity,40.71500015258789
1652476975,B,Pressure,101634.0
1652476975,B,Gas,4614.8232421875
1652476975,B,Accelerometer,0.0
1652476975,B,Light,0.0
1652476975,B,MIC,3.0
1652476975,B,RSSI,91.0
1652476976,H,Temperature,22.915000915527344
1652476976,H,Humidity,39.44200134277344
1652476976,H,Pressure,101689.0
1652476976,H,Gas,3910.1630859375
1652476976,H,Accelerometer,0.0
1652476976,H,Light,2.0
1652476976,H,MIC,3.0
1652476976,H,RSSI,81.0
1652476976,A,Temperature,23.38500022888184
1652476976,A,Humidity,39.24399948120117
1652476976,A,Pressure,101667.0
1652476976,A,Gas,1248.81298828125
1652476976,A,Accelerometer,0.0
1652476976,A,Light,0.0
1652476976,A,MIC,1.0
1652476976,A,RSSI,85.0
1652476978,D,Temperature,23.23500061035156
1652476978,D,Humidity,38.77099990844727
1652476978,D,Pressure,101697.0
1652476978,D,Gas,4029.928955078125
1652476978,D,Accelerometer,0.0
1652476978,D,Light,0.0
1652476978,D,MIC,2.0
1652476978,D,RSSI,59.0
1652476980,E,Temperature,22.2450008392334
1652476980,E,Humidity,41.12300109863281
1652476980,E,Pressure,101671.0
1652476980,E,Gas,4216.47412109375
1652476980,E,Accelerometer,0.0
1652476980,E,Light,1.0
1652476980,E,MIC,3.0
1652476980,E,RSSI,60.0
1652476982,F,Temperature,23.55500030517578
1652476982,F,Humidity,37.56700134277344
1652476982,F,Pressure,101710.0
1652476982,F,Gas,3056.955078125
1652476982,F,Accelerometer,0.0
1652476982,F,Light,0.0
1652476982,F,MIC,3.0
1652476982,F,RSSI,86.0
1652476984,C,Temperature,23.104999542236328
1652476984,C,Humidity,40.34000015258789
1652476984,C,Pressure,101689.0
1652476984,C,Gas,1199.552978515625
1652476984,C,Accelerometer,0.0
1652476984,C,Light,0.0
1652476984,C,MIC,3.0
1652476984,C,RSSI,76.0
1652476985,B,Temperature,23.434999465942386
1652476985,B,Humidity,40.77299880981445
1652476985,B,Pressure,101632.0
1652476985,B,Gas,4602.55078125
1652476985,B,Accelerometer,0.0
1652476985,B,Light,0.0
1652476985,B,MIC,3.0
1652476985,B,RSSI,91.0
1652476986,A,Temperature,23.38500022888184
1652476986,A,Humidity,39.24300003051758
1652476986,A,Pressure,101667.0
1652476986,A,Gas,1259.97802734375
1652476986,A,Accelerometer,0.0
1652476986,A,Light,0.0
1652476986,A,MIC,1.0
1652476986,A,RSSI,85.0
1652476986,H,Temperature,22.895000457763672
1652476986,H,Humidity,39.48699951171875
1652476986,H,Pressure,101691.0
1652476986,H,Gas,3898.738037109375
1652476986,H,Accelerometer,0.0
1652476986,H,Light,2.0
1652476986,H,MIC,3.0
1652476986,H,RSSI,81.0
1652476988,D,Temperature,23.22500038146973
1652476988,D,Humidity,38.77199935913086
1652476988,D,Pressure,101697.0
1652476988,D,Gas,4023.66796875
1652476988,D,Accelerometer,0.0
1652476988,D,Light,1.0
1652476988,D,MIC,2.0
1652476988,D,RSSI,59.0
1652476990,E,Temperature,22.23500061035156
1652476990,E,Humidity,41.15499877929688
1652476990,E,Pressure,101671.0
1652476990,E,Gas,4207.119140625
1652476990,E,Accelerometer,0.0
1652476990,E,Light,1.0
1652476990,E,MIC,3.0
1652476990,E,RSSI,60.0
1652476992,F,Temperature,23.55500030517578
1652476992,F,Humidity,37.55799865722656
1652476992,F,Pressure,101710.0
1652476992,F,Gas,3049.80908203125
1652476992,F,Accelerometer,0.0
1652476992,F,Light,0.0
1652476992,F,MIC,3.0
1652476992,F,RSSI,86.0
1652476994,C,Temperature,23.114999771118164
1652476994,C,Humidity,40.3380012512207
1652476994,C,Pressure,101691.0
1652476994,C,Gas,1204.833984375
1652476994,C,Accelerometer,0.0
1652476994,C,Light,0.0
1652476994,C,MIC,3.0
1652476994,C,RSSI,76.0
1652476995,B,Temperature,23.42499923706055
1652476995,B,Humidity,40.82799911499024
1652476995,B,Pressure,101632.0
1652476995,B,Gas,4585.49609375
1652476995,B,Accelerometer,0.0
1652476995,B,Light,0.0
1652476995,B,MIC,3.0
1652476995,B,RSSI,91.0
1652476996,A,Temperature,23.38500022888184
1652476996,A,Humidity,39.27199935913086
1652476996,A,Pressure,101667.0
1652476996,A,Gas,1250.75
1652476996,A,Accelerometer,0.0
1652476996,A,Light,0.0
1652476996,A,MIC,1.0
1652476996,A,RSSI,86.0
1652476996,H,Temperature,22.90500068664551
1652476996,H,Humidity,39.479000091552734
1652476996,H,Pressure,101691.0
1652476996,H,Gas,3889.56591796875
1652476996,H,Accelerometer,0.0
1652476996,H,Light,2.0
1652476996,H,MIC,3.0
1652476996,H,RSSI,81.0
1652476998,D,Temperature,23.22500038146973
1652476998,D,Humidity,38.77000045776367
1652476998,D,Pressure,101699.0
1652476998,D,Gas,4027.919921875
1652476998,D,Accelerometer,0.0
1652476998,D,Light,1.0
1652476998,D,MIC,2.0
1652476998,D,RSSI,59.0
1652477000,E,Temperature,22.2450008392334
1652477000,E,Humidity,41.1259994506836
1652477000,E,Pressure,101671.0
1652477000,E,Gas,4206.52685546875
1652477000,E,Accelerometer,0.0
1652477000,E,Light,1.0
1652477000,E,MIC,3.0
1652477000,E,RSSI,60.0
1652477002,F,Temperature,23.55500030517578
1652477002,F,Humidity,37.558998107910156
1652477002,F,Pressure,101708.0
1652477002,F,Gas,3061.655029296875
1652477002,F,Accelerometer,0.0
1652477002,F,Light,0.0
1652477002,F,MIC,3.0
1652477002,F,RSSI,86.0
1652477004,C,Temperature,23.125
1652477004,C,Humidity,40.31800079345703
1652477004,C,Pressure,101689.0
1652477004,C,Gas,1203.2559814453125
1652477004,C,Accelerometer,0.0
1652477004,C,Light,0.0
1652477004,C,MIC,3.0
1652477004,C,RSSI,76.0
1652477005,B,Temperature,23.42499923706055
1652477005,B,Humidity,40.847999572753906
1652477005,B,Pressure,101632.0
1652477005,B,Gas,4570.91015625
1652477005,B,Accelerometer,0.0
1652477005,B,Light,0.0
1652477005,B,MIC,3.0
1652477005,B,RSSI,91.0
1652477006,A,Temperature,23.38500022888184
1652477006,A,Humidity,39.27799987792969
1652477006,A,Pressure,101667.0
1652477006,A,Gas,1244.0909423828125
1652477006,A,Accelerometer,0.0
1652477006,A,Light,0.0
1652477006,A,MIC,1.0
1652477006,A,RSSI,86.0
1652477006,H,Temperature,22.895000457763672
1652477006,H,Humidity,39.50699996948242
1652477006,H,Pressure,101689.0
1652477006,H,Gas,3890.8779296875
1652477006,H,Accelerometer,0.0
1652477006,H,Light,2.0
1652477006,H,MIC,3.0
1652477006,H,RSSI,81.0
1652477008,D,Temperature,23.22500038146973
1652477008,D,Humidity,38.790000915527344
1652477008,D,Pressure,101697.0
1652477008,D,Gas,4017.906005859375
1652477008,D,Accelerometer,0.0
1652477008,D,Light,0.0
1652477008,D,MIC,2.0
1652477008,D,RSSI,62.0
1652477010,E,Temperature,22.23500061035156
1652477010,E,Humidity,41.13800048828125
1652477010,E,Pressure,101671.0
1652477010,E,Gas,4213.0029296875
1652477010,E,Accelerometer,0.0
1652477010,E,Light,1.0
1652477010,E,MIC,3.0
1652477010,E,RSSI,60.0
1652477012,F,Temperature,23.55500030517578
1652477012,F,Humidity,37.57699966430664
1652477012,F,Pressure,101710.0
1652477012,F,Gas,3060.824951171875
1652477012,F,Accelerometer,0.0
1652477012,F,Light,0.0
1652477012,F,MIC,3.0
1652477012,F,RSSI,86.0
1652477015,C,Temperature,23.13500022888184
1652477015,C,Humidity,40.29600143432617
1652477015,C,Pressure,101691.0
1652477015,C,Gas,1214.1939697265625
1652477015,C,Accelerometer,0.0
1652477015,C,Light,0.0
1652477015,C,MIC,3.0
1652477015,C,RSSI,76.0
1652477015,B,Temperature,23.42499923706055
1652477015,B,Humidity,40.80099868774414
1652477015,B,Pressure,101636.0
1652477015,B,Gas,4545.05908203125
1652477015,B,Accelerometer,0.0
1652477015,B,Light,0.0
1652477015,B,MIC,3.0
1652477015,B,RSSI,91.0
1652477016,H,Temperature,22.88500022888184
1652477016,H,Humidity,39.52999877929688
1652477016,H,Pressure,101689.0
1652477016,H,Gas,3880.094970703125
1652477016,H,Accelerometer,0.0
1652477016,H,Light,2.0
1652477016,H,MIC,3.0
1652477016,H,RSSI,81.0
1652477016,A,Temperature,23.395000457763672
1652477016,A,Humidity,39.24800109863281
1652477016,A,Pressure,101667.0
1652477016,A,Gas,1243.9530029296875
1652477016,A,Accelerometer,0.0
1652477016,A,Light,0.0
1652477016,A,MIC,1.0
1652477016,A,RSSI,86.0
1652477018,D,Temperature,23.22500038146973
1652477018,D,Humidity,38.803001403808594
1652477018,D,Pressure,101695.0
1652477018,D,Gas,4022.7548828125
1652477018,D,Accelerometer,0.0
1652477018,D,Light,0.0
1652477018,D,MIC,3.0
1652477018,D,RSSI,62.0
1652477020,E,Temperature,22.23500061035156
1652477020,E,Humidity,41.15599822998047
1652477020,E,Pressure,101671.0
1652477020,E,Gas,4207.48486328125
1652477020,E,Accelerometer,0.0
1652477020,E,Light,1.0
1652477020,E,MIC,3.0
1652477020,E,RSSI,60.0
1652477022,F,Temperature,23.55500030517578
1652477022,F,Humidity,37.60699844360352
1652477022,F,Pressure,101708.0
1652477022,F,Gas,3064.610107421875
1652477022,F,Accelerometer,0.0
1652477022,F,Light,0.0
1652477022,F,MIC,3.0
1652477022,F,RSSI,86.0
1652477024,C,Temperature,23.145000457763672
1652477024,C,Humidity,40.27199935913086
1652477024,C,Pressure,101687.0
1652477024,C,Gas,1212.2679443359375
1652477024,C,Accelerometer,0.0
1652477024,C,Light,0.0
1652477024,C,MIC,3.0
1652477024,C,RSSI,74.0
1652477025,B,Temperature,23.42499923706055
1652477025,B,Humidity,40.76599884033203
1652477025,B,Pressure,101634.0
1652477025,B,Gas,4544.64404296875
1652477025,B,Accelerometer,0.0
1652477025,B,Light,0.0
1652477025,B,MIC,3.0
1652477025,B,RSSI,95.0
1652477026,A,Temperature,23.395000457763672
1652477026,A,Humidity,39.262001037597656
1652477026,A,Pressure,101669.0
1652477026,A,Gas,1222.552978515625
1652477026,A,Accelerometer,0.0
1652477026,A,Light,0.0
1652477026,A,MIC,1.0
1652477026,A,RSSI,86.0
1652477026,H,Temperature,22.88500022888184
1652477026,H,Humidity,39.512001037597656
1652477026,H,Pressure,101689.0
1652477026,H,Gas,3868.110107421875
1652477026,H,Accelerometer,0.0
1652477026,H,Light,2.0
1652477026,H,MIC,3.0
1652477026,H,RSSI,81.0
1652477028,D,Temperature,23.21500015258789
1652477028,D,Humidity,38.81900024414063
1652477028,D,Pressure,101699.0
1652477028,D,Gas,4025.047119140625
1652477028,D,Accelerometer,0.0
1652477028,D,Light,0.0
1652477028,D,MIC,3.0
1652477028,D,RSSI,62.0
1652477030,E,Temperature,22.2450008392334
1652477030,E,Humidity,41.13999938964844
1652477030,E,Pressure,101671.0
1652477030,E,Gas,4203.919921875
1652477030,E,Accelerometer,0.0
1652477030,E,Light,1.0
1652477030,E,MIC,3.0
1652477030,E,RSSI,60.0
1652477032,F,Temperature,23.55500030517578
1652477032,F,Humidity,37.57400131225586
1652477032,F,Pressure,101710.0
1652477032,F,Gas,3072.8310546875
1652477032,F,Accelerometer,0.0
1652477032,F,Light,0.0
1652477032,F,MIC,3.0
1652477032,F,RSSI,92.0
1652477035,C,Temperature,23.125
1652477035,C,Humidity,40.305999755859375
1652477035,C,Pressure,101689.0
1652477035,C,Gas,1220.748046875
1652477035,C,Accelerometer,0.0
1652477035,C,Light,0.0
1652477035,C,MIC,3.0
1652477035,C,RSSI,74.0
1652477035,B,Temperature,23.42499923706055
1652477035,B,Humidity,40.74499893188477
1652477035,B,Pressure,101632.0
1652477035,B,Gas,4543.02783203125
1652477035,B,Accelerometer,0.0
1652477035,B,Light,0.0
1652477035,B,MIC,3.0
1652477035,B,RSSI,95.0
1652477036,H,Temperature,22.895000457763672
1652477036,H,Humidity,39.47999954223633
1652477036,H,Pressure,101693.0
1652477036,H,Gas,3865.110107421875
1652477036,H,Accelerometer,0.0
1652477036,H,Light,2.0
1652477036,H,MIC,3.0
1652477036,H,RSSI,79.0
1652477037,A,Temperature,23.395000457763672
1652477037,A,Humidity,39.26800155639648
1652477037,A,Pressure,101669.0
1652477037,A,Gas,1243.3599853515625
1652477037,A,Accelerometer,0.0
1652477037,A,Light,0.0
1652477037,A,MIC,1.0
1652477037,A,RSSI,86.0
1652477038,D,Temperature,23.21500015258789
1652477038,D,Humidity,38.834999084472656
1652477038,D,Pressure,101697.0
1652477038,D,Gas,4016.626953125
1652477038,D,Accelerometer,0.0
1652477038,D,Light,1.0
1652477038,D,MIC,3.0
1652477038,D,RSSI,62.0
1652477040,E,Temperature,22.2450008392334
1652477040,E,Humidity,41.125
1652477040,E,Pressure,101671.0
1652477040,E,Gas,4213.623046875
1652477040,E,Accelerometer,0.0
1652477040,E,Light,1.0
1652477040,E,MIC,3.0
1652477040,E,RSSI,60.0
1652477042,F,Temperature,23.55500030517578
1652477042,F,Humidity,37.57899856567383
1652477042,F,Pressure,101710.0
1652477042,F,Gas,3061.998046875
1652477042,F,Accelerometer,0.0
1652477042,F,Light,0.0
1652477042,F,MIC,3.0
1652477042,F,RSSI,92.0
1652477044,C,Temperature,23.125
1652477044,C,Humidity,40.29199981689453
1652477044,C,Pressure,101689.0
1652477044,C,Gas,1226.0179443359375
1652477044,C,Accelerometer,0.0
1652477044,C,Light,0.0
1652477044,C,MIC,3.0
1652477044,C,RSSI,74.0
1652477045,B,Temperature,23.42499923706055
1652477045,B,Humidity,40.79999923706055
1652477045,B,Pressure,101636.0
1652477045,B,Gas,4542.0869140625
1652477045,B,Accelerometer,0.0
1652477045,B,Light,0.0
1652477045,B,MIC,3.0
1652477045,B,RSSI,95.0
1652477046,A,Temperature,23.395000457763672
1652477046,A,Humidity,39.257999420166016
1652477046,A,Pressure,101671.0
1652477046,A,Gas,1230.6839599609375
1652477046,A,Accelerometer,0.0
1652477046,A,Light,0.0
1652477046,A,MIC,1.0
1652477046,A,RSSI,84.0
1652477046,H,Temperature,22.895000457763672
1652477046,H,Humidity,39.472999572753906
1652477046,H,Pressure,101693.0
1652477046,H,Gas,3883.260986328125
1652477046,H,Accelerometer,0.0
1652477046,H,Light,2.0
1652477046,H,MIC,3.0
1652477046,H,RSSI,79.0
1652477048,D,Temperature,23.22500038146973
1652477048,D,Humidity,38.80099868774414
1652477048,D,Pressure,101697.0
1652477048,D,Gas,4019.22900390625
1652477048,D,Accelerometer,0.0
1652477048,D,Light,1.0
1652477048,D,MIC,3.0
1652477048,D,RSSI,62.0
1652477050,E,Temperature,22.2450008392334
1652477050,E,Humidity,41.08200073242188
1652477050,E,Pressure,101671.0
1652477050,E,Gas,4216.31884765625
1652477050,E,Accelerometer,0.0
1652477050,E,Light,1.0
1652477050,E,MIC,3.0
1652477050,E,RSSI,60.0
1652477053,F,Temperature,23.55500030517578
1652477053,F,Humidity,37.59000015258789
1652477053,F,Pressure,101710.0
1652477053,F,Gas,3070.743896484375
1652477053,F,Accelerometer,0.0
1652477053,F,Light,0.0
1652477053,F,MIC,3.0
1652477053,F,RSSI,92.0
1652477054,C,Temperature,23.125
1652477054,C,Humidity,40.30699920654297
1652477054,C,Pressure,101687.0
1652477054,C,Gas,1227.5460205078125
1652477054,C,Accelerometer,0.0
1652477054,C,Light,0.0
1652477054,C,MIC,3.0
1652477054,C,RSSI,74.0
1652477055,B,Temperature,23.42499923706055
1652477055,B,Humidity,40.80099868774414
1652477055,B,Pressure,101632.0
1652477055,B,Gas,4541.27294921875
1652477055,B,Accelerometer,0.0
1652477055,B,Light,0.0
1652477055,B,MIC,3.0
1652477055,B,RSSI,95.0
1652477056,A,Temperature,23.38500022888184
1652477056,A,Humidity,39.2760009765625
1652477056,A,Pressure,101669.0
1652477056,A,Gas,1226.6099853515625
1652477056,A,Accelerometer,0.0
1652477056,A,Light,0.0
1652477056,A,MIC,1.0
1652477056,A,RSSI,84.0
1652477056,H,Temperature,22.895000457763672
1652477056,H,Humidity,39.50400161743164
1652477056,H,Pressure,101693.0
1652477056,H,Gas,3897.033935546875
1652477056,H,Accelerometer,0.0
1652477056,H,Light,2.0
1652477056,H,MIC,3.0
1652477056,H,RSSI,79.0
1652477058,D,Temperature,23.21500015258789
1652477058,D,Humidity,38.85300064086914
1652477058,D,Pressure,101697.0
1652477058,D,Gas,4021.802978515625
1652477058,D,Accelerometer,0.0
1652477058,D,Light,1.0
1652477058,D,MIC,3.0
1652477058,D,RSSI,62.0
1652477060,E,Temperature,22.2450008392334
1652477060,E,Humidity,41.03400039672852
1652477060,E,Pressure,101671.0
1652477060,E,Gas,4230.7890625
1652477060,E,Accelerometer,0.0
1652477060,E,Light,1.0
1652477060,E,MIC,3.0
1652477060,E,RSSI,60.0
1652477062,F,Temperature,23.545000076293945
1652477062,F,Humidity,37.61899948120117
1652477062,F,Pressure,101708.0
1652477062,F,Gas,3055.676025390625
1652477062,F,Accelerometer,0.0
1652477062,F,Light,0.0
1652477062,F,MIC,3.0
1652477062,F,RSSI,92.0
1652477064,C,Temperature,23.125
1652477064,C,Humidity,40.30799865722656
1652477064,C,Pressure,101687.0
1652477064,C,Gas,1231.4429931640625
1652477064,C,Accelerometer,0.0
1652477064,C,Light,0.0
1652477064,C,MIC,3.0
1652477064,C,RSSI,74.0
1652477065,B,Temperature,23.42499923706055
1652477065,B,Humidity,40.81900024414063
1652477065,B,Pressure,101636.0
1652477065,B,Gas,4510.59521484375
1652477065,B,Accelerometer,0.0
1652477065,B,Light,0.0
1652477065,B,MIC,3.0
1652477065,B,RSSI,95.0
1652477066,A,Temperature,23.38500022888184
1652477066,A,Humidity,39.27799987792969
1652477066,A,Pressure,101667.0
1652477066,A,Gas,1224.623046875
1652477066,A,Accelerometer,0.0
1652477066,A,Light,0.0
1652477066,A,MIC,1.0
1652477066,A,RSSI,84.0
1652477067,H,Temperature,22.88500022888184
1652477067,H,Humidity,39.52999877929688
1652477067,H,Pressure,101691.0
1652477067,H,Gas,3873.462890625
1652477067,H,Accelerometer,0.0
1652477067,H,Light,2.0
1652477067,H,MIC,3.0
1652477067,H,RSSI,79.0
1652477068,D,Temperature,23.21500015258789
1652477068,D,Humidity,38.83700180053711
1652477068,D,Pressure,101697.0
1652477068,D,Gas,4019.510986328125
1652477068,D,Accelerometer,0.0
1652477068,D,Light,1.0
1652477068,D,MIC,3.0
1652477068,D,RSSI,62.0
1652477070,E,Temperature,22.23500061035156
1652477070,E,Humidity,41.02899932861328
1652477070,E,Pressure,101671.0
1652477070,E,Gas,4254.21484375
1652477070,E,Accelerometer,0.0
1652477070,E,Light,1.0
1652477070,E,MIC,3.0
1652477070,E,RSSI,60.0
1652477072,F,Temperature,23.545000076293945
1652477072,F,Humidity,37.61399841308594
1652477072,F,Pressure,101710.0
1652477072,F,Gas,3049.708984375
1652477072,F,Accelerometer,0.0
1652477072,F,Light,0.0
1652477072,F,MIC,3.0
1652477072,F,RSSI,92.0
1652477074,C,Temperature,23.13500022888184
1652477074,C,Humidity,40.30199813842773
1652477074,C,Pressure,101689.0
1652477074,C,Gas,1234.4210205078125
1652477074,C,Accelerometer,0.0
1652477074,C,Light,0.0
1652477074,C,MIC,3.0
1652477074,C,RSSI,74.0
1652477075,B,Temperature,23.434999465942386
1652477075,B,Humidity,40.78099822998047
1652477075,B,Pressure,101636.0
1652477075,B,Gas,4511.40380859375
1652477075,B,Accelerometer,0.0
1652477075,B,Light,0.0
1652477075,B,MIC,3.0
1652477075,B,RSSI,92.0
1652477076,A,Temperature,23.38500022888184
1652477076,A,Humidity,39.26599884033203
1652477076,A,Pressure,101667.0
1652477076,A,Gas,1233.8890380859375
1652477076,A,Accelerometer,0.0
1652477076,A,Light,0.0
1652477076,A,MIC,1.0
1652477076,A,RSSI,84.0
1652477076,H,Temperature,22.88500022888184
1652477076,H,Humidity,39.54399871826172
1652477076,H,Pressure,101691.0
1652477076,H,Gas,3879.989990234375
1652477076,H,Accelerometer,0.0
1652477076,H,Light,2.0
1652477076,H,MIC,3.0
1652477076,H,RSSI,79.0
1652477078,D,Temperature,23.22500038146973
1652477078,D,Humidity,38.84099960327149
1652477078,D,Pressure,101697.0
1652477078,D,Gas,4008.68408203125
1652477078,D,Accelerometer,0.0
1652477078,D,Light,0.0
1652477078,D,MIC,3.0
1652477078,D,RSSI,62.0
1652477080,E,Temperature,22.23500061035156
1652477080,E,Humidity,41.066001892089844
1652477080,E,Pressure,101673.0
1652477080,E,Gas,4272.85791015625
1652477080,E,Accelerometer,0.0
1652477080,E,Light,1.0
1652477080,E,MIC,3.0
1652477080,E,RSSI,60.0
1652477082,F,Temperature,23.545000076293945
1652477082,F,Humidity,37.60599899291992
1652477082,F,Pressure,101708.0
1652477082,F,Gas,3041.544921875
1652477082,F,Accelerometer,0.0
1652477082,F,Light,0.0
1652477082,F,MIC,3.0
1652477082,F,RSSI,91.0
1652477084,C,Temperature,23.13500022888184
1652477084,C,Humidity,40.30400085449219
1652477084,C,Pressure,101689.0
1652477084,C,Gas,1236.967041015625
1652477084,C,Accelerometer,0.0
1652477084,C,Light,0.0
1652477084,C,MIC,3.0
1652477084,C,RSSI,82.0
1652477085,B,Temperature,23.434999465942386
1652477085,B,Humidity,40.81100082397461
1652477085,B,Pressure,101634.0
1652477085,B,Gas,4505.26416015625
1652477085,B,Accelerometer,0.0
1652477085,B,Light,0.0
1652477085,B,MIC,3.0
1652477085,B,RSSI,92.0
1652477086,A,Temperature,23.38500022888184
1652477086,A,Humidity,39.25400161743164
1652477086,A,Pressure,101669.0
1652477086,A,Gas,1251.1429443359375
1652477086,A,Accelerometer,0.0
1652477086,A,Light,0.0
1652477086,A,MIC,1.0
1652477086,A,RSSI,84.0
1652477086,H,Temperature,22.88500022888184
1652477086,H,Humidity,39.54600143432617
1652477086,H,Pressure,101691.0
1652477086,H,Gas,3865.054931640625
1652477086,H,Accelerometer,0.0
1652477086,H,Light,2.0
1652477086,H,MIC,3.0
1652477086,H,RSSI,88.0
1652477088,D,Temperature,23.21500015258789
1652477088,D,Humidity,38.8650016784668
1652477088,D,Pressure,101697.0
1652477088,D,Gas,4022.672119140625
1652477088,D,Accelerometer,0.0
1652477088,D,Light,1.0
1652477088,D,MIC,3.0
1652477088,D,RSSI,62.0
1652477090,E,Temperature,22.23500061035156
1652477090,E,Humidity,41.11800003051758
1652477090,E,Pressure,101673.0
1652477090,E,Gas,4282.63916015625
1652477090,E,Accelerometer,0.0
1652477090,E,Light,1.0
1652477090,E,MIC,3.0
1652477090,E,RSSI,60.0
1652477092,F,Temperature,23.545000076293945
1652477092,F,Humidity,37.61000061035156
1652477092,F,Pressure,101708.0
1652477092,F,Gas,3053.37890625
1652477092,F,Accelerometer,0.0
1652477092,F,Light,0.0
1652477092,F,MIC,3.0
1652477092,F,RSSI,91.0
1652477094,C,Temperature,23.13500022888184
1652477094,C,Humidity,40.27999877929688
1652477094,C,Pressure,101689.0
1652477094,C,Gas,1232.112060546875
1652477094,C,Accelerometer,0.0
1652477094,C,Light,0.0
1652477094,C,MIC,3.0
1652477094,C,RSSI,82.0
1652477096,B,Temperature,23.42499923706055
1652477096,B,Humidity,40.823001861572266
1652477096,B,Pressure,101636.0
1652477096,B,Gas,4481.60107421875
1652477096,B,Accelerometer,0.0
1652477096,B,Light,0.0
1652477096,B,MIC,3.0
1652477096,B,RSSI,92.0
1652477096,A,Temperature,23.38500022888184
1652477096,A,Humidity,39.23400115966797
1652477096,A,Pressure,101669.0
1652477096,A,Gas,1252.81494140625
1652477096,A,Accelerometer,0.0
1652477096,A,Light,0.0
1652477096,A,MIC,1.0
1652477096,A,RSSI,75.0
1652477097,H,Temperature,22.875
1652477097,H,Humidity,39.55199813842773
1652477097,H,Pressure,101687.0
1652477097,H,Gas,3878.76611328125
1652477097,H,Accelerometer,0.0
1652477097,H,Light,2.0
1652477097,H,MIC,3.0
1652477097,H,RSSI,88.0
1652477098,D,Temperature,23.21500015258789
1652477098,D,Humidity,38.87300109863281
1652477098,D,Pressure,101697.0
1652477098,D,Gas,4013.283935546875
1652477098,D,Accelerometer,0.0
1652477098,D,Light,1.0
1652477098,D,MIC,3.0
1652477098,D,RSSI,62.0
1652477100,E,Temperature,22.225000381469727
1652477100,E,Humidity,41.18299865722656
1652477100,E,Pressure,101673.0
1652477100,E,Gas,4277.65185546875
1652477100,E,Accelerometer,0.0
1652477100,E,Light,1.0
1652477100,E,MIC,3.0
1652477100,E,RSSI,60.0
1652477104,C,Temperature,23.145000457763672
1652477104,C,Humidity,40.26599884033203
1652477104,C,Pressure,101687.0
1652477104,C,Gas,1229.79296875
1652477104,C,Accelerometer,0.0
1652477104,C,Light,0.0
1652477104,C,MIC,3.0
1652477104,C,RSSI,82.0
1652477106,B,Temperature,23.42499923706055
1652477106,B,Humidity,40.84500122070313
1652477106,B,Pressure,101634.0
1652477106,B,Gas,4484.423828125
1652477106,B,Accelerometer,0.0
1652477106,B,Light,0.0
1652477106,B,MIC,3.0
1652477106,B,RSSI,92.0
1652477106,A,Temperature,23.375
1652477106,A,Humidity,39.28099822998047
1652477106,A,Pressure,101667.0
1652477106,A,Gas,1246.260986328125
1652477106,A,Accelerometer,0.0
1652477106,A,Light,0.0
1652477106,A,MIC,1.0
1652477106,A,RSSI,75.0
1652477106,F,Temperature,23.55500030517578
1652477106,F,Humidity,37.59199905395508
1652477106,F,Pressure,101712.0
1652477106,F,Gas,3048.701904296875
1652477106,F,Accelerometer,0.0
1652477106,F,Light,0.0
1652477106,F,MIC,3.0
1652477106,F,RSSI,91.0
1652477107,H,Temperature,22.88500022888184
1652477107,H,Humidity,39.54399871826172
1652477107,H,Pressure,101691.0
1652477107,H,Gas,3876.00390625
1652477107,H,Accelerometer,0.0
1652477107,H,Light,2.0
1652477107,H,MIC,3.0
1652477107,H,RSSI,88.0
1652477108,D,Temperature,23.22500038146973
1652477108,D,Humidity,38.83100128173828
1652477108,D,Pressure,101699.0
1652477108,D,Gas,4031.0029296875
1652477108,D,Accelerometer,0.0
1652477108,D,Light,1.0
1652477108,D,MIC,2.0
1652477108,D,RSSI,53.0
1652477110,E,Temperature,22.23500061035156
1652477110,E,Humidity,41.14799880981445
1652477110,E,Pressure,101675.0
1652477110,E,Gas,4276.97705078125
1652477110,E,Accelerometer,0.0
1652477110,E,Light,1.0
1652477110,E,MIC,3.0
1652477110,E,RSSI,72.0
1652477114,F,Temperature,23.545000076293945
1652477114,F,Humidity,37.60300064086914
1652477114,F,Pressure,101708.0
1652477114,F,Gas,3073.60595703125
1652477114,F,Accelerometer,0.0
1652477114,F,Light,0.0
1652477114,F,MIC,3.0
1652477114,F,RSSI,91.0
1652477114,C,Temperature,23.145000457763672
1652477114,C,Humidity,40.22700119018555
1652477114,C,Pressure,101689.0
1652477114,C,Gas,1240.072021484375
1652477114,C,Accelerometer,0.0
1652477114,C,Light,0.0
1652477114,C,MIC,3.0
1652477114,C,RSSI,82.0
1652477116,B,Temperature,23.42499923706055
1652477116,B,Humidity,40.85100173950195
1652477116,B,Pressure,101632.0
1652477116,B,Gas,4461.451171875
1652477116,B,Accelerometer,0.0
1652477116,B,Light,0.0
1652477116,B,MIC,3.0
1652477116,B,RSSI,92.0
1652477116,A,Temperature,23.38500022888184
1652477116,A,Humidity,39.257999420166016
1652477116,A,Pressure,101669.0
1652477116,A,Gas,1250.2239990234375
1652477116,A,Accelerometer,0.0
1652477116,A,Light,0.0
1652477116,A,MIC,1.0
1652477116,A,RSSI,75.0
1652477116,H,Temperature,22.88500022888184
1652477116,H,Humidity,39.52399826049805
1652477116,H,Pressure,101693.0
1652477116,H,Gas,3880.304931640625
1652477116,H,Accelerometer,0.0
1652477116,H,Light,2.0
1652477116,H,MIC,3.0
1652477116,H,RSSI,88.0
1652477118,D,Temperature,23.22500038146973
1652477118,D,Humidity,38.81100082397461
1652477118,D,Pressure,101697.0
1652477118,D,Gas,4036.239013671875
1652477118,D,Accelerometer,0.0
1652477118,D,Light,1.0
1652477118,D,MIC,2.0
1652477118,D,RSSI,53.0
1652477120,E,Temperature,22.23500061035156
1652477120,E,Humidity,41.16899871826172
1652477120,E,Pressure,101673.0
1652477120,E,Gas,4265.8837890625
1652477120,E,Accelerometer,0.0
1652477120,E,Light,1.0
1652477120,E,MIC,3.0
1652477120,E,RSSI,72.0
1652477123,F,Temperature,23.545000076293945
1652477123,F,Humidity,37.60599899291992
1652477123,F,Pressure,101708.0
1652477123,F,Gas,3068.468994140625
1652477123,F,Accelerometer,0.0
1652477123,F,Light,0.0
1652477123,F,MIC,3.0
1652477123,F,RSSI,91.0
1652477124,C,Temperature,23.165000915527344
1652477124,C,Humidity,40.21200180053711
1652477124,C,Pressure,101689.0
1652477124,C,Gas,1239.4520263671875
1652477124,C,Accelerometer,0.0
1652477124,C,Light,0.0
1652477124,C,MIC,3.0
1652477124,C,RSSI,82.0
1652477126,B,Temperature,23.42499923706055
1652477126,B,Humidity,40.861000061035156
1652477126,B,Pressure,101634.0
1652477126,B,Gas,4449.173828125
1652477126,B,Accelerometer,0.0
1652477126,B,Light,0.0
1652477126,B,MIC,3.0
1652477126,B,RSSI,90.0
1652477126,A,Temperature,23.375
1652477126,A,Humidity,39.25199890136719
1652477126,A,Pressure,101669.0
1652477126,A,Gas,1263.0830078125
1652477126,A,Accelerometer,0.0
1652477126,A,Light,0.0
1652477126,A,MIC,1.0
1652477126,A,RSSI,75.0
1652477127,H,Temperature,22.88500022888184
1652477127,H,Humidity,39.5260009765625
1652477127,H,Pressure,101693.0
1652477127,H,Gas,3880.3720703125
1652477127,H,Accelerometer,0.0
1652477127,H,Light,2.0
1652477127,H,MIC,3.0
1652477127,H,RSSI,88.0
1652477128,D,Temperature,23.22500038146973
1652477128,D,Humidity,38.823001861572266
1652477128,D,Pressure,101697.0
1652477128,D,Gas,4033.4609375
1652477128,D,Accelerometer,0.0
1652477128,D,Light,1.0
1652477128,D,MIC,2.0
1652477128,D,RSSI,53.0
1652477130,E,Temperature,22.23500061035156
1652477130,E,Humidity,41.16999816894531
1652477130,E,Pressure,101673.0
1652477130,E,Gas,4270.9482421875
1652477130,E,Accelerometer,0.0
1652477130,E,Light,1.0
1652477130,E,MIC,3.0
1652477130,E,RSSI,72.0
1652477132,F,Temperature,23.545000076293945
1652477132,F,Humidity,37.61000061035156
1652477132,F,Pressure,101708.0
1652477132,F,Gas,3069.138916015625
1652477132,F,Accelerometer,0.0
1652477132,F,Light,0.0
1652477132,F,MIC,3.0
1652477132,F,RSSI,88.0
1652477135,C,Temperature,23.165000915527344
1652477135,C,Humidity,40.2140007019043
1652477135,C,Pressure,101687.0
1652477135,C,Gas,1247.1689453125
1652477135,C,Accelerometer,0.0
1652477135,C,Light,0.0
1652477135,C,MIC,3.0
1652477135,C,RSSI,74.0
1652477136,B,Temperature,23.42499923706055
1652477136,B,Humidity,40.86899948120117
1652477136,B,Pressure,101632.0
1652477136,B,Gas,4442.10009765625
1652477136,B,Accelerometer,0.0
1652477136,B,Light,0.0
1652477136,B,MIC,3.0
1652477136,B,RSSI,90.0
1652477137,A,Temperature,23.375
1652477137,A,Humidity,39.26399993896485
1652477137,A,Pressure,101667.0
1652477137,A,Gas,1265.3580322265625
1652477137,A,Accelerometer,0.0
1652477137,A,Light,0.0
1652477137,A,MIC,1.0
1652477137,A,RSSI,75.0
1652477138,H,Temperature,22.875
1652477138,H,Humidity,39.55099868774414
1652477138,H,Pressure,101691.0
1652477138,H,Gas,3886.572021484375
1652477138,H,Accelerometer,0.0
1652477138,H,Light,2.0
1652477138,H,MIC,3.0
1652477138,H,RSSI,82.0
1652477138,D,Temperature,23.21500015258789
1652477138,D,Humidity,38.861000061035156
1652477138,D,Pressure,101697.0
1652477138,D,Gas,4040.291015625
1652477138,D,Accelerometer,0.0
1652477138,D,Light,1.0
1652477138,D,MIC,2.0
1652477138,D,RSSI,53.0
1652477140,E,Temperature,22.23500061035156
1652477140,E,Humidity,41.15900039672852
1652477140,E,Pressure,101673.0
1652477140,E,Gas,4264.7822265625
1652477140,E,Accelerometer,0.0
1652477140,E,Light,1.0
1652477140,E,MIC,3.0
1652477140,E,RSSI,72.0
1652477142,F,Temperature,23.545000076293945
1652477142,F,Humidity,37.5989990234375
1652477142,F,Pressure,101710.0
1652477142,F,Gas,3071.47998046875
1652477142,F,Accelerometer,0.0
1652477142,F,Light,0.0
1652477142,F,MIC,3.0
1652477142,F,RSSI,88.0
1652477145,C,Temperature,23.17499923706055
1652477145,C,Humidity,40.21099853515625
1652477145,C,Pressure,101689.0
1652477145,C,Gas,1245.02099609375
1652477145,C,Accelerometer,0.0
1652477145,C,Light,0.0
1652477145,C,MIC,3.0
1652477145,C,RSSI,74.0
1652477146,B,Temperature,23.42499923706055
1652477146,B,Humidity,40.8650016784668
1652477146,B,Pressure,101636.0
1652477146,B,Gas,4435.13623046875
1652477146,B,Accelerometer,0.0
1652477146,B,Light,0.0
1652477146,B,MIC,3.0
1652477146,B,RSSI,90.0
1652477146,A,Temperature,23.375
1652477146,A,Humidity,39.28300094604492
1652477146,A,Pressure,101671.0
1652477146,A,Gas,1252.737060546875
1652477146,A,Accelerometer,0.0
1652477146,A,Light,0.0
1652477146,A,MIC,1.0
1652477146,A,RSSI,85.0
1652477147,H,Temperature,22.875
1652477147,H,Humidity,39.54499816894531
1652477147,H,Pressure,101691.0
1652477147,H,Gas,3892.052001953125
1652477147,H,Accelerometer,0.0
1652477147,H,Light,2.0
1652477147,H,MIC,3.0
1652477147,H,RSSI,82.0
1652477148,D,Temperature,23.21500015258789
1652477148,D,Humidity,38.88000106811523
1652477148,D,Pressure,101697.0
1652477148,D,Gas,4030.68701171875
1652477148,D,Accelerometer,0.0
1652477148,D,Light,1.0
1652477148,D,MIC,2.0
1652477148,D,RSSI,53.0
1652477150,E,Temperature,22.225000381469727
1652477150,E,Humidity,41.20299911499024
1652477150,E,Pressure,101671.0
1652477150,E,Gas,4262.8232421875
1652477150,E,Accelerometer,0.0
1652477150,E,Light,1.0
1652477150,E,MIC,3.0
1652477150,E,RSSI,72.0
1652477152,F,Temperature,23.545000076293945
1652477152,F,Humidity,37.60900115966797
1652477152,F,Pressure,101708.0
1652477152,F,Gas,3071.169921875
1652477152,F,Accelerometer,0.0
1652477152,F,Light,0.0
1652477152,F,MIC,3.0
1652477152,F,RSSI,88.0
1652477154,C,Temperature,23.15500068664551
1652477154,C,Humidity,40.30699920654297
1652477154,C,Pressure,101689.0
1652477154,C,Gas,1245.8680419921875
1652477154,C,Accelerometer,0.0
1652477154,C,Light,0.0
1652477154,C,MIC,3.0
1652477154,C,RSSI,74.0
1652477156,B,Temperature,23.434999465942386
1652477156,B,Humidity,40.84600067138672
1652477156,B,Pressure,101634.0
1652477156,B,Gas,4423.5888671875
1652477156,B,Accelerometer,0.0
1652477156,B,Light,0.0
1652477156,B,MIC,3.0
1652477156,B,RSSI,90.0
1652477157,H,Temperature,22.864999771118164
1652477157,H,Humidity,39.553001403808594
1652477157,H,Pressure,101687.0
1652477157,H,Gas,3902.9560546875
1652477157,H,Accelerometer,0.0
1652477157,H,Light,2.0
1652477157,H,MIC,3.0
1652477157,H,RSSI,82.0
1652477158,D,Temperature,23.21500015258789
1652477158,D,Humidity,38.87300109863281
1652477158,D,Pressure,101693.0
1652477158,D,Gas,4024.781005859375
1652477158,D,Accelerometer,0.0
1652477158,D,Light,0.0
1652477158,D,MIC,2.0
1652477158,D,RSSI,60.0
1652477159,A,Temperature,23.364999771118164
1652477159,A,Humidity,39.31800079345703
1652477159,A,Pressure,101667.0
1652477159,A,Gas,1245.4090576171875
1652477159,A,Accelerometer,0.0
1652477159,A,Light,0.0
1652477159,A,MIC,1.0
1652477159,A,RSSI,85.0
1652477160,E,Temperature,22.23500061035156
1652477160,E,Humidity,41.185001373291016
1652477160,E,Pressure,101673.0
1652477160,E,Gas,4251.712890625
1652477160,E,Accelerometer,0.0
1652477160,E,Light,1.0
1652477160,E,MIC,3.0
1652477160,E,RSSI,61.0
1652477163,F,Temperature,23.545000076293945
1652477163,F,Humidity,37.597999572753906
1652477163,F,Pressure,101706.0
1652477163,F,Gas,3067.2509765625
1652477163,F,Accelerometer,0.0
1652477163,F,Light,0.0
1652477163,F,MIC,3.0
1652477163,F,RSSI,88.0
1652477165,C,Temperature,23.15500068664551
1652477165,C,Humidity,40.266998291015625
1652477165,C,Pressure,101687.0
1652477165,C,Gas,1248.8349609375
1652477165,C,Accelerometer,0.0
1652477165,C,Light,0.0
1652477165,C,MIC,3.0
1652477165,C,RSSI,74.0
1652477166,B,Temperature,23.42499923706055
1652477166,B,Humidity,40.882999420166016
1652477166,B,Pressure,101632.0
1652477166,B,Gas,4407.3369140625
1652477166,B,Accelerometer,0.0
1652477166,B,Light,0.0
1652477166,B,MIC,3.0
1652477166,B,RSSI,90.0
1652477166,A,Temperature,23.375
1652477166,A,Humidity,39.28200149536133
1652477166,A,Pressure,101667.0
1652477166,A,Gas,1250.52294921875
1652477166,A,Accelerometer,0.0
1652477166,A,Light,0.0
1652477166,A,MIC,1.0
1652477166,A,RSSI,85.0
1652477167,H,Temperature,22.875
1652477167,H,Humidity,39.53400039672852
1652477167,H,Pressure,101689.0
1652477167,H,Gas,3910.843994140625
1652477167,H,Accelerometer,0.0
1652477167,H,Light,2.0
1652477167,H,MIC,3.0
1652477167,H,RSSI,82.0
1652477168,D,Temperature,23.21500015258789
1652477168,D,Humidity,38.8849983215332
1652477168,D,Pressure,101699.0
1652477168,D,Gas,4033.903076171875
1652477168,D,Accelerometer,0.0
1652477168,D,Light,1.0
1652477168,D,MIC,2.0
1652477168,D,RSSI,60.0
1652477170,E,Temperature,22.23500061035156
1652477170,E,Humidity,41.16299819946289
1652477170,E,Pressure,101671.0
1652477170,E,Gas,4257.619140625
1652477170,E,Accelerometer,0.0
1652477170,E,Light,1.0
1652477170,E,MIC,3.0
1652477170,E,RSSI,61.0
1652477172,F,Temperature,23.545000076293945
1652477172,F,Humidity,37.62099838256836
1652477172,F,Pressure,101710.0
1652477172,F,Gas,3068.512939453125
1652477172,F,Accelerometer,0.0
1652477172,F,Light,0.0
1652477172,F,MIC,3.0
1652477172,F,RSSI,88.0
1652477175,C,Temperature,23.145000457763672
1652477175,C,Humidity,40.26599884033203
1652477175,C,Pressure,101687.0
1652477175,C,Gas,1247.262939453125
1652477175,C,Accelerometer,0.0
1652477175,C,Light,0.0
1652477175,C,MIC,3.0
1652477175,C,RSSI,74.0
1652477175,B,Temperature,23.42499923706055
1652477175,B,Humidity,40.87900161743164
1652477175,B,Pressure,101632.0
1652477175,B,Gas,4383.65087890625
1652477175,B,Accelerometer,0.0
1652477175,B,Light,0.0
1652477175,B,MIC,3.0
1652477175,B,RSSI,93.0
1652477176,A,Temperature,23.364999771118164
1652477176,A,Humidity,39.275001525878906
1652477176,A,Pressure,101667.0
1652477176,A,Gas,1253.5179443359375
1652477176,A,Accelerometer,0.0
1652477176,A,Light,0.0
1652477176,A,MIC,1.0
1652477176,A,RSSI,85.0
1652477177,H,Temperature,22.864999771118164
1652477177,H,Humidity,39.58000183105469
1652477177,H,Pressure,101689.0
1652477177,H,Gas,3905.215087890625
1652477177,H,Accelerometer,0.0
1652477177,H,Light,2.0
1652477177,H,MIC,3.0
1652477177,H,RSSI,82.0
1652477178,D,Temperature,23.21500015258789
1652477178,D,Humidity,38.88999938964844
1652477178,D,Pressure,101697.0
1652477178,D,Gas,4025.743896484375
1652477178,D,Accelerometer,0.0
1652477178,D,Light,0.0
1652477178,D,MIC,2.0
1652477178,D,RSSI,60.0
1652477180,E,Temperature,22.23500061035156
1652477180,E,Humidity,41.18000030517578
1652477180,E,Pressure,101675.0
1652477180,E,Gas,4249.54296875
1652477180,E,Accelerometer,0.0
1652477180,E,Light,1.0
1652477180,E,MIC,3.0
1652477180,E,RSSI,61.0
1652477184,F,Temperature,23.545000076293945
1652477184,F,Humidity,37.62099838256836
1652477184,F,Pressure,101708.0
1652477184,F,Gas,3060.23193359375
1652477184,F,Accelerometer,0.0
1652477184,F,Light,0.0
1652477184,F,MIC,3.0
1652477184,F,RSSI,91.0
1652477184,C,Temperature,23.13500022888184
1652477184,C,Humidity,40.33399963378906
1652477184,C,Pressure,101689.0
1652477184,C,Gas,1244.865966796875
1652477184,C,Accelerometer,0.0
1652477184,C,Light,0.0
1652477184,C,MIC,3.0
1652477184,C,RSSI,74.0
1652477185,B,Temperature,23.42499923706055
1652477185,B,Humidity,40.86899948120117
1652477185,B,Pressure,101634.0
1652477185,B,Gas,4396.6201171875
1652477185,B,Accelerometer,0.0
1652477185,B,Light,0.0
1652477185,B,MIC,3.0
1652477185,B,RSSI,93.0
1652477186,A,Temperature,23.375
1652477186,A,Humidity,39.26300048828125
1652477186,A,Pressure,101669.0
1652477186,A,Gas,1255.8590087890625
1652477186,A,Accelerometer,0.0
1652477186,A,Light,0.0
1652477186,A,MIC,1.0
1652477186,A,RSSI,85.0
1652477187,H,Temperature,22.864999771118164
1652477187,H,Humidity,39.573001861572266
1652477187,H,Pressure,101691.0
1652477187,H,Gas,3922.68994140625
1652477187,H,Accelerometer,0.0
1652477187,H,Light,2.0
1652477187,H,MIC,3.0
1652477187,H,RSSI,79.0
1652477188,D,Temperature,23.22500038146973
1652477188,D,Humidity,38.88000106811523
1652477188,D,Pressure,101697.0
1652477188,D,Gas,4027.56494140625
1652477188,D,Accelerometer,0.0
1652477188,D,Light,0.0
1652477188,D,MIC,2.0
1652477188,D,RSSI,60.0
1652477190,E,Temperature,22.225000381469727
1652477190,E,Humidity,41.22600173950195
1652477190,E,Pressure,101671.0
1652477190,E,Gas,4246.44921875
1652477190,E,Accelerometer,0.0
1652477190,E,Light,1.0
1652477190,E,MIC,3.0
1652477190,E,RSSI,61.0
1652477193,F,Temperature,23.53499984741211
1652477193,F,Humidity,37.637001037597656
1652477193,F,Pressure,101710.0
1652477193,F,Gas,3060.631103515625
1652477193,F,Accelerometer,0.0
1652477193,F,Light,0.0
1652477193,F,MIC,3.0
1652477193,F,RSSI,91.0
1652477194,C,Temperature,23.09499931335449
1652477194,C,Humidity,40.42200088500977
1652477194,C,Pressure,101689.0
1652477194,C,Gas,1257.5980224609375
1652477194,C,Accelerometer,0.0
1652477194,C,Light,0.0
1652477194,C,MIC,3.0
1652477194,C,RSSI,74.0
1652477196,B,Temperature,23.42499923706055
1652477196,B,Humidity,40.86299896240234
1652477196,B,Pressure,101634.0
1652477196,B,Gas,4393.22705078125
1652477196,B,Accelerometer,0.0
1652477196,B,Light,0.0
1652477196,B,MIC,3.0
1652477196,B,RSSI,93.0
1652477196,A,Temperature,23.375
1652477196,A,Humidity,39.277000427246094
1652477196,A,Pressure,101667.0
1652477196,A,Gas,1245.31396484375
1652477196,A,Accelerometer,0.0
1652477196,A,Light,0.0
1652477196,A,MIC,1.0
1652477196,A,RSSI,83.0
1652477196,H,Temperature,22.864999771118164
1652477196,H,Humidity,39.57400131225586
1652477196,H,Pressure,101689.0
1652477196,H,Gas,3925.3310546875
1652477196,H,Accelerometer,0.0
1652477196,H,Light,2.0
1652477196,H,MIC,3.0
1652477196,H,RSSI,79.0
1652477199,D,Temperature,23.22500038146973
1652477199,D,Humidity,38.86800003051758
1652477199,D,Pressure,101695.0
1652477199,D,Gas,4032.264892578125
1652477199,D,Accelerometer,0.0
1652477199,D,Light,1.0
1652477199,D,MIC,2.0
1652477199,D,RSSI,60.0
1652477200,E,Temperature,22.23500061035156
1652477200,E,Humidity,41.20600128173828
1652477200,E,Pressure,101673.0
1652477200,E,Gas,4246.39892578125
1652477200,E,Accelerometer,0.0
1652477200,E,Light,1.0
1652477200,E,MIC,3.0
1652477200,E,RSSI,61.0
1652477203,F,Temperature,23.53499984741211
1652477203,F,Humidity,37.63399887084961
1652477203,F,Pressure,101708.0
1652477203,F,Gas,3062.23095703125
1652477203,F,Accelerometer,0.0
1652477203,F,Light,0.0
1652477203,F,MIC,3.0
1652477203,F,RSSI,91.0
1652477204,C,Temperature,23.084999084472656
1652477204,C,Humidity,40.45700073242188
1652477204,C,Pressure,101689.0
1652477204,C,Gas,1256.31298828125
1652477204,C,Accelerometer,0.0
1652477204,C,Light,0.0
1652477204,C,MIC,3.0
1652477204,C,RSSI,74.0
1652477206,B,Temperature,23.415000915527344
1652477206,B,Humidity,40.88899993896485
1652477206,B,Pressure,101632.0
1652477206,B,Gas,4375.04296875
1652477206,B,Accelerometer,0.0
1652477206,B,Light,0.0
1652477206,B,MIC,3.0
1652477206,B,RSSI,93.0
1652477206,A,Temperature,23.375
1652477206,A,Humidity,39.27899932861328
1652477206,A,Pressure,101667.0
1652477206,A,Gas,1255.803955078125
1652477206,A,Accelerometer,0.0
1652477206,A,Light,0.0
1652477206,A,MIC,1.0
1652477206,A,RSSI,83.0
1652477207,H,Temperature,22.864999771118164
1652477207,H,Humidity,39.56999969482422
1652477207,H,Pressure,101689.0
1652477207,H,Gas,3924.14599609375
1652477207,H,Accelerometer,0.0
1652477207,H,Light,2.0
1652477207,H,MIC,3.0
1652477207,H,RSSI,79.0
1652477208,D,Temperature,23.21500015258789
1652477208,D,Humidity,38.887001037597656
1652477208,D,Pressure,101697.0
1652477208,D,Gas,4019.970947265625
1652477208,D,Accelerometer,0.0
1652477208,D,Light,1.0
1652477208,D,MIC,2.0
1652477208,D,RSSI,52.0
1652477210,E,Temperature,22.225000381469727
1652477210,E,Humidity,41.233001708984375
1652477210,E,Pressure,101669.0
1652477210,E,Gas,4240.96923828125
1652477210,E,Accelerometer,0.0
1652477210,E,Light,1.0
1652477210,E,MIC,3.0
1652477210,E,RSSI,68.0
1652477212,F,Temperature,23.53499984741211
1652477212,F,Humidity,37.64699935913086
1652477212,F,Pressure,101706.0
1652477212,F,Gas,3068.949951171875
1652477212,F,Accelerometer,0.0
1652477212,F,Light,0.0
1652477212,F,MIC,3.0
1652477212,F,RSSI,91.0
1652477215,C,Temperature,23.084999084472656
1652477215,C,Humidity,40.42699813842773
1652477215,C,Pressure,101687.0
1652477215,C,Gas,1251.740966796875
1652477215,C,Accelerometer,0.0
1652477215,C,Light,0.0
1652477215,C,MIC,3.0
1652477215,C,RSSI,74.0
1652477216,B,Temperature,23.415000915527344
1652477216,B,Humidity,40.9010009765625
1652477216,B,Pressure,101632.0
1652477216,B,Gas,4364.7470703125
1652477216,B,Accelerometer,0.0
1652477216,B,Light,0.0
1652477216,B,MIC,3.0
1652477216,B,RSSI,93.0
1652477217,A,Temperature,23.38500022888184
1652477217,A,Humidity,39.277000427246094
1652477217,A,Pressure,101667.0
1652477217,A,Gas,1248.425048828125
1652477217,A,Accelerometer,0.0
1652477217,A,Light,0.0
1652477217,A,MIC,1.0
1652477217,A,RSSI,83.0
1652477218,H,Temperature,22.854999542236328
1652477218,H,Humidity,39.60599899291992
1652477218,H,Pressure,101689.0
1652477218,H,Gas,3941.615966796875
1652477218,H,Accelerometer,0.0
1652477218,H,Light,2.0
1652477218,H,MIC,3.0
1652477218,H,RSSI,79.0
1652477219,D,Temperature,23.22500038146973
1652477219,D,Humidity,38.85599899291992
1652477219,D,Pressure,101695.0
1652477219,D,Gas,4035.8349609375
1652477219,D,Accelerometer,0.0
1652477219,D,Light,1.0
1652477219,D,MIC,2.0
1652477219,D,RSSI,52.0
1652477220,E,Temperature,22.225000381469727
1652477220,E,Humidity,41.22600173950195
1652477220,E,Pressure,101669.0
1652477220,E,Gas,4235.15576171875
1652477220,E,Accelerometer,0.0
1652477220,E,Light,1.0
1652477220,E,MIC,3.0
1652477220,E,RSSI,68.0
1652477222,F,Temperature,23.53499984741211
1652477222,F,Humidity,37.624000549316406
1652477222,F,Pressure,101706.0
1652477222,F,Gas,3072.0
1652477222,F,Accelerometer,0.0
1652477222,F,Light,0.0
1652477222,F,MIC,3.0
1652477222,F,RSSI,91.0
1652477225,C,Temperature,23.084999084472656
1652477225,C,Humidity,40.40499877929688
1652477225,C,Pressure,101689.0
1652477225,C,Gas,1260.3929443359375
1652477225,C,Accelerometer,0.0
1652477225,C,Light,0.0
1652477225,C,MIC,3.0
1652477225,C,RSSI,74.0
1652477226,B,Temperature,23.415000915527344
1652477226,B,Humidity,40.9109992980957
1652477226,B,Pressure,101632.0
1652477226,B,Gas,4371.06884765625
1652477226,B,Accelerometer,0.0
1652477226,B,Light,0.0
1652477226,B,MIC,3.0
1652477226,B,RSSI,94.0
1652477227,A,Temperature,23.375
1652477227,A,Humidity,39.30099868774414
1652477227,A,Pressure,101665.0
1652477227,A,Gas,1244.39599609375
1652477227,A,Accelerometer,0.0
1652477227,A,Light,0.0
1652477227,A,MIC,1.0
1652477227,A,RSSI,83.0
1652477227,H,Temperature,22.854999542236328
1652477227,H,Humidity,39.57799911499024
1652477227,H,Pressure,101689.0
1652477227,H,Gas,3945.114013671875
1652477227,H,Accelerometer,0.0
1652477227,H,Light,2.0
1652477227,H,MIC,3.0
1652477227,H,RSSI,79.0
1652477229,D,Temperature,23.22500038146973
1652477229,D,Humidity,38.89799880981445
1652477229,D,Pressure,101693.0
1652477229,D,Gas,4032.912109375
1652477229,D,Accelerometer,0.0
1652477229,D,Light,0.0
1652477229,D,MIC,2.0
1652477229,D,RSSI,52.0
1652477230,E,Temperature,22.225000381469727
1652477230,E,Humidity,41.242000579833984
1652477230,E,Pressure,101671.0
1652477230,E,Gas,4238.31103515625
1652477230,E,Accelerometer,0.0
1652477230,E,Light,1.0
1652477230,E,MIC,3.0
1652477230,E,RSSI,68.0
1652477233,F,Temperature,23.545000076293945
1652477233,F,Humidity,37.59600067138672
1652477233,F,Pressure,101708.0
1652477233,F,Gas,3083.8798828125
1652477233,F,Accelerometer,0.0
1652477233,F,Light,0.0
1652477233,F,MIC,3.0
1652477233,F,RSSI,86.0
1652477235,C,Temperature,23.084999084472656
1652477235,C,Humidity,40.45399856567383
1652477235,C,Pressure,101685.0
1652477235,C,Gas,1263.842041015625
1652477235,C,Accelerometer,0.0
1652477235,C,Light,0.0
1652477235,C,MIC,3.0
1652477235,C,RSSI,75.0
1652477236,B,Temperature,23.415000915527344
1652477236,B,Humidity,40.93899917602539
1652477236,B,Pressure,101632.0
1652477236,B,Gas,4351.72802734375
1652477236,B,Accelerometer,0.0
1652477236,B,Light,0.0
1652477236,B,MIC,3.0
1652477236,B,RSSI,94.0
1652477236,A,Temperature,23.375
1652477236,A,Humidity,39.32699966430664
1652477236,A,Pressure,101665.0
1652477236,A,Gas,1243.553955078125
1652477236,A,Accelerometer,0.0
1652477236,A,Light,0.0
1652477236,A,MIC,1.0
1652477236,A,RSSI,83.0
1652477237,H,Temperature,22.854999542236328
1652477237,H,Humidity,39.608001708984375
1652477237,H,Pressure,101687.0
1652477237,H,Gas,3948.1259765625
1652477237,H,Accelerometer,0.0
1652477237,H,Light,2.0
1652477237,H,MIC,3.0
1652477237,H,RSSI,81.0
1652477238,D,Temperature,23.22500038146973
1652477238,D,Humidity,38.87200164794922
1652477238,D,Pressure,101695.0
1652477238,D,Gas,4043.1640625
1652477238,D,Accelerometer,0.0
1652477238,D,Light,1.0
1652477238,D,MIC,2.0
1652477238,D,RSSI,52.0
1652477240,E,Temperature,22.21500015258789
1652477240,E,Humidity,41.29499816894531
1652477240,E,Pressure,101671.0
1652477240,E,Gas,4231.22021484375
1652477240,E,Accelerometer,0.0
1652477240,E,Light,1.0
1652477240,E,MIC,3.0
1652477240,E,RSSI,68.0
1652477243,F,Temperature,23.545000076293945
1652477243,F,Humidity,37.62699890136719
1652477243,F,Pressure,101706.0
1652477243,F,Gas,3083.386962890625
1652477243,F,Accelerometer,0.0
1652477243,F,Light,0.0
1652477243,F,MIC,3.0
1652477243,F,RSSI,86.0
1652477245,C,Temperature,23.09499931335449
1652477245,C,Humidity,40.38899993896485
1652477245,C,Pressure,101687.0
1652477245,C,Gas,1259.26904296875
1652477245,C,Accelerometer,0.0
1652477245,C,Light,0.0
1652477245,C,MIC,3.0
1652477245,C,RSSI,75.0
1652477246,B,Temperature,23.415000915527344
1652477246,B,Humidity,40.935001373291016
1652477246,B,Pressure,101634.0
1652477246,B,Gas,4355.10400390625
1652477246,B,Accelerometer,0.0
1652477246,B,Light,0.0
1652477246,B,MIC,3.0
1652477246,B,RSSI,94.0
1652477247,A,Temperature,23.375
1652477247,A,Humidity,39.29100036621094
1652477247,A,Pressure,101665.0
1652477247,A,Gas,1235.864990234375
1652477247,A,Accelerometer,0.0
1652477247,A,Light,0.0
1652477247,A,MIC,1.0
1652477247,A,RSSI,83.0
1652477247,H,Temperature,22.864999771118164
1652477247,H,Humidity,39.54399871826172
1652477247,H,Pressure,101687.0
1652477247,H,Gas,3956.4619140625
1652477247,H,Accelerometer,0.0
1652477247,H,Light,2.0
1652477247,H,MIC,3.0
1652477247,H,RSSI,81.0
1652477249,D,Temperature,23.22500038146973
1652477249,D,Humidity,38.86899948120117
1652477249,D,Pressure,101695.0
1652477249,D,Gas,4038.0
1652477249,D,Accelerometer,0.0
1652477249,D,Light,0.0
1652477249,D,MIC,2.0
1652477249,D,RSSI,52.0
1652477250,E,Temperature,22.225000381469727
1652477250,E,Humidity,41.28799819946289
1652477250,E,Pressure,101671.0
1652477250,E,Gas,4226.1669921875
1652477250,E,Accelerometer,0.0
1652477250,E,Light,1.0
1652477250,E,MIC,3.0
1652477250,E,RSSI,68.0
1652477253,F,Temperature,23.53499984741211
1652477253,F,Humidity,37.624000549316406
1652477253,F,Pressure,101708.0
1652477253,F,Gas,3091.280029296875
1652477253,F,Accelerometer,0.0
1652477253,F,Light,0.0
1652477253,F,MIC,3.0
1652477253,F,RSSI,86.0
1652477255,C,Temperature,23.114999771118164
1652477255,C,Humidity,40.35100173950195
1652477255,C,Pressure,101687.0
1652477255,C,Gas,1264.0350341796875
1652477255,C,Accelerometer,0.0
1652477255,C,Light,0.0
1652477255,C,MIC,3.0
1652477255,C,RSSI,75.0
1652477256,B,Temperature,23.415000915527344
1652477256,B,Humidity,40.95299911499024
1652477256,B,Pressure,101632.0
1652477256,B,Gas,4339.98681640625
1652477256,B,Accelerometer,0.0
1652477256,B,Light,0.0
1652477256,B,MIC,3.0
1652477256,B,RSSI,94.0
1652477257,A,Temperature,23.375
1652477257,A,Humidity,39.323001861572266
1652477257,A,Pressure,101665.0
1652477257,A,Gas,1235.72705078125
1652477257,A,Accelerometer,0.0
1652477257,A,Light,0.0
1652477257,A,MIC,1.0
1652477257,A,RSSI,83.0
1652477257,H,Temperature,22.854999542236328
1652477257,H,Humidity,39.61399841308594
1652477257,H,Pressure,101689.0
1652477257,H,Gas,3952.6650390625
1652477257,H,Accelerometer,0.0
1652477257,H,Light,2.0
1652477257,H,MIC,3.0
1652477257,H,RSSI,81.0
1652477259,D,Temperature,23.22500038146973
1652477259,D,Humidity,38.87699890136719
1652477259,D,Pressure,101695.0
1652477259,D,Gas,4044.133056640625
1652477259,D,Accelerometer,0.0
1652477259,D,Light,1.0
1652477259,D,MIC,2.0
1652477259,D,RSSI,60.0
1652477260,E,Temperature,22.21500015258789
1652477260,E,Humidity,41.27299880981445
1652477260,E,Pressure,101669.0
1652477260,E,Gas,4231.7470703125
1652477260,E,Accelerometer,0.0
1652477260,E,Light,1.0
1652477260,E,MIC,3.0
1652477260,E,RSSI,60.0
1652477263,F,Temperature,23.53499984741211
1652477263,F,Humidity,37.641998291015625
1652477263,F,Pressure,101708.0
1652477263,F,Gas,3080.381103515625
1652477263,F,Accelerometer,0.0
1652477263,F,Light,0.0
1652477263,F,MIC,3.0
1652477263,F,RSSI,86.0
1652477265,C,Temperature,23.114999771118164
1652477265,C,Humidity,40.354000091552734
1652477265,C,Pressure,101689.0
1652477265,C,Gas,1270.0909423828125
1652477265,C,Accelerometer,0.0
1652477265,C,Light,0.0
1652477265,C,MIC,3.0
1652477265,C,RSSI,75.0
1652477266,B,Temperature,23.415000915527344
1652477266,B,Humidity,40.95299911499024
1652477266,B,Pressure,101632.0
1652477266,B,Gas,4323.375
1652477266,B,Accelerometer,0.0
1652477266,B,Light,0.0
1652477266,B,MIC,3.0
1652477266,B,RSSI,94.0
1652477266,A,Temperature,23.375
1652477266,A,Humidity,39.31800079345703
1652477266,A,Pressure,101665.0
1652477266,A,Gas,1243.0450439453125
1652477266,A,Accelerometer,0.0
1652477266,A,Light,0.0
1652477266,A,MIC,1.0
1652477266,A,RSSI,83.0
1652477267,H,Temperature,22.854999542236328
1652477267,H,Humidity,39.63100051879883
1652477267,H,Pressure,101691.0
1652477267,H,Gas,3947.81005859375
1652477267,H,Accelerometer,0.0
1652477267,H,Light,2.0
1652477267,H,MIC,3.0
1652477267,H,RSSI,81.0
1652477269,D,Temperature,23.22500038146973
1652477269,D,Humidity,38.882999420166016
1652477269,D,Pressure,101695.0
1652477269,D,Gas,4041.902099609375
1652477269,D,Accelerometer,0.0
1652477269,D,Light,1.0
1652477269,D,MIC,2.0
1652477269,D,RSSI,60.0
1652477270,E,Temperature,22.225000381469727
1652477270,E,Humidity,41.23500061035156
1652477270,E,Pressure,101671.0
1652477270,E,Gas,4235.17822265625
1652477270,E,Accelerometer,0.0
1652477270,E,Light,1.0
1652477270,E,MIC,3.0
1652477270,E,RSSI,60.0
1652477273,F,Temperature,23.53499984741211
1652477273,F,Humidity,37.665000915527344
1652477273,F,Pressure,101708.0
1652477273,F,Gas,3094.368896484375
1652477273,F,Accelerometer,0.0
1652477273,F,Light,0.0
1652477273,F,MIC,3.0
1652477273,F,RSSI,86.0
1652477275,C,Temperature,23.114999771118164
1652477275,C,Humidity,40.37099838256836
1652477275,C,Pressure,101689.0
1652477275,C,Gas,1266.10595703125
1652477275,C,Accelerometer,0.0
1652477275,C,Light,0.0
1652477275,C,MIC,3.0
1652477275,C,RSSI,75.0
1652477276,B,Temperature,23.415000915527344
1652477276,B,Humidity,40.935001373291016
1652477276,B,Pressure,101634.0
1652477276,B,Gas,4305.40087890625
1652477276,B,Accelerometer,0.0
1652477276,B,Light,0.0
1652477276,B,MIC,3.0
1652477276,B,RSSI,93.0
1652477277,A,Temperature,23.375
1652477277,A,Humidity,39.31999969482422
1652477277,A,Pressure,101665.0
1652477277,A,Gas,1227.2850341796875
1652477277,A,Accelerometer,0.0
1652477277,A,Light,0.0
1652477277,A,MIC,1.0
1652477277,A,RSSI,83.0
1652477277,H,Temperature,22.854999542236328
1652477277,H,Humidity,39.62799835205078
1652477277,H,Pressure,101689.0
1652477277,H,Gas,3922.85107421875
1652477277,H,Accelerometer,0.0
1652477277,H,Light,2.0
1652477277,H,MIC,3.0
1652477277,H,RSSI,81.0
1652477279,D,Temperature,23.22500038146973
1652477279,D,Humidity,38.88100051879883
1652477279,D,Pressure,101695.0
1652477279,D,Gas,4051.35693359375
1652477279,D,Accelerometer,0.0
1652477279,D,Light,0.0
1652477279,D,MIC,2.0
1652477279,D,RSSI,60.0
1652477280,E,Temperature,22.225000381469727
1652477280,E,Humidity,41.242000579833984
1652477280,E,Pressure,101671.0
1652477280,E,Gas,4225.951171875
1652477280,E,Accelerometer,0.0
1652477280,E,Light,1.0
1652477280,E,MIC,3.0
1652477280,E,RSSI,60.0
1652477283,F,Temperature,23.53499984741211
1652477283,F,Humidity,37.64599990844727
1652477283,F,Pressure,101710.0
1652477283,F,Gas,3087.9541015625
1652477283,F,Accelerometer,0.0
1652477283,F,Light,0.0
1652477283,F,MIC,3.0
1652477283,F,RSSI,86.0
1652477285,C,Temperature,23.104999542236328
1652477285,C,Humidity,40.40599822998047
1652477285,C,Pressure,101687.0
1652477285,C,Gas,1256.7559814453125
1652477285,C,Accelerometer,0.0
1652477285,C,Light,0.0
1652477285,C,MIC,3.0
1652477285,C,RSSI,82.0
1652477286,B,Temperature,23.415000915527344
1652477286,B,Humidity,40.92300033569336
1652477286,B,Pressure,101634.0
1652477286,B,Gas,4316.7490234375
1652477286,B,Accelerometer,0.0
1652477286,B,Light,0.0
1652477286,B,MIC,3.0
1652477286,B,RSSI,93.0
1652477287,A,Temperature,23.364999771118164
1652477287,A,Humidity,39.321998596191406
1652477287,A,Pressure,101667.0
1652477287,A,Gas,1223.3990478515625
1652477287,A,Accelerometer,0.0
1652477287,A,Light,0.0
1652477287,A,MIC,1.0
1652477287,A,RSSI,83.0
1652477287,H,Temperature,22.854999542236328
1652477287,H,Humidity,39.60300064086914
1652477287,H,Pressure,101691.0
1652477287,H,Gas,3938.4609375
1652477287,H,Accelerometer,0.0
1652477287,H,Light,2.0
1652477287,H,MIC,3.0
1652477287,H,RSSI,81.0
1652477289,D,Temperature,23.22500038146973
1652477289,D,Humidity,38.87200164794922
1652477289,D,Pressure,101695.0
1652477289,D,Gas,4060.341064453125
1652477289,D,Accelerometer,0.0
1652477289,D,Light,1.0
1652477289,D,MIC,2.0
1652477289,D,RSSI,60.0
1652477291,E,Temperature,22.21500015258789
1652477291,E,Humidity,41.2509994506836
1652477291,E,Pressure,101671.0
1652477291,E,Gas,4234.46484375
1652477291,E,Accelerometer,0.0
1652477291,E,Light,1.0
1652477291,E,MIC,3.0
1652477291,E,RSSI,60.0
1652477293,F,Temperature,23.53499984741211
1652477293,F,Humidity,37.6349983215332
1652477293,F,Pressure,101708.0
1652477293,F,Gas,3101.986083984375
1652477293,F,Accelerometer,0.0
1652477293,F,Light,0.0
1652477293,F,MIC,3.0
1652477293,F,RSSI,86.0
1652477295,C,Temperature,23.104999542236328
1652477295,C,Humidity,40.40700149536133
1652477295,C,Pressure,101689.0
1652477295,C,Gas,1267.988037109375
1652477295,C,Accelerometer,0.0
1652477295,C,Light,0.0
1652477295,C,MIC,3.0
1652477295,C,RSSI,82.0
1652477296,B,Temperature,23.415000915527344
1652477296,B,Humidity,40.84299850463867
1652477296,B,Pressure,101636.0
1652477296,B,Gas,4326.6298828125
1652477296,B,Accelerometer,0.0
1652477296,B,Light,0.0
1652477296,B,MIC,3.0
1652477296,B,RSSI,93.0
1652477297,A,Temperature,23.364999771118164
1652477297,A,Humidity,39.32899856567383
1652477297,A,Pressure,101665.0
1652477297,A,Gas,1227.135986328125
1652477297,A,Accelerometer,0.0
1652477297,A,Light,0.0
1652477297,A,MIC,1.0
1652477297,A,RSSI,83.0
1652477297,H,Temperature,22.864999771118164
1652477297,H,Humidity,39.59400177001953
1652477297,H,Pressure,101689.0
1652477297,H,Gas,3937.697021484375
1652477297,H,Accelerometer,0.0
1652477297,H,Light,2.0
1652477297,H,MIC,3.0
1652477297,H,RSSI,81.0
1652477299,D,Temperature,23.21500015258789
1652477299,D,Humidity,38.89799880981445
1652477299,D,Pressure,101697.0
1652477299,D,Gas,4060.14697265625
1652477299,D,Accelerometer,0.0
1652477299,D,Light,0.0
1652477299,D,MIC,2.0
1652477299,D,RSSI,60.0
1652477301,E,Temperature,22.21500015258789
1652477301,E,Humidity,41.183998107910156
1652477301,E,Pressure,101671.0
1652477301,E,Gas,4252.2548828125
1652477301,E,Accelerometer,0.0
1652477301,E,Light,1.0
1652477301,E,MIC,3.0
1652477301,E,RSSI,60.0
1652477303,F,Temperature,23.53499984741211
1652477303,F,Humidity,37.64400100708008
1652477303,F,Pressure,101710.0
1652477303,F,Gas,3104.25
1652477303,F,Accelerometer,0.0
1652477303,F,Light,0.0
1652477303,F,MIC,3.0
1652477303,F,RSSI,86.0
1652477305,C,Temperature,23.125
1652477305,C,Humidity,40.33200073242188
1652477305,C,Pressure,101687.0
1652477305,C,Gas,1269.6429443359375
1652477305,C,Accelerometer,0.0
1652477305,C,Light,0.0
1652477305,C,MIC,3.0
1652477305,C,RSSI,82.0
1652477306,B,Temperature,23.40500068664551
1652477306,B,Humidity,40.805999755859375
1652477306,B,Pressure,101634.0
1652477306,B,Gas,4338.9130859375
1652477306,B,Accelerometer,0.0
1652477306,B,Light,0.0
1652477306,B,MIC,3.0
1652477306,B,RSSI,93.0
1652477307,H,Temperature,22.854999542236328
1652477307,H,Humidity,39.62699890136719
1652477307,H,Pressure,101691.0
1652477307,H,Gas,3931.27587890625
1652477307,H,Accelerometer,0.0
1652477307,H,Light,2.0
1652477307,H,MIC,3.0
1652477307,H,RSSI,81.0
1652477307,A,Temperature,23.375
1652477307,A,Humidity,39.30400085449219
1652477307,A,Pressure,101669.0
1652477307,A,Gas,1227.22998046875
1652477307,A,Accelerometer,0.0
1652477307,A,Light,0.0
1652477307,A,MIC,1.0
1652477307,A,RSSI,83.0
1652477309,D,Temperature,23.22500038146973
1652477309,D,Humidity,38.87699890136719
1652477309,D,Pressure,101697.0
1652477309,D,Gas,4063.4130859375
1652477309,D,Accelerometer,0.0
1652477309,D,Light,1.0
1652477309,D,MIC,2.0
1652477309,D,RSSI,60.0
1652477311,E,Temperature,22.225000381469727
1652477311,E,Humidity,41.16400146484375
1652477311,E,Pressure,101673.0
1652477311,E,Gas,4270.40576171875
1652477311,E,Accelerometer,0.0
1652477311,E,Light,1.0
1652477311,E,MIC,3.0
1652477311,E,RSSI,70.0
1652477313,F,Temperature,23.53499984741211
1652477313,F,Humidity,37.64400100708008
1652477313,F,Pressure,101708.0
1652477313,F,Gas,3111.330078125
1652477313,F,Accelerometer,0.0
1652477313,F,Light,0.0
1652477313,F,MIC,3.0
1652477313,F,RSSI,86.0
1652477315,C,Temperature,23.13500022888184
1652477315,C,Humidity,40.30199813842773
1652477315,C,Pressure,101689.0
1652477315,C,Gas,1273.7110595703125
1652477315,C,Accelerometer,0.0
1652477315,C,Light,0.0
1652477315,C,MIC,3.0
1652477315,C,RSSI,82.0
1652477316,B,Temperature,23.40500068664551
1652477316,B,Humidity,40.80699920654297
1652477316,B,Pressure,101634.0
1652477316,B,Gas,4358.02685546875
1652477316,B,Accelerometer,0.0
1652477316,B,Light,0.0
1652477316,B,MIC,3.0
1652477316,B,RSSI,93.0
1652477317,A,Temperature,23.375
1652477317,A,Humidity,39.34099960327149
1652477317,A,Pressure,101671.0
1652477317,A,Gas,1210.8289794921875
1652477317,A,Accelerometer,0.0
1652477317,A,Light,0.0
1652477317,A,MIC,1.0
1652477317,A,RSSI,83.0
1652477317,H,Temperature,22.854999542236328
1652477317,H,Humidity,39.632999420166016
1652477317,H,Pressure,101689.0
1652477317,H,Gas,3939.927978515625
1652477317,H,Accelerometer,0.0
1652477317,H,Light,2.0
1652477317,H,MIC,3.0
1652477317,H,RSSI,81.0
1652477319,D,Temperature,23.21500015258789
1652477319,D,Humidity,38.9109992980957
1652477319,D,Pressure,101697.0
1652477319,D,Gas,4063.052978515625
1652477319,D,Accelerometer,0.0
1652477319,D,Light,1.0
1652477319,D,MIC,2.0
1652477319,D,RSSI,60.0
1652477321,E,Temperature,22.225000381469727
1652477321,E,Humidity,41.1870002746582
1652477321,E,Pressure,101671.0
1652477321,E,Gas,4293.8427734375
1652477321,E,Accelerometer,0.0
1652477321,E,Light,1.0
1652477321,E,MIC,3.0
1652477321,E,RSSI,70.0
1652477323,F,Temperature,23.53499984741211
1652477323,F,Humidity,37.64099884033203
1652477323,F,Pressure,101708.0
1652477323,F,Gas,3094.56298828125
1652477323,F,Accelerometer,0.0
1652477323,F,Light,0.0
1652477323,F,MIC,3.0
1652477323,F,RSSI,86.0
1652477326,C,Temperature,23.145000457763672
1652477326,C,Humidity,40.29800033569336
1652477326,C,Pressure,101689.0
1652477326,C,Gas,1268.740966796875
1652477326,C,Accelerometer,0.0
1652477326,C,Light,0.0
1652477326,C,MIC,3.0
1652477326,C,RSSI,78.0
1652477326,B,Temperature,23.40500068664551
1652477326,B,Humidity,40.81499862670898
1652477326,B,Pressure,101632.0
1652477326,B,Gas,4383.06396484375
1652477326,B,Accelerometer,0.0
1652477326,B,Light,0.0
1652477326,B,MIC,3.0
1652477326,B,RSSI,89.0
1652477327,A,Temperature,23.375
1652477327,A,Humidity,39.3390007019043
1652477327,A,Pressure,101663.0
1652477327,A,Gas,1214.5150146484375
1652477327,A,Accelerometer,0.0
1652477327,A,Light,0.0
1652477327,A,MIC,1.0
1652477327,A,RSSI,83.0
1652477327,H,Temperature,22.84499931335449
1652477327,H,Humidity,39.62699890136719
1652477327,H,Pressure,101687.0
1652477327,H,Gas,3942.26904296875
1652477327,H,Accelerometer,0.0
1652477327,H,Light,2.0
1652477327,H,MIC,3.0
1652477327,H,RSSI,81.0
1652477329,D,Temperature,23.21500015258789
1652477329,D,Humidity,38.91699981689453
1652477329,D,Pressure,101695.0
1652477329,D,Gas,4065.97607421875
1652477329,D,Accelerometer,0.0
1652477329,D,Light,1.0
1652477329,D,MIC,2.0
1652477329,D,RSSI,60.0
1652477331,E,Temperature,22.225000381469727
1652477331,E,Humidity,41.19300079345703
1652477331,E,Pressure,101671.0
1652477331,E,Gas,4295.73681640625
1652477331,E,Accelerometer,0.0
1652477331,E,Light,1.0
1652477331,E,MIC,3.0
1652477331,E,RSSI,70.0
1652477335,F,Temperature,23.53499984741211
1652477335,F,Humidity,37.64899826049805
1652477335,F,Pressure,101708.0
1652477335,F,Gas,3100.181884765625
1652477335,F,Accelerometer,0.0
1652477335,F,Light,0.0
1652477335,F,MIC,3.0
1652477335,F,RSSI,91.0
1652477335,C,Temperature,23.145000457763672
1652477335,C,Humidity,40.29600143432617
1652477335,C,Pressure,101687.0
1652477335,C,Gas,1271.3590087890625
1652477335,C,Accelerometer,0.0
1652477335,C,Light,0.0
1652477335,C,MIC,3.0
1652477335,C,RSSI,78.0
1652477336,B,Temperature,23.40500068664551
1652477336,B,Humidity,40.8650016784668
1652477336,B,Pressure,101634.0
1652477336,B,Gas,4368.81591796875
1652477336,B,Accelerometer,0.0
1652477336,B,Light,0.0
1652477336,B,MIC,3.0
1652477336,B,RSSI,89.0
1652477337,A,Temperature,23.375
1652477337,A,Humidity,39.33399963378906
1652477337,A,Pressure,101667.0
1652477337,A,Gas,1211.010986328125
1652477337,A,Accelerometer,0.0
1652477337,A,Light,0.0
1652477337,A,MIC,1.0
1652477337,A,RSSI,83.0
1652477337,H,Temperature,22.84499931335449
1652477337,H,Humidity,39.65700149536133
1652477337,H,Pressure,101689.0
1652477337,H,Gas,3958.343994140625
1652477337,H,Accelerometer,0.0
1652477337,H,Light,2.0
1652477337,H,MIC,3.0
1652477337,H,RSSI,81.0
1652477339,D,Temperature,23.22500038146973
1652477339,D,Humidity,38.89699935913086
1652477339,D,Pressure,101695.0
1652477339,D,Gas,4057.43994140625
1652477339,D,Accelerometer,0.0
1652477339,D,Light,1.0
1652477339,D,MIC,2.0
1652477339,D,RSSI,60.0
1652477341,E,Temperature,22.225000381469727
1652477341,E,Humidity,41.22800064086914
1652477341,E,Pressure,101671.0
1652477341,E,Gas,4298.35498046875
1652477341,E,Accelerometer,0.0
1652477341,E,Light,1.0
1652477341,E,MIC,3.0
1652477341,E,RSSI,70.0
1652477343,F,Temperature,23.53499984741211
1652477343,F,Humidity,37.65299987792969
1652477343,F,Pressure,101706.0
1652477343,F,Gas,3085.595947265625
1652477343,F,Accelerometer,0.0
1652477343,F,Light,0.0
1652477343,F,MIC,3.0
1652477343,F,RSSI,91.0
1652477345,C,Temperature,23.13500022888184
1652477345,C,Humidity,40.32899856567383
1652477345,C,Pressure,101689.0
1652477345,C,Gas,1257.9849853515625
1652477345,C,Accelerometer,0.0
1652477345,C,Light,0.0
1652477345,C,MIC,3.0
1652477345,C,RSSI,78.0
1652477346,B,Temperature,23.40500068664551
1652477346,B,Humidity,40.89599990844727
1652477346,B,Pressure,101632.0
1652477346,B,Gas,4374.26806640625
1652477346,B,Accelerometer,0.0
1652477346,B,Light,0.0
1652477346,B,MIC,3.0
1652477346,B,RSSI,89.0
1652477347,A,Temperature,23.375
1652477347,A,Humidity,39.32500076293945
1652477347,A,Pressure,101667.0
1652477347,A,Gas,1210.208984375
1652477347,A,Accelerometer,0.0
1652477347,A,Light,0.0
1652477347,A,MIC,1.0
1652477347,A,RSSI,85.0
1652477347,H,Temperature,22.854999542236328
1652477347,H,Humidity,39.625
1652477347,H,Pressure,101687.0
1652477347,H,Gas,3964.881103515625
1652477347,H,Accelerometer,0.0
1652477347,H,Light,2.0
1652477347,H,MIC,3.0
1652477347,H,RSSI,81.0
1652477349,D,Temperature,23.20499992370605
1652477349,D,Humidity,38.9640007019043
1652477349,D,Pressure,101695.0
1652477349,D,Gas,4060.10791015625
1652477349,D,Accelerometer,0.0
1652477349,D,Light,1.0
1652477349,D,MIC,2.0
1652477349,D,RSSI,60.0
1652477351,E,Temperature,22.21500015258789
1652477351,E,Humidity,41.25600051879883
1652477351,E,Pressure,101671.0
1652477351,E,Gas,4286.990234375
1652477351,E,Accelerometer,0.0
1652477351,E,Light,1.0
1652477351,E,MIC,3.0
1652477351,E,RSSI,70.0
1652477353,F,Temperature,23.53499984741211
1652477353,F,Humidity,37.66299819946289
1652477353,F,Pressure,101708.0
1652477353,F,Gas,3100.840087890625
1652477353,F,Accelerometer,0.0
1652477353,F,Light,0.0
1652477353,F,MIC,3.0
1652477353,F,RSSI,91.0
1652477355,C,Temperature,23.125
1652477355,C,Humidity,40.361000061035156
1652477355,C,Pressure,101687.0
1652477355,C,Gas,1272.3990478515625
1652477355,C,Accelerometer,0.0
1652477355,C,Light,0.0
1652477355,C,MIC,3.0
1652477355,C,RSSI,78.0
1652477356,B,Temperature,23.395000457763672
1652477356,B,Humidity,40.933998107910156
1652477356,B,Pressure,101634.0
1652477356,B,Gas,4371.6220703125
1652477356,B,Accelerometer,0.0
1652477356,B,Light,0.0
1652477356,B,MIC,3.0
1652477356,B,RSSI,89.0
1652477357,A,Temperature,23.364999771118164
1652477357,A,Humidity,39.32500076293945
1652477357,A,Pressure,101665.0
1652477357,A,Gas,1216.762939453125
1652477357,A,Accelerometer,0.0
1652477357,A,Light,0.0
1652477357,A,MIC,1.0
1652477357,A,RSSI,85.0
1652477357,H,Temperature,22.854999542236328
1652477357,H,Humidity,39.60699844360352
1652477357,H,Pressure,101691.0
1652477357,H,Gas,3969.985107421875
1652477357,H,Accelerometer,0.0
1652477357,H,Light,2.0
1652477357,H,MIC,3.0
1652477357,H,RSSI,81.0
1652477359,D,Temperature,23.20499992370605
1652477359,D,Humidity,38.93600082397461
1652477359,D,Pressure,101695.0
1652477359,D,Gas,4065.466064453125
1652477359,D,Accelerometer,0.0
1652477359,D,Light,1.0
1652477359,D,MIC,2.0
1652477359,D,RSSI,60.0
1652477361,E,Temperature,22.21500015258789
1652477361,E,Humidity,41.29199981689453
1652477361,E,Pressure,101671.0
1652477361,E,Gas,4287.98095703125
1652477361,E,Accelerometer,0.0
1652477361,E,Light,1.0
1652477361,E,MIC,3.0
1652477361,E,RSSI,72.0
1652477363,F,Temperature,23.53499984741211
1652477363,F,Humidity,37.65700149536133
1652477363,F,Pressure,101706.0
1652477363,F,Gas,3096.555908203125
1652477363,F,Accelerometer,0.0
1652477363,F,Light,0.0
1652477363,F,MIC,3.0
1652477363,F,RSSI,91.0
1652477365,C,Temperature,23.065000534057614
1652477365,C,Humidity,40.48799896240234
1652477365,C,Pressure,101685.0
1652477365,C,Gas,1262.989013671875
1652477365,C,Accelerometer,0.0
1652477365,C,Light,0.0
1652477365,C,MIC,3.0
1652477365,C,RSSI,78.0
1652477366,B,Temperature,23.395000457763672
1652477366,B,Humidity,40.95100021362305
1652477366,B,Pressure,101632.0
1652477366,B,Gas,4367.56982421875
1652477366,B,Accelerometer,0.0
1652477366,B,Light,0.0
1652477366,B,MIC,3.0
1652477366,B,RSSI,89.0
1652477367,A,Temperature,23.375
1652477367,A,Humidity,39.29100036621094
1652477367,A,Pressure,101663.0
1652477367,A,Gas,1213.0760498046875
1652477367,A,Accelerometer,0.0
1652477367,A,Light,0.0
1652477367,A,MIC,1.0
1652477367,A,RSSI,85.0
1652477367,H,Temperature,22.854999542236328
1652477367,H,Humidity,39.5989990234375
1652477367,H,Pressure,101689.0
1652477367,H,Gas,3987.85888671875
1652477367,H,Accelerometer,0.0
1652477367,H,Light,2.0
1652477367,H,MIC,3.0
1652477367,H,RSSI,81.0
1652477369,D,Temperature,23.21500015258789
1652477369,D,Humidity,38.91999816894531
1652477369,D,Pressure,101693.0
1652477369,D,Gas,4071.20703125
1652477369,D,Accelerometer,0.0
1652477369,D,Light,1.0
1652477369,D,MIC,2.0
1652477369,D,RSSI,60.0
1652477371,E,Temperature,22.21500015258789
1652477371,E,Humidity,41.290000915527344
1652477371,E,Pressure,101669.0
1652477371,E,Gas,4288.091796875
1652477371,E,Accelerometer,0.0
1652477371,E,Light,1.0
1652477371,E,MIC,3.0
1652477371,E,RSSI,72.0
1652477373,F,Temperature,23.53499984741211
1652477373,F,Humidity,37.6510009765625
1652477373,F,Pressure,101706.0
1652477373,F,Gas,3097.64111328125
1652477373,F,Accelerometer,0.0
1652477373,F,Light,0.0
1652477373,F,MIC,3.0
1652477373,F,RSSI,91.0
1652477375,C,Temperature,23.05500030517578
1652477375,C,Humidity,40.507999420166016
1652477375,C,Pressure,101687.0
1652477375,C,Gas,1253.906005859375
1652477375,C,Accelerometer,0.0
1652477375,C,Light,0.0
1652477375,C,MIC,3.0
1652477375,C,RSSI,78.0
1652477376,B,Temperature,23.38500022888184
1652477376,B,Humidity,41.01399993896485
1652477376,B,Pressure,101630.0
1652477376,B,Gas,4347.94677734375
1652477376,B,Accelerometer,0.0
1652477376,B,Light,0.0
1652477376,B,MIC,3.0
1652477376,B,RSSI,90.0
1652477377,A,Temperature,23.364999771118164
1652477377,A,Humidity,39.33200073242188
1652477377,A,Pressure,101665.0
1652477377,A,Gas,1217.387939453125
1652477377,A,Accelerometer,0.0
1652477377,A,Light,0.0
1652477377,A,MIC,1.0
1652477377,A,RSSI,85.0
1652477377,H,Temperature,22.854999542236328
1652477377,H,Humidity,39.60499954223633
1652477377,H,Pressure,101685.0
1652477377,H,Gas,3997.169921875
1652477377,H,Accelerometer,0.0
1652477377,H,Light,2.0
1652477377,H,MIC,3.0
1652477377,H,RSSI,81.0
1652477379,D,Temperature,23.20499992370605
1652477379,D,Humidity,38.94599914550781
1652477379,D,Pressure,101693.0
1652477379,D,Gas,4054.73291015625
1652477379,D,Accelerometer,0.0
1652477379,D,Light,1.0
1652477379,D,MIC,2.0
1652477379,D,RSSI,60.0
1652477381,E,Temperature,22.21500015258789
1652477381,E,Humidity,41.28499984741211
1652477381,E,Pressure,101669.0
1652477381,E,Gas,4287.953125
1652477381,E,Accelerometer,0.0
1652477381,E,Light,1.0
1652477381,E,MIC,3.0
1652477381,E,RSSI,72.0
1652477383,F,Temperature,23.53499984741211
1652477383,F,Humidity,37.641998291015625
1652477383,F,Pressure,101706.0
1652477383,F,Gas,3098.050048828125
1652477383,F,Accelerometer,0.0
1652477383,F,Light,0.0
1652477383,F,MIC,3.0
1652477383,F,RSSI,90.0
1652477385,C,Temperature,23.03499984741211
1652477385,C,Humidity,40.56499862670898
1652477385,C,Pressure,101687.0
1652477385,C,Gas,1251.4090576171875
1652477385,C,Accelerometer,0.0
1652477385,C,Light,0.0
1652477385,C,MIC,3.0
1652477385,C,RSSI,76.0
1652477386,B,Temperature,23.38500022888184
1652477386,B,Humidity,41.00699996948242
1652477386,B,Pressure,101628.0
1652477386,B,Gas,4339.6162109375
1652477386,B,Accelerometer,0.0
1652477386,B,Light,0.0
1652477386,B,MIC,3.0
1652477386,B,RSSI,90.0
1652477387,A,Temperature,23.364999771118164
1652477387,A,Humidity,39.33300018310547
1652477387,A,Pressure,101665.0
1652477387,A,Gas,1209.384033203125
1652477387,A,Accelerometer,0.0
1652477387,A,Light,0.0
1652477387,A,MIC,1.0
1652477387,A,RSSI,85.0
1652477387,H,Temperature,22.84499931335449
1652477387,H,Humidity,39.6510009765625
1652477387,H,Pressure,101685.0
1652477387,H,Gas,3993.672119140625
1652477387,H,Accelerometer,0.0
1652477387,H,Light,2.0
1652477387,H,MIC,3.0
1652477387,H,RSSI,79.0
1652477389,D,Temperature,23.20499992370605
1652477389,D,Humidity,38.93000030517578
1652477389,D,Pressure,101693.0
1652477389,D,Gas,4067.404052734375
1652477389,D,Accelerometer,0.0
1652477389,D,Light,1.0
1652477389,D,MIC,2.0
1652477389,D,RSSI,60.0
1652477391,E,Temperature,22.21500015258789
1652477391,E,Humidity,41.2859992980957
1652477391,E,Pressure,101671.0
1652477391,E,Gas,4277.61279296875
1652477391,E,Accelerometer,0.0
1652477391,E,Light,1.0
1652477391,E,MIC,3.0
1652477391,E,RSSI,72.0
1652477393,F,Temperature,23.53499984741211
1652477393,F,Humidity,37.63399887084961
1652477393,F,Pressure,101708.0
1652477393,F,Gas,3095.260986328125
1652477393,F,Accelerometer,0.0
1652477393,F,Light,0.0
1652477393,F,MIC,3.0
1652477393,F,RSSI,90.0
1652477395,C,Temperature,23.05500030517578
1652477395,C,Humidity,40.483001708984375
1652477395,C,Pressure,101685.0
1652477395,C,Gas,1246.051025390625
1652477395,C,Accelerometer,0.0
1652477395,C,Light,0.0
1652477395,C,MIC,3.0
1652477395,C,RSSI,76.0
1652477397,B,Temperature,23.375
1652477397,B,Humidity,40.999000549316406
1652477397,B,Pressure,101632.0
1652477397,B,Gas,4335.48681640625
1652477397,B,Accelerometer,0.0
1652477397,B,Light,0.0
1652477397,B,MIC,3.0
1652477397,B,RSSI,90.0
1652477397,A,Temperature,23.354999542236328
1652477397,A,Humidity,39.34400177001953
1652477397,A,Pressure,101663.0
1652477397,A,Gas,1217.719970703125
1652477397,A,Accelerometer,0.0
1652477397,A,Light,0.0
1652477397,A,MIC,1.0
1652477397,A,RSSI,75.0
1652477397,H,Temperature,22.854999542236328
1652477397,H,Humidity,39.64699935913086
1652477397,H,Pressure,101689.0
1652477397,H,Gas,3986.177001953125
1652477397,H,Accelerometer,0.0
1652477397,H,Light,2.0
1652477397,H,MIC,3.0
1652477397,H,RSSI,79.0
1652477399,D,Temperature,23.20499992370605
1652477399,D,Humidity,38.91799926757813
1652477399,D,Pressure,101695.0
1652477399,D,Gas,4071.52294921875
1652477399,D,Accelerometer,0.0
1652477399,D,Light,1.0
1652477399,D,MIC,2.0
1652477399,D,RSSI,60.0
1652477401,E,Temperature,22.20499992370605
1652477401,E,Humidity,41.31700134277344
1652477401,E,Pressure,101671.0
1652477401,E,Gas,4275.39306640625
1652477401,E,Accelerometer,0.0
1652477401,E,Light,1.0
1652477401,E,MIC,3.0
1652477401,E,RSSI,72.0
1652477403,F,Temperature,23.53499984741211
1652477403,F,Humidity,37.63600158691406
1652477403,F,Pressure,101708.0
1652477403,F,Gas,3096.22900390625
1652477403,F,Accelerometer,0.0
1652477403,F,Light,0.0
1652477403,F,MIC,3.0
1652477403,F,RSSI,90.0
1652477407,B,Temperature,23.38500022888184
1652477407,B,Humidity,40.91600036621094
1652477407,B,Pressure,101632.0
1652477407,B,Gas,4342.39501953125
1652477407,B,Accelerometer,0.0
1652477407,B,Light,0.0
1652477407,B,MIC,3.0
1652477407,B,RSSI,90.0
1652477407,A,Temperature,23.354999542236328
1652477407,A,Humidity,39.32699966430664
1652477407,A,Pressure,101667.0
1652477407,A,Gas,1223.0340576171875
1652477407,A,Accelerometer,0.0
1652477407,A,Light,0.0
1652477407,A,MIC,1.0
1652477407,A,RSSI,75.0
1652477408,H,Temperature,22.84499931335449
1652477408,H,Humidity,39.64099884033203
1652477408,H,Pressure,101687.0
1652477408,H,Gas,3993.943115234375
1652477408,H,Accelerometer,0.0
1652477408,H,Light,2.0
1652477408,H,MIC,3.0
1652477408,H,RSSI,79.0
1652477408,C,Temperature,23.05500030517578
1652477408,C,Humidity,40.499000549316406
1652477408,C,Pressure,101689.0
1652477408,C,Gas,1254.7080078125
1652477408,C,Accelerometer,0.0
1652477408,C,Light,0.0
1652477408,C,MIC,3.0
1652477408,C,RSSI,76.0
1652477409,D,Temperature,23.21500015258789
1652477409,D,Humidity,38.89599990844727
1652477409,D,Pressure,101695.0
1652477409,D,Gas,4073.55908203125
1652477409,D,Accelerometer,0.0
1652477409,D,Light,1.0
1652477409,D,MIC,2.0
1652477409,D,RSSI,59.0
1652477411,E,Temperature,22.19499969482422
1652477411,E,Humidity,41.35499954223633
1652477411,E,Pressure,101671.0
1652477411,E,Gas,4260.71923828125
1652477411,E,Accelerometer,0.0
1652477411,E,Light,1.0
1652477411,E,MIC,3.0
1652477411,E,RSSI,68.0
1652477415,F,Temperature,23.53499984741211
1652477415,F,Humidity,37.64099884033203
1652477415,F,Pressure,101710.0
1652477415,F,Gas,3113.637939453125
1652477415,F,Accelerometer,0.0
1652477415,F,Light,0.0
1652477415,F,MIC,3.0
1652477415,F,RSSI,90.0
1652477415,C,Temperature,23.05500030517578
1652477415,C,Humidity,40.49599838256836
1652477415,C,Pressure,101693.0
1652477415,C,Gas,1260.4599609375
1652477415,C,Accelerometer,0.0
1652477415,C,Light,0.0
1652477415,C,MIC,3.0
1652477415,C,RSSI,76.0
1652477417,A,Temperature,23.354999542236328
1652477417,A,Humidity,39.323001861572266
1652477417,A,Pressure,101669.0
1652477417,A,Gas,1229.6600341796875
1652477417,A,Accelerometer,0.0
1652477417,A,Light,0.0
1652477417,A,MIC,1.0
1652477417,A,RSSI,75.0
1652477418,B,Temperature,23.38500022888184
1652477418,B,Humidity,40.95800018310547
1652477418,B,Pressure,101636.0
1652477418,B,Gas,4346.4638671875
1652477418,B,Accelerometer,0.0
1652477418,B,Light,0.0
1652477418,B,MIC,3.0
1652477418,B,RSSI,90.0
1652477418,H,Temperature,22.84499931335449
1652477418,H,Humidity,39.66600036621094
1652477418,H,Pressure,101689.0
1652477418,H,Gas,3976.4560546875
1652477418,H,Accelerometer,0.0
1652477418,H,Light,2.0
1652477418,H,MIC,3.0
1652477418,H,RSSI,79.0
1652477419,D,Temperature,23.21500015258789
1652477419,D,Humidity,38.9119987487793
1652477419,D,Pressure,101695.0
1652477419,D,Gas,4068.117919921875
1652477419,D,Accelerometer,0.0
1652477419,D,Light,1.0
1652477419,D,MIC,2.0
1652477419,D,RSSI,59.0
1652477421,E,Temperature,22.19499969482422
1652477421,E,Humidity,41.35599899291992
1652477421,E,Pressure,101673.0
1652477421,E,Gas,4251.208984375
1652477421,E,Accelerometer,0.0
1652477421,E,Light,1.0
1652477421,E,MIC,3.0
1652477421,E,RSSI,68.0
1652477424,F,Temperature,23.545000076293945
1652477424,F,Humidity,37.625
1652477424,F,Pressure,101708.0
1652477424,F,Gas,3126.9619140625
1652477424,F,Accelerometer,0.0
1652477424,F,Light,0.0
1652477424,F,MIC,3.0
1652477424,F,RSSI,90.0
1652477426,B,Temperature,23.38500022888184
1652477426,B,Humidity,40.89599990844727
1652477426,B,Pressure,101636.0
1652477426,B,Gas,4351.173828125
1652477426,B,Accelerometer,0.0
1652477426,B,Light,0.0
1652477426,B,MIC,3.0
1652477426,B,RSSI,94.0
1652477426,C,Temperature,23.045000076293945
1652477426,C,Humidity,40.50400161743164
1652477426,C,Pressure,101689.0
1652477426,C,Gas,1257.303955078125
1652477426,C,Accelerometer,0.0
1652477426,C,Light,0.0
1652477426,C,MIC,3.0
1652477426,C,RSSI,76.0
1652477427,A,Temperature,23.364999771118164
1652477427,A,Humidity,39.34400177001953
1652477427,A,Pressure,101667.0
1652477427,A,Gas,1236.219970703125
1652477427,A,Accelerometer,0.0
1652477427,A,Light,0.0
1652477427,A,MIC,1.0
1652477427,A,RSSI,75.0
1652477427,H,Temperature,22.834999084472656
1652477427,H,Humidity,39.72600173950195
1652477427,H,Pressure,101691.0
1652477427,H,Gas,3961.344970703125
1652477427,H,Accelerometer,0.0
1652477427,H,Light,2.0
1652477427,H,MIC,3.0
1652477427,H,RSSI,79.0
1652477429,D,Temperature,23.21500015258789
1652477429,D,Humidity,38.92599868774414
1652477429,D,Pressure,101695.0
1652477429,D,Gas,4073.64794921875
1652477429,D,Accelerometer,0.0
1652477429,D,Light,1.0
1652477429,D,MIC,2.0
1652477429,D,RSSI,59.0
1652477431,E,Temperature,22.20499992370605
1652477431,E,Humidity,41.334999084472656
1652477431,E,Pressure,101671.0
1652477431,E,Gas,4244.4560546875
1652477431,E,Accelerometer,0.0
1652477431,E,Light,1.0
1652477431,E,MIC,3.0
1652477431,E,RSSI,68.0
1652477433,F,Temperature,23.53499984741211
1652477433,F,Humidity,37.64799880981445
1652477433,F,Pressure,101708.0
1652477433,F,Gas,3129.55810546875
1652477433,F,Accelerometer,0.0
1652477433,F,Light,0.0
1652477433,F,MIC,2.0
1652477433,F,RSSI,88.0
1652477435,C,Temperature,23.065000534057614
1652477435,C,Humidity,40.43299865722656
1652477435,C,Pressure,101689.0
1652477435,C,Gas,1263.0
1652477435,C,Accelerometer,0.0
1652477435,C,Light,0.0
1652477435,C,MIC,3.0
1652477435,C,RSSI,76.0
1652477437,B,Temperature,23.38500022888184
1652477437,B,Humidity,40.874000549316406
1652477437,B,Pressure,101632.0
1652477437,B,Gas,4357.90478515625
1652477437,B,Accelerometer,0.0
1652477437,B,Light,0.0
1652477437,B,MIC,3.0
1652477437,B,RSSI,94.0
1652477437,A,Temperature,23.364999771118164
1652477437,A,Humidity,39.361000061035156
1652477437,A,Pressure,101667.0
1652477437,A,Gas,1223.116943359375
1652477437,A,Accelerometer,0.0
1652477437,A,Light,0.0
1652477437,A,MIC,1.0
1652477437,A,RSSI,75.0
1652477437,H,Temperature,22.834999084472656
1652477437,H,Humidity,39.71099853515625
1652477437,H,Pressure,101689.0
1652477437,H,Gas,3947.0849609375
1652477437,H,Accelerometer,0.0
1652477437,H,Light,2.0
1652477437,H,MIC,3.0
1652477437,H,RSSI,81.0
1652477439,D,Temperature,23.20499992370605
1652477439,D,Humidity,38.95899963378906
1652477439,D,Pressure,101695.0
1652477439,D,Gas,4081.2919921875
1652477439,D,Accelerometer,0.0
1652477439,D,Light,1.0
1652477439,D,MIC,2.0
1652477439,D,RSSI,59.0
1652477441,E,Temperature,22.19499969482422
1652477441,E,Humidity,41.367000579833984
1652477441,E,Pressure,101673.0
1652477441,E,Gas,4245.06494140625
1652477441,E,Accelerometer,0.0
1652477441,E,Light,1.0
1652477441,E,MIC,3.0
1652477441,E,RSSI,68.0
1652477444,F,Temperature,23.53499984741211
1652477444,F,Humidity,37.652000427246094
1652477444,F,Pressure,101708.0
1652477444,F,Gas,3120.241943359375
1652477444,F,Accelerometer,0.0
1652477444,F,Light,0.0
1652477444,F,MIC,2.0
1652477444,F,RSSI,88.0
1652477445,C,Temperature,23.084999084472656
1652477445,C,Humidity,40.35200119018555
1652477445,C,Pressure,101687.0
1652477445,C,Gas,1276.4959716796875
1652477445,C,Accelerometer,0.0
1652477445,C,Light,0.0
1652477445,C,MIC,3.0
1652477445,C,RSSI,76.0
1652477446,B,Temperature,23.38500022888184
1652477446,B,Humidity,40.874000549316406
1652477446,B,Pressure,101636.0
1652477446,B,Gas,4366.6181640625
1652477446,B,Accelerometer,0.0
1652477446,B,Light,0.0
1652477446,B,MIC,3.0
1652477446,B,RSSI,94.0
1652477447,A,Temperature,23.364999771118164
1652477447,A,Humidity,39.37699890136719
1652477447,A,Pressure,101669.0
1652477447,A,Gas,1215.4169921875
1652477447,A,Accelerometer,0.0
1652477447,A,Light,0.0
1652477447,A,MIC,1.0
1652477447,A,RSSI,83.0
1652477447,H,Temperature,22.834999084472656
1652477447,H,Humidity,39.69300079345703
1652477447,H,Pressure,101691.0
1652477447,H,Gas,3949.797119140625
1652477447,H,Accelerometer,0.0
1652477447,H,Light,2.0
1652477447,H,MIC,3.0
1652477447,H,RSSI,81.0
1652477449,D,Temperature,23.20499992370605
1652477449,D,Humidity,38.97700119018555
1652477449,D,Pressure,101695.0
1652477449,D,Gas,4079.382080078125
1652477449,D,Accelerometer,0.0
1652477449,D,Light,1.0
1652477449,D,MIC,2.0
1652477449,D,RSSI,59.0
1652477451,E,Temperature,22.20499992370605
1652477451,E,Humidity,41.34099960327149
1652477451,E,Pressure,101671.0
1652477451,E,Gas,4243.126953125
1652477451,E,Accelerometer,0.0
1652477451,E,Light,1.0
1652477451,E,MIC,3.0
1652477451,E,RSSI,68.0
1652477455,F,Temperature,23.545000076293945
1652477455,F,Humidity,37.63999938964844
1652477455,F,Pressure,101710.0
1652477455,F,Gas,3124.343994140625
1652477455,F,Accelerometer,0.0
1652477455,F,Light,0.0
1652477455,F,MIC,2.0
1652477455,F,RSSI,88.0
1652477456,C,Temperature,23.104999542236328
1652477456,C,Humidity,40.29899978637695
1652477456,C,Pressure,101687.0
1652477456,C,Gas,1286.1610107421875
1652477456,C,Accelerometer,0.0
1652477456,C,Light,0.0
1652477456,C,MIC,3.0
1652477456,C,RSSI,76.0
1652477456,B,Temperature,23.375
1652477456,B,Humidity,40.91299819946289
1652477456,B,Pressure,101634.0
1652477456,B,Gas,4393.27685546875
1652477456,B,Accelerometer,0.0
1652477456,B,Light,0.0
1652477456,B,MIC,3.0
1652477456,B,RSSI,94.0
1652477457,H,Temperature,22.84499931335449
1652477457,H,Humidity,39.67100143432617
1652477457,H,Pressure,101691.0
1652477457,H,Gas,3955.072998046875
1652477457,H,Accelerometer,0.0
1652477457,H,Light,2.0
1652477457,H,MIC,3.0
1652477457,H,RSSI,81.0
1652477457,A,Temperature,23.364999771118164
1652477457,A,Humidity,39.367000579833984
1652477457,A,Pressure,101669.0
1652477457,A,Gas,1221.4949951171875
1652477457,A,Accelerometer,0.0
1652477457,A,Light,0.0
1652477457,A,MIC,1.0
1652477457,A,RSSI,83.0
1652477459,D,Temperature,23.21500015258789
1652477459,D,Humidity,38.93299865722656
1652477459,D,Pressure,101697.0
1652477459,D,Gas,4079.2548828125
1652477459,D,Accelerometer,0.0
1652477459,D,Light,0.0
1652477459,D,MIC,2.0
1652477459,D,RSSI,62.0
1652477461,E,Temperature,22.20499992370605
1652477461,E,Humidity,41.31700134277344
1652477461,E,Pressure,101673.0
1652477461,E,Gas,4235.9482421875
1652477461,E,Accelerometer,0.0
1652477461,E,Light,1.0
1652477461,E,MIC,3.0
1652477461,E,RSSI,60.0
1652477464,F,Temperature,23.53499984741211
1652477464,F,Humidity,37.64099884033203
1652477464,F,Pressure,101708.0
1652477464,F,Gas,3119.450927734375
1652477464,F,Accelerometer,0.0
1652477464,F,Light,0.0
1652477464,F,MIC,2.0
1652477464,F,RSSI,88.0
1652477465,C,Temperature,23.104999542236328
1652477465,C,Humidity,40.39699935913086
1652477465,C,Pressure,101687.0
1652477465,C,Gas,1298.510009765625
1652477465,C,Accelerometer,0.0
1652477465,C,Light,0.0
1652477465,C,MIC,3.0
1652477465,C,RSSI,76.0
1652477467,H,Temperature,22.834999084472656
1652477467,H,Humidity,39.70299911499024
1652477467,H,Pressure,101691.0
1652477467,H,Gas,3957.68505859375
1652477467,H,Accelerometer,0.0
1652477467,H,Light,2.0
1652477467,H,MIC,3.0
1652477467,H,RSSI,81.0
1652477468,B,Temperature,23.38500022888184
1652477468,B,Humidity,40.89400100708008
1652477468,B,Pressure,101634.0
1652477468,B,Gas,4396.171875
1652477468,B,Accelerometer,0.0
1652477468,B,Light,0.0
1652477468,B,MIC,3.0
1652477468,B,RSSI,94.0
1652477468,A,Temperature,23.364999771118164
1652477468,A,Humidity,39.354000091552734
1652477468,A,Pressure,101669.0
1652477468,A,Gas,1210.56298828125
1652477468,A,Accelerometer,0.0
1652477468,A,Light,0.0
1652477468,A,MIC,1.0
1652477468,A,RSSI,83.0
1652477469,D,Temperature,23.20499992370605
1652477469,D,Humidity,38.97000122070313
1652477469,D,Pressure,101695.0
1652477469,D,Gas,4080.19091796875
1652477469,D,Accelerometer,0.0
1652477469,D,Light,1.0
1652477469,D,MIC,2.0
1652477469,D,RSSI,62.0
1652477471,E,Temperature,22.20499992370605
1652477471,E,Humidity,41.31800079345703
1652477471,E,Pressure,101673.0
1652477471,E,Gas,4233.01416015625
1652477471,E,Accelerometer,0.0
1652477471,E,Light,1.0
1652477471,E,MIC,3.0
1652477471,E,RSSI,60.0
1652477473,F,Temperature,23.545000076293945
1652477473,F,Humidity,37.61199951171875
1652477473,F,Pressure,101708.0
1652477473,F,Gas,3126.468994140625
1652477473,F,Accelerometer,0.0
1652477473,F,Light,0.0
1652477473,F,MIC,2.0
1652477473,F,RSSI,88.0
1652477475,C,Temperature,23.09499931335449
1652477475,C,Humidity,40.435001373291016
1652477475,C,Pressure,101689.0
1652477475,C,Gas,1273.5179443359375
1652477475,C,Accelerometer,0.0
1652477475,C,Light,0.0
1652477475,C,MIC,3.0
1652477475,C,RSSI,78.0
1652477476,B,Temperature,23.38500022888184
1652477476,B,Humidity,40.974998474121094
1652477476,B,Pressure,101634.0
1652477476,B,Gas,4388.73193359375
1652477476,B,Accelerometer,0.0
1652477476,B,Light,0.0
1652477476,B,MIC,3.0
1652477476,B,RSSI,89.0
1652477477,A,Temperature,23.364999771118164
1652477477,A,Humidity,39.349998474121094
1652477477,A,Pressure,101667.0
1652477477,A,Gas,1211.592041015625
1652477477,A,Accelerometer,0.0
1652477477,A,Light,0.0
1652477477,A,MIC,1.0
1652477477,A,RSSI,83.0
1652477479,D,Temperature,23.20499992370605
1652477479,D,Humidity,38.95600128173828
1652477479,D,Pressure,101695.0
1652477479,D,Gas,4077.6220703125
1652477479,D,Accelerometer,0.0
1652477479,D,Light,0.0
1652477479,D,MIC,2.0
1652477479,D,RSSI,62.0
1652477479,H,Temperature,22.84499931335449
1652477479,H,Humidity,39.66699981689453
1652477479,H,Pressure,101689.0
1652477479,H,Gas,3967.56689453125
1652477479,H,Accelerometer,0.0
1652477479,H,Light,2.0
1652477479,H,MIC,3.0
1652477479,H,RSSI,81.0
1652477481,E,Temperature,22.20499992370605
1652477481,E,Humidity,41.32099914550781
1652477481,E,Pressure,101671.0
1652477481,E,Gas,4235.455078125
1652477481,E,Accelerometer,0.0
1652477481,E,Light,1.0
1652477481,E,MIC,3.0
1652477481,E,RSSI,60.0
1652477483,F,Temperature,23.545000076293945
1652477483,F,Humidity,37.61899948120117
1652477483,F,Pressure,101706.0
1652477483,F,Gas,3133.98095703125
1652477483,F,Accelerometer,0.0
1652477483,F,Light,0.0
1652477483,F,MIC,2.0
1652477483,F,RSSI,92.0
1652477485,C,Temperature,23.104999542236328
1652477485,C,Humidity,40.382999420166016
1652477485,C,Pressure,101687.0
1652477485,C,Gas,1282.175048828125
1652477485,C,Accelerometer,0.0
1652477485,C,Light,0.0
1652477485,C,MIC,3.0
1652477485,C,RSSI,78.0
1652477486,B,Temperature,23.38500022888184
1652477486,B,Humidity,40.98699951171875
1652477486,B,Pressure,101632.0
1652477486,B,Gas,4383.97119140625
1652477486,B,Accelerometer,0.0
1652477486,B,Light,0.0
1652477486,B,MIC,3.0
1652477486,B,RSSI,89.0
1652477487,A,Temperature,23.364999771118164
1652477487,A,Humidity,39.33200073242188
1652477487,A,Pressure,101667.0
1652477487,A,Gas,1207.822998046875
1652477487,A,Accelerometer,0.0
1652477487,A,Light,0.0
1652477487,A,MIC,1.0
1652477487,A,RSSI,83.0
1652477487,H,Temperature,22.834999084472656
1652477487,H,Humidity,39.68199920654297
1652477487,H,Pressure,101689.0
1652477487,H,Gas,3960.718994140625
1652477487,H,Accelerometer,0.0
1652477487,H,Light,2.0
1652477487,H,MIC,3.0
1652477487,H,RSSI,82.0
1652477489,D,Temperature,23.20499992370605
1652477489,D,Humidity,38.96500015258789
1652477489,D,Pressure,101695.0
1652477489,D,Gas,4079.221923828125
1652477489,D,Accelerometer,0.0
1652477489,D,Light,1.0
1652477489,D,MIC,2.0
1652477489,D,RSSI,62.0
1652477491,E,Temperature,22.20499992370605
1652477491,E,Humidity,41.323001861572266
1652477491,E,Pressure,101671.0
1652477491,E,Gas,4240.38720703125
1652477491,E,Accelerometer,0.0
1652477491,E,Light,1.0
1652477491,E,MIC,3.0
1652477491,E,RSSI,60.0
1652477493,F,Temperature,23.53499984741211
1652477493,F,Humidity,37.65499877929688
1652477493,F,Pressure,101708.0
1652477493,F,Gas,3136.56591796875
1652477493,F,Accelerometer,0.0
1652477493,F,Light,0.0
1652477493,F,MIC,2.0
1652477493,F,RSSI,92.0
1652477495,C,Temperature,23.104999542236328
1652477495,C,Humidity,40.36999893188477
1652477495,C,Pressure,101685.0
1652477495,C,Gas,1291.136962890625
1652477495,C,Accelerometer,0.0
1652477495,C,Light,0.0
1652477495,C,MIC,3.0
1652477495,C,RSSI,78.0
1652477496,B,Temperature,23.38500022888184
1652477496,B,Humidity,40.948001861572266
1652477496,B,Pressure,101632.0
1652477496,B,Gas,4394.001953125
1652477496,B,Accelerometer,0.0
1652477496,B,Light,0.0
1652477496,B,MIC,3.0
1652477496,B,RSSI,89.0
1652477497,A,Temperature,23.354999542236328
1652477497,A,Humidity,39.35100173950195
1652477497,A,Pressure,101667.0
1652477497,A,Gas,1219.9229736328125
1652477497,A,Accelerometer,0.0
1652477497,A,Light,0.0
1652477497,A,MIC,1.0
1652477497,A,RSSI,83.0
1652477497,H,Temperature,22.834999084472656
1652477497,H,Humidity,39.70399856567383
1652477497,H,Pressure,101689.0
1652477497,H,Gas,3964.987060546875
1652477497,H,Accelerometer,0.0
1652477497,H,Light,2.0
1652477497,H,MIC,3.0
1652477497,H,RSSI,82.0
1652477499,D,Temperature,23.21500015258789
1652477499,D,Humidity,38.95899963378906
1652477499,D,Pressure,101695.0
1652477499,D,Gas,4069.31396484375
1652477499,D,Accelerometer,0.0
1652477499,D,Light,1.0
1652477499,D,MIC,2.0
1652477499,D,RSSI,53.0
1652477501,E,Temperature,22.20499992370605
1652477501,E,Humidity,41.34000015258789
1652477501,E,Pressure,101671.0
1652477501,E,Gas,4240.298828125
1652477501,E,Accelerometer,0.0
1652477501,E,Light,1.0
1652477501,E,MIC,3.0
1652477501,E,RSSI,60.0
1652477503,F,Temperature,23.545000076293945
1652477503,F,Humidity,37.61899948120117
1652477503,F,Pressure,101706.0
1652477503,F,Gas,3126.176025390625
1652477503,F,Accelerometer,0.0
1652477503,F,Light,0.0
1652477503,F,MIC,2.0
1652477503,F,RSSI,92.0
1652477505,C,Temperature,23.05500030517578
1652477505,C,Humidity,40.49300003051758
1652477505,C,Pressure,101689.0
1652477505,C,Gas,1303.780029296875
1652477505,C,Accelerometer,0.0
1652477505,C,Light,0.0
1652477505,C,MIC,3.0
1652477505,C,RSSI,78.0
1652477506,B,Temperature,23.375
1652477506,B,Humidity,40.92900085449219
1652477506,B,Pressure,101632.0
1652477506,B,Gas,4405.26611328125
1652477506,B,Accelerometer,0.0
1652477506,B,Light,0.0
1652477506,B,MIC,3.0
1652477506,B,RSSI,89.0
1652477507,H,Temperature,22.834999084472656
1652477507,H,Humidity,39.736000061035156
1652477507,H,Pressure,101689.0
1652477507,H,Gas,3957.408935546875
1652477507,H,Accelerometer,0.0
1652477507,H,Light,2.0
1652477507,H,MIC,3.0
1652477507,H,RSSI,82.0
1652477507,A,Temperature,23.364999771118164
1652477507,A,Humidity,39.354000091552734
1652477507,A,Pressure,101669.0
1652477507,A,Gas,1211.5810546875
1652477507,A,Accelerometer,0.0
1652477507,A,Light,0.0
1652477507,A,MIC,1.0
1652477507,A,RSSI,83.0
1652477509,D,Temperature,23.20499992370605
1652477509,D,Humidity,38.99300003051758
1652477509,D,Pressure,101695.0
1652477509,D,Gas,4062.1669921875
1652477509,D,Accelerometer,0.0
1652477509,D,Light,1.0
1652477509,D,MIC,2.0
1652477509,D,RSSI,53.0
1652477511,E,Temperature,22.20499992370605
1652477511,E,Humidity,41.347999572753906
1652477511,E,Pressure,101671.0
1652477511,E,Gas,4243.90185546875
1652477511,E,Accelerometer,0.0
1652477511,E,Light,1.0
1652477511,E,MIC,3.0
1652477511,E,RSSI,61.0
1652477513,F,Temperature,23.53499984741211
1652477513,F,Humidity,37.63800048828125
1652477513,F,Pressure,101708.0
1652477513,F,Gas,3124.919921875
1652477513,F,Accelerometer,0.0
1652477513,F,Light,0.0
1652477513,F,MIC,2.0
1652477513,F,RSSI,92.0
1652477516,C,Temperature,23.0049991607666
1652477516,C,Humidity,40.64500045776367
1652477516,C,Pressure,101687.0
1652477516,C,Gas,1303.968017578125
1652477516,C,Accelerometer,0.0
1652477516,C,Light,0.0
1652477516,C,MIC,3.0
1652477516,C,RSSI,78.0
1652477516,B,Temperature,23.375
1652477516,B,Humidity,40.9010009765625
1652477516,B,Pressure,101632.0
1652477516,B,Gas,4418.18603515625
1652477516,B,Accelerometer,0.0
1652477516,B,Light,0.0
1652477516,B,MIC,3.0
1652477516,B,RSSI,89.0
1652477517,A,Temperature,23.364999771118164
1652477517,A,Humidity,39.34700012207031
1652477517,A,Pressure,101669.0
1652477517,A,Gas,1215.4560546875
1652477517,A,Accelerometer,0.0
1652477517,A,Light,0.0
1652477517,A,MIC,1.0
1652477517,A,RSSI,83.0
1652477517,H,Temperature,22.834999084472656
1652477517,H,Humidity,39.7400016784668
1652477517,H,Pressure,101691.0
1652477517,H,Gas,3936.35693359375
1652477517,H,Accelerometer,0.0
1652477517,H,Light,2.0
1652477517,H,MIC,3.0
1652477517,H,RSSI,82.0
1652477519,D,Temperature,23.19499969482422
1652477519,D,Humidity,39.0
1652477519,D,Pressure,101697.0
1652477519,D,Gas,4055.791015625
1652477519,D,Accelerometer,0.0
1652477519,D,Light,1.0
1652477519,D,MIC,2.0
1652477519,D,RSSI,53.0
1652477521,E,Temperature,22.20499992370605
1652477521,E,Humidity,41.36399841308594
1652477521,E,Pressure,101671.0
1652477521,E,Gas,4252.8369140625
1652477521,E,Accelerometer,0.0
1652477521,E,Light,1.0
1652477521,E,MIC,3.0
1652477521,E,RSSI,61.0
1652477523,F,Temperature,23.53499984741211
1652477523,F,Humidity,37.64799880981445
1652477523,F,Pressure,101706.0
1652477523,F,Gas,3124.304931640625
1652477523,F,Accelerometer,0.0
1652477523,F,Light,0.0
1652477523,F,MIC,2.0
1652477523,F,RSSI,92.0
1652477525,C,Temperature,22.9950008392334
1652477525,C,Humidity,40.678001403808594
1652477525,C,Pressure,101689.0
1652477525,C,Gas,1303.4029541015625
1652477525,C,Accelerometer,0.0
1652477525,C,Light,0.0
1652477525,C,MIC,3.0
1652477525,C,RSSI,78.0
1652477526,B,Temperature,23.375
1652477526,B,Humidity,40.89099884033203
1652477526,B,Pressure,101632.0
1652477526,B,Gas,4437.30615234375
1652477526,B,Accelerometer,0.0
1652477526,B,Light,0.0
1652477526,B,MIC,3.0
1652477526,B,RSSI,93.0
1652477527,A,Temperature,23.354999542236328
1652477527,A,Humidity,39.375
1652477527,A,Pressure,101667.0
1652477527,A,Gas,1210.9560546875
1652477527,A,Accelerometer,0.0
1652477527,A,Light,0.0
1652477527,A,MIC,1.0
1652477527,A,RSSI,83.0
1652477527,H,Temperature,22.82500076293945
1652477527,H,Humidity,39.75699996948242
1652477527,H,Pressure,101687.0
1652477527,H,Gas,3932.991943359375
1652477527,H,Accelerometer,0.0
1652477527,H,Light,2.0
1652477527,H,MIC,3.0
1652477527,H,RSSI,82.0
1652477529,D,Temperature,23.19499969482422
1652477529,D,Humidity,39.02000045776367
1652477529,D,Pressure,101695.0
1652477529,D,Gas,4046.840087890625
1652477529,D,Accelerometer,0.0
1652477529,D,Light,1.0
1652477529,D,MIC,3.0
1652477529,D,RSSI,53.0
1652477531,E,Temperature,22.19499969482422
1652477531,E,Humidity,41.358001708984375
1652477531,E,Pressure,101669.0
1652477531,E,Gas,4258.06787109375
1652477531,E,Accelerometer,0.0
1652477531,E,Light,1.0
1652477531,E,MIC,3.0
1652477531,E,RSSI,61.0
1652477533,F,Temperature,23.53499984741211
1652477533,F,Humidity,37.67300033569336
1652477533,F,Pressure,101708.0
1652477533,F,Gas,3136.79296875
1652477533,F,Accelerometer,0.0
1652477533,F,Light,0.0
1652477533,F,MIC,2.0
1652477533,F,RSSI,87.0
1652477535,C,Temperature,22.97500038146973
1652477535,C,Humidity,40.70700073242188
1652477535,C,Pressure,101687.0
1652477535,C,Gas,1299.89404296875
1652477535,C,Accelerometer,0.0
1652477535,C,Light,0.0
1652477535,C,MIC,3.0
1652477535,C,RSSI,76.0
1652477536,B,Temperature,23.375
1652477536,B,Humidity,40.88600158691406
1652477536,B,Pressure,101632.0
1652477536,B,Gas,4447.85693359375
1652477536,B,Accelerometer,0.0
1652477536,B,Light,0.0
1652477536,B,MIC,3.0
1652477536,B,RSSI,93.0
1652477537,A,Temperature,23.364999771118164
1652477537,A,Humidity,39.36199951171875
1652477537,A,Pressure,101667.0
1652477537,A,Gas,1216.2919921875
1652477537,A,Accelerometer,0.0
1652477537,A,Light,0.0
1652477537,A,MIC,1.0
1652477537,A,RSSI,83.0
1652477537,H,Temperature,22.82500076293945
1652477537,H,Humidity,39.70600128173828
1652477537,H,Pressure,101685.0
1652477537,H,Gas,3940.27099609375
1652477537,H,Accelerometer,0.0
1652477537,H,Light,2.0
1652477537,H,MIC,3.0
1652477537,H,RSSI,87.0
1652477539,D,Temperature,23.19499969482422
1652477539,D,Humidity,39.016998291015625
1652477539,D,Pressure,101693.0
1652477539,D,Gas,4047.72509765625
1652477539,D,Accelerometer,0.0
1652477539,D,Light,0.0
1652477539,D,MIC,3.0
1652477539,D,RSSI,53.0
1652477541,E,Temperature,22.19499969482422
1652477541,E,Humidity,41.367000579833984
1652477541,E,Pressure,101669.0
1652477541,E,Gas,4256.62890625
1652477541,E,Accelerometer,0.0
1652477541,E,Light,1.0
1652477541,E,MIC,3.0
1652477541,E,RSSI,61.0
1652477545,C,Temperature,23.0049991607666
1652477545,C,Humidity,40.60300064086914
1652477545,C,Pressure,101685.0
1652477545,C,Gas,1303.3260498046875
1652477545,C,Accelerometer,0.0
1652477545,C,Light,0.0
1652477545,C,MIC,3.0
1652477545,C,RSSI,76.0
1652477545,F,Temperature,23.524999618530273
1652477545,F,Humidity,37.68000030517578
1652477545,F,Pressure,101702.0
1652477545,F,Gas,3140.05908203125
1652477545,F,Accelerometer,0.0
1652477545,F,Light,0.0
1652477545,F,MIC,2.0
1652477545,F,RSSI,87.0
1652477546,B,Temperature,23.375
1652477546,B,Humidity,40.89699935913086
1652477546,B,Pressure,101632.0
1652477546,B,Gas,4465.33203125
1652477546,B,Accelerometer,0.0
1652477546,B,Light,0.0
1652477546,B,MIC,3.0
1652477546,B,RSSI,93.0
1652477549,A,Temperature,23.364999771118164
1652477549,A,Humidity,39.36600112915039
1652477549,A,Pressure,101663.0
1652477549,A,Gas,1215.85498046875
1652477549,A,Accelerometer,0.0
1652477549,A,Light,0.0
1652477549,A,MIC,1.0
1652477549,A,RSSI,75.0
1652477549,H,Temperature,22.834999084472656
1652477549,H,Humidity,39.67599868774414
1652477549,H,Pressure,101687.0
1652477549,H,Gas,3943.736083984375
1652477549,H,Accelerometer,0.0
1652477549,H,Light,2.0
1652477549,H,MIC,3.0
1652477549,H,RSSI,87.0
1652477550,D,Temperature,23.20499992370605
1652477550,D,Humidity,39.00899887084961
1652477550,D,Pressure,101695.0
1652477550,D,Gas,4044.133056640625
1652477550,D,Accelerometer,0.0
1652477550,D,Light,1.0
1652477550,D,MIC,3.0
1652477550,D,RSSI,53.0
1652477551,E,Temperature,22.20499992370605
1652477551,E,Humidity,41.334999084472656
1652477551,E,Pressure,101669.0
1652477551,E,Gas,4249.6591796875
1652477551,E,Accelerometer,0.0
1652477551,E,Light,1.0
1652477551,E,MIC,3.0
1652477551,E,RSSI,61.0
1652477553,F,Temperature,23.524999618530273
1652477553,F,Humidity,37.68600082397461
1652477553,F,Pressure,101702.0
1652477553,F,Gas,3136.958984375
1652477553,F,Accelerometer,0.0
1652477553,F,Light,0.0
1652477553,F,MIC,2.0
1652477553,F,RSSI,87.0
1652477555,C,Temperature,23.01499938964844
1652477555,C,Humidity,40.57600021362305
1652477555,C,Pressure,101687.0
1652477555,C,Gas,1317.9449462890625
1652477555,C,Accelerometer,0.0
1652477555,C,Light,0.0
1652477555,C,MIC,3.0
1652477555,C,RSSI,76.0
1652477557,B,Temperature,23.375
1652477557,B,Humidity,40.85499954223633
1652477557,B,Pressure,101630.0
1652477557,B,Gas,4473.1591796875
1652477557,B,Accelerometer,0.0
1652477557,B,Light,0.0
1652477557,B,MIC,3.0
1652477557,B,RSSI,93.0
1652477557,A,Temperature,23.364999771118164
1652477557,A,Humidity,39.36399841308594
1652477557,A,Pressure,101663.0
1652477557,A,Gas,1218.2900390625
1652477557,A,Accelerometer,0.0
1652477557,A,Light,0.0
1652477557,A,MIC,1.0
1652477557,A,RSSI,75.0
1652477559,H,Temperature,22.834999084472656
1652477559,H,Humidity,39.69499969482422
1652477559,H,Pressure,101687.0
1652477559,H,Gas,3965.05908203125
1652477559,H,Accelerometer,0.0
1652477559,H,Light,2.0
1652477559,H,MIC,3.0
1652477559,H,RSSI,87.0
1652477559,D,Temperature,23.19499969482422
1652477559,D,Humidity,39.03300094604492
1652477559,D,Pressure,101693.0
1652477559,D,Gas,4046.573974609375
1652477559,D,Accelerometer,0.0
1652477559,D,Light,1.0
1652477559,D,MIC,3.0
1652477559,D,RSSI,60.0
1652477561,E,Temperature,22.184999465942386
1652477561,E,Humidity,41.391998291015625
1652477561,E,Pressure,101667.0
1652477561,E,Gas,4243.32080078125
1652477561,E,Accelerometer,0.0
1652477561,E,Light,1.0
1652477561,E,MIC,3.0
1652477561,E,RSSI,69.0
1652477563,F,Temperature,23.53499984741211
1652477563,F,Humidity,37.67900085449219
1652477563,F,Pressure,101708.0
1652477563,F,Gas,3118.537109375
1652477563,F,Accelerometer,0.0
1652477563,F,Light,0.0
1652477563,F,MIC,2.0
1652477563,F,RSSI,87.0
1652477565,C,Temperature,23.024999618530273
1652477565,C,Humidity,40.560001373291016
1652477565,C,Pressure,101683.0
1652477565,C,Gas,1306.458984375
1652477565,C,Accelerometer,0.0
1652477565,C,Light,0.0
1652477565,C,MIC,3.0
1652477565,C,RSSI,76.0
1652477566,B,Temperature,23.38500022888184
1652477566,B,Humidity,40.92200088500977
1652477566,B,Pressure,101632.0
1652477566,B,Gas,4473.43603515625
1652477566,B,Accelerometer,0.0
1652477566,B,Light,0.0
1652477566,B,MIC,3.0
1652477566,B,RSSI,93.0
1652477567,A,Temperature,23.354999542236328
1652477567,A,Humidity,39.39300155639648
1652477567,A,Pressure,101663.0
1652477567,A,Gas,1208.5760498046875
1652477567,A,Accelerometer,0.0
1652477567,A,Light,0.0
1652477567,A,MIC,1.0
1652477567,A,RSSI,75.0
1652477569,H,Temperature,22.834999084472656
1652477569,H,Humidity,39.724998474121094
1652477569,H,Pressure,101687.0
1652477569,H,Gas,3982.905029296875
1652477569,H,Accelerometer,0.0
1652477569,H,Light,2.0
1652477569,H,MIC,3.0
1652477569,H,RSSI,87.0
1652477569,D,Temperature,23.20499992370605
1652477569,D,Humidity,39.01900100708008
1652477569,D,Pressure,101695.0
1652477569,D,Gas,4036.64306640625
1652477569,D,Accelerometer,0.0
1652477569,D,Light,1.0
1652477569,D,MIC,3.0
1652477569,D,RSSI,60.0
1652477571,E,Temperature,22.19499969482422
1652477571,E,Humidity,41.3489990234375
1652477571,E,Pressure,101671.0
1652477571,E,Gas,4256.48486328125
1652477571,E,Accelerometer,0.0
1652477571,E,Light,1.0
1652477571,E,MIC,3.0
1652477571,E,RSSI,69.0
1652477574,F,Temperature,23.524999618530273
1652477574,F,Humidity,37.70800018310547
1652477574,F,Pressure,101700.0
1652477574,F,Gas,3109.264892578125
1652477574,F,Accelerometer,0.0
1652477574,F,Light,0.0
1652477574,F,MIC,2.0
1652477574,F,RSSI,87.0
1652477575,C,Temperature,23.045000076293945
1652477575,C,Humidity,40.51900100708008
1652477575,C,Pressure,101689.0
1652477575,C,Gas,1321.3499755859375
1652477575,C,Accelerometer,0.0
1652477575,C,Light,0.0
1652477575,C,MIC,3.0
1652477575,C,RSSI,78.0
1652477577,B,Temperature,23.38500022888184
1652477577,B,Humidity,40.99300003051758
1652477577,B,Pressure,101630.0
1652477577,B,Gas,4455.0859375
1652477577,B,Accelerometer,0.0
1652477577,B,Light,0.0
1652477577,B,MIC,3.0
1652477577,B,RSSI,95.0
1652477577,A,Temperature,23.364999771118164
1652477577,A,Humidity,39.391998291015625
1652477577,A,Pressure,101663.0
1652477577,A,Gas,1213.873046875
1652477577,A,Accelerometer,0.0
1652477577,A,Light,0.0
1652477577,A,MIC,1.0
1652477577,A,RSSI,75.0
1652477577,H,Temperature,22.834999084472656
1652477577,H,Humidity,39.74100112915039
1652477577,H,Pressure,101689.0
1652477577,H,Gas,3976.992919921875
1652477577,H,Accelerometer,0.0
1652477577,H,Light,2.0
1652477577,H,MIC,3.0
1652477577,H,RSSI,87.0
1652477579,D,Temperature,23.19499969482422
1652477579,D,Humidity,39.01399993896485
1652477579,D,Pressure,101693.0
1652477579,D,Gas,4046.302978515625
1652477579,D,Accelerometer,0.0
1652477579,D,Light,1.0
1652477579,D,MIC,3.0
1652477579,D,RSSI,60.0
1652477581,E,Temperature,22.19499969482422
1652477581,E,Humidity,41.34299850463867
1652477581,E,Pressure,101669.0
1652477581,E,Gas,4264.1728515625
1652477581,E,Accelerometer,0.0
1652477581,E,Light,1.0
1652477581,E,MIC,3.0
1652477581,E,RSSI,69.0
1652477584,F,Temperature,23.524999618530273
1652477584,F,Humidity,37.69900131225586
1652477584,F,Pressure,101704.0
1652477584,F,Gas,3103.25390625
1652477584,F,Accelerometer,0.0
1652477584,F,Light,0.0
1652477584,F,MIC,2.0
1652477584,F,RSSI,91.0
1652477585,C,Temperature,23.05500030517578
1652477585,C,Humidity,40.51399993896485
1652477585,C,Pressure,101687.0
1652477585,C,Gas,1330.2230224609375
1652477585,C,Accelerometer,0.0
1652477585,C,Light,0.0
1652477585,C,MIC,3.0
1652477585,C,RSSI,78.0
1652477586,B,Temperature,23.375
1652477586,B,Humidity,41.05099868774414
1652477586,B,Pressure,101630.0
1652477586,B,Gas,4450.80078125
1652477586,B,Accelerometer,0.0
1652477586,B,Light,0.0
1652477586,B,MIC,3.0
1652477586,B,RSSI,95.0
1652477587,A,Temperature,23.364999771118164
1652477587,A,Humidity,39.4379997253418
1652477587,A,Pressure,101665.0
1652477587,A,Gas,1195.876953125
1652477587,A,Accelerometer,0.0
1652477587,A,Light,0.0
1652477587,A,MIC,1.0
1652477587,A,RSSI,75.0
1652477588,H,Temperature,22.82500076293945
1652477588,H,Humidity,39.79299926757813
1652477588,H,Pressure,101687.0
1652477588,H,Gas,3961.47705078125
1652477588,H,Accelerometer,0.0
1652477588,H,Light,2.0
1652477588,H,MIC,3.0
1652477588,H,RSSI,87.0
1652477589,D,Temperature,23.17499923706055
1652477589,D,Humidity,39.09400177001953
1652477589,D,Pressure,101693.0
1652477589,D,Gas,4035.806884765625
1652477589,D,Accelerometer,0.0
1652477589,D,Light,1.0
1652477589,D,MIC,3.0
1652477589,D,RSSI,60.0
1652477591,E,Temperature,22.19499969482422
1652477591,E,Humidity,41.38899993896485
1652477591,E,Pressure,101671.0
1652477591,E,Gas,4265.27490234375
1652477591,E,Accelerometer,0.0
1652477591,E,Light,1.0
1652477591,E,MIC,3.0
1652477591,E,RSSI,69.0
1652477594,F,Temperature,23.524999618530273
1652477594,F,Humidity,37.70299911499024
1652477594,F,Pressure,101702.0
1652477594,F,Gas,3119.577880859375
1652477594,F,Accelerometer,0.0
1652477594,F,Light,0.0
1652477594,F,MIC,2.0
1652477594,F,RSSI,91.0
1652477595,C,Temperature,23.05500030517578
1652477595,C,Humidity,40.52000045776367
1652477595,C,Pressure,101689.0
1652477595,C,Gas,1322.35205078125
1652477595,C,Accelerometer,0.0
1652477595,C,Light,0.0
1652477595,C,MIC,3.0
1652477595,C,RSSI,78.0
1652477596,B,Temperature,23.38500022888184
1652477596,B,Humidity,41.05199813842773
1652477596,B,Pressure,101630.0
1652477596,B,Gas,4459.8798828125
1652477596,B,Accelerometer,0.0
1652477596,B,Light,0.0
1652477596,B,MIC,3.0
1652477596,B,RSSI,95.0
1652477597,A,Temperature,23.354999542236328
1652477597,A,Humidity,39.43000030517578
1652477597,A,Pressure,101665.0
1652477597,A,Gas,1188.824951171875
1652477597,A,Accelerometer,0.0
1652477597,A,Light,0.0
1652477597,A,MIC,1.0
1652477597,A,RSSI,85.0
1652477597,H,Temperature,22.82500076293945
1652477597,H,Humidity,39.78799819946289
1652477597,H,Pressure,101689.0
1652477597,H,Gas,3945.7451171875
1652477597,H,Accelerometer,0.0
1652477597,H,Light,2.0
1652477597,H,MIC,3.0
1652477597,H,RSSI,87.0
1652477599,D,Temperature,23.165000915527344
1652477599,D,Humidity,39.10900115966797
1652477599,D,Pressure,101695.0
1652477599,D,Gas,4034.778076171875
1652477599,D,Accelerometer,0.0
1652477599,D,Light,1.0
1652477599,D,MIC,3.0
1652477599,D,RSSI,60.0
1652477601,E,Temperature,22.19499969482422
1652477601,E,Humidity,41.37200164794922
1652477601,E,Pressure,101671.0
1652477601,E,Gas,4272.23291015625
1652477601,E,Accelerometer,0.0
1652477601,E,Light,1.0
1652477601,E,MIC,3.0
1652477601,E,RSSI,69.0
1652477604,F,Temperature,23.53499984741211
1652477604,F,Humidity,37.678001403808594
1652477604,F,Pressure,101708.0
1652477604,F,Gas,3120.580078125
1652477604,F,Accelerometer,0.0
1652477604,F,Light,0.0
1652477604,F,MIC,3.0
1652477604,F,RSSI,91.0
1652477606,C,Temperature,23.05500030517578
1652477606,C,Humidity,40.55500030517578
1652477606,C,Pressure,101687.0
1652477606,C,Gas,1302.9720458984375
1652477606,C,Accelerometer,0.0
1652477606,C,Light,0.0
1652477606,C,MIC,3.0
1652477606,C,RSSI,78.0
1652477607,B,Temperature,23.375
1652477607,B,Humidity,41.07400131225586
1652477607,B,Pressure,101634.0
1652477607,B,Gas,4440.77099609375
1652477607,B,Accelerometer,0.0
1652477607,B,Light,0.0
1652477607,B,MIC,3.0
1652477607,B,RSSI,95.0
1652477607,A,Temperature,23.364999771118164
1652477607,A,Humidity,39.3759994506836
1652477607,A,Pressure,101667.0
1652477607,A,Gas,1197.9530029296875
1652477607,A,Accelerometer,0.0
1652477607,A,Light,0.0
1652477607,A,MIC,1.0
1652477607,A,RSSI,85.0
1652477608,H,Temperature,22.82500076293945
1652477608,H,Humidity,39.77399826049805
1652477608,H,Pressure,101687.0
1652477608,H,Gas,3952.64306640625
1652477608,H,Accelerometer,0.0
1652477608,H,Light,2.0
1652477608,H,MIC,3.0
1652477608,H,RSSI,87.0
1652477609,D,Temperature,23.17499923706055
1652477609,D,Humidity,39.09000015258789
1652477609,D,Pressure,101697.0
1652477609,D,Gas,4034.60595703125
1652477609,D,Accelerometer,0.0
1652477609,D,Light,1.0
1652477609,D,MIC,3.0
1652477609,D,RSSI,59.0
1652477611,E,Temperature,22.20499992370605
1652477611,E,Humidity,41.34199905395508
1652477611,E,Pressure,101673.0
1652477611,E,Gas,4269.326171875
1652477611,E,Accelerometer,0.0
1652477611,E,Light,1.0
1652477611,E,MIC,3.0
1652477611,E,RSSI,72.0
1652477614,F,Temperature,23.524999618530273
1652477614,F,Humidity,37.69900131225586
1652477614,F,Pressure,101706.0
1652477614,F,Gas,3120.757080078125
1652477614,F,Accelerometer,0.0
1652477614,F,Light,0.0
1652477614,F,MIC,3.0
1652477614,F,RSSI,91.0
1652477616,C,Temperature,23.07500076293945
1652477616,C,Humidity,40.53099822998047
1652477616,C,Pressure,101687.0
1652477616,C,Gas,1316.9100341796875
1652477616,C,Accelerometer,0.0
1652477616,C,Light,0.0
1652477616,C,MIC,3.0
1652477616,C,RSSI,78.0
1652477616,B,Temperature,23.375
1652477616,B,Humidity,41.0890007019043
1652477616,B,Pressure,101634.0
1652477616,B,Gas,4433.95703125
1652477616,B,Accelerometer,0.0
1652477616,B,Light,0.0
1652477616,B,MIC,3.0
1652477616,B,RSSI,95.0
1652477617,A,Temperature,23.364999771118164
1652477617,A,Humidity,39.39500045776367
1652477617,A,Pressure,101667.0
1652477617,A,Gas,1195.9210205078125
1652477617,A,Accelerometer,0.0
1652477617,A,Light,0.0
1652477617,A,MIC,1.0
1652477617,A,RSSI,85.0
1652477618,H,Temperature,22.82500076293945
1652477618,H,Humidity,39.77000045776367
1652477618,H,Pressure,101689.0
1652477618,H,Gas,3937.33203125
1652477618,H,Accelerometer,0.0
1652477618,H,Light,2.0
1652477618,H,MIC,3.0
1652477618,H,RSSI,87.0
1652477619,D,Temperature,23.17499923706055
1652477619,D,Humidity,39.040000915527344
1652477619,D,Pressure,101697.0
1652477619,D,Gas,4040.180908203125
1652477619,D,Accelerometer,0.0
1652477619,D,Light,1.0
1652477619,D,MIC,3.0
1652477619,D,RSSI,59.0
1652477621,E,Temperature,22.20499992370605
1652477621,E,Humidity,41.35599899291992
1652477621,E,Pressure,101671.0
1652477621,E,Gas,4275.25
1652477621,E,Accelerometer,0.0
1652477621,E,Light,1.0
1652477621,E,MIC,3.0
1652477621,E,RSSI,72.0
1652477623,F,Temperature,23.524999618530273
1652477623,F,Humidity,37.68600082397461
1652477623,F,Pressure,101704.0
1652477623,F,Gas,3118.597900390625
1652477623,F,Accelerometer,0.0
1652477623,F,Light,0.0
1652477623,F,MIC,3.0
1652477623,F,RSSI,91.0
1652477625,C,Temperature,23.07500076293945
1652477625,C,Humidity,40.50699996948242
1652477625,C,Pressure,101691.0
1652477625,C,Gas,1320.8570556640625
1652477625,C,Accelerometer,0.0
1652477625,C,Light,0.0
1652477625,C,MIC,3.0
1652477625,C,RSSI,76.0
1652477627,B,Temperature,23.375
1652477627,B,Humidity,41.10900115966797
1652477627,B,Pressure,101634.0
1652477627,B,Gas,4417.8759765625
1652477627,B,Accelerometer,0.0
1652477627,B,Light,0.0
1652477627,B,MIC,3.0
1652477627,B,RSSI,92.0
1652477627,A,Temperature,23.354999542236328
1652477627,A,Humidity,39.41699981689453
1652477627,A,Pressure,101669.0
1652477627,A,Gas,1190.7740478515625
1652477627,A,Accelerometer,0.0
1652477627,A,Light,0.0
1652477627,A,MIC,1.0
1652477627,A,RSSI,85.0
1652477627,H,Temperature,22.815000534057614
1652477627,H,Humidity,39.7859992980957
1652477627,H,Pressure,101689.0
1652477627,H,Gas,3943.68603515625
1652477627,H,Accelerometer,0.0
1652477627,H,Light,2.0
1652477627,H,MIC,3.0
1652477627,H,RSSI,87.0
1652477629,D,Temperature,23.17499923706055
1652477629,D,Humidity,39.06800079345703
1652477629,D,Pressure,101699.0
1652477629,D,Gas,4036.195068359375
1652477629,D,Accelerometer,0.0
1652477629,D,Light,1.0
1652477629,D,MIC,3.0
1652477629,D,RSSI,59.0
1652477631,E,Temperature,22.20499992370605
1652477631,E,Humidity,41.354000091552734
1652477631,E,Pressure,101673.0
1652477631,E,Gas,4281.63720703125
1652477631,E,Accelerometer,0.0
1652477631,E,Light,1.0
1652477631,E,MIC,3.0
1652477631,E,RSSI,72.0
1652477633,F,Temperature,23.524999618530273
1652477633,F,Humidity,37.6879997253418
1652477633,F,Pressure,101706.0
1652477633,F,Gas,3124.116943359375
1652477633,F,Accelerometer,0.0
1652477633,F,Light,0.0
1652477633,F,MIC,3.0
1652477633,F,RSSI,85.0
1652477635,C,Temperature,23.065000534057614
1652477635,C,Humidity,40.54600143432617
1652477635,C,Pressure,101691.0
1652477635,C,Gas,1324.5050048828125
1652477635,C,Accelerometer,0.0
1652477635,C,Light,0.0
1652477635,C,MIC,3.0
1652477635,C,RSSI,76.0
1652477637,B,Temperature,23.364999771118164
1652477637,B,Humidity,41.14400100708008
1652477637,B,Pressure,101632.0
1652477637,B,Gas,4397.7158203125
1652477637,B,Accelerometer,0.0
1652477637,B,Light,0.0
1652477637,B,MIC,3.0
1652477637,B,RSSI,92.0
1652477637,A,Temperature,23.354999542236328
1652477637,A,Humidity,39.42499923706055
1652477637,A,Pressure,101669.0
1652477637,A,Gas,1176.6529541015625
1652477637,A,Accelerometer,0.0
1652477637,A,Light,0.0
1652477637,A,MIC,1.0
1652477637,A,RSSI,85.0
1652477638,H,Temperature,22.815000534057614
1652477638,H,Humidity,39.7869987487793
1652477638,H,Pressure,101689.0
1652477638,H,Gas,3947.4951171875
1652477638,H,Accelerometer,0.0
1652477638,H,Light,2.0
1652477638,H,MIC,3.0
1652477638,H,RSSI,81.0
1652477639,D,Temperature,23.165000915527344
1652477639,D,Humidity,39.09700012207031
1652477639,D,Pressure,101699.0
1652477639,D,Gas,4026.6630859375
1652477639,D,Accelerometer,0.0
1652477639,D,Light,1.0
1652477639,D,MIC,3.0
1652477639,D,RSSI,59.0
1652477641,E,Temperature,22.19499969482422
1652477641,E,Humidity,41.38899993896485
1652477641,E,Pressure,101673.0
1652477641,E,Gas,4285.98876953125
1652477641,E,Accelerometer,0.0
1652477641,E,Light,1.0
1652477641,E,MIC,3.0
1652477641,E,RSSI,72.0
1652477644,F,Temperature,23.524999618530273
1652477644,F,Humidity,37.67200088500977
1652477644,F,Pressure,101706.0
1652477644,F,Gas,3128.7890625
1652477644,F,Accelerometer,0.0
1652477644,F,Light,0.0
1652477644,F,MIC,3.0
1652477644,F,RSSI,85.0
1652477645,C,Temperature,23.07500076293945
1652477645,C,Humidity,40.48899841308594
1652477645,C,Pressure,101691.0
1652477645,C,Gas,1311.3409423828125
1652477645,C,Accelerometer,0.0
1652477645,C,Light,0.0
1652477645,C,MIC,3.0
1652477645,C,RSSI,76.0
1652477647,B,Temperature,23.364999771118164
1652477647,B,Humidity,41.16600036621094
1652477647,B,Pressure,101632.0
1652477647,B,Gas,4394.22900390625
1652477647,B,Accelerometer,0.0
1652477647,B,Light,0.0
1652477647,B,MIC,3.0
1652477647,B,RSSI,92.0
1652477647,A,Temperature,23.354999542236328
1652477647,A,Humidity,39.400001525878906
1652477647,A,Pressure,101669.0
1652477647,A,Gas,1172.446044921875
1652477647,A,Accelerometer,0.0
1652477647,A,Light,0.0
1652477647,A,MIC,1.0
1652477647,A,RSSI,83.0
1652477648,H,Temperature,22.815000534057614
1652477648,H,Humidity,39.777000427246094
1652477648,H,Pressure,101687.0
1652477648,H,Gas,3958.455078125
1652477648,H,Accelerometer,0.0
1652477648,H,Light,2.0
1652477648,H,MIC,3.0
1652477648,H,RSSI,81.0
1652477649,D,Temperature,23.165000915527344
1652477649,D,Humidity,39.09500122070313
1652477649,D,Pressure,101695.0
1652477649,D,Gas,4031.174072265625
1652477649,D,Accelerometer,0.0
1652477649,D,Light,0.0
1652477649,D,MIC,3.0
1652477649,D,RSSI,62.0
1652477651,E,Temperature,22.184999465942386
1652477651,E,Humidity,41.402000427246094
1652477651,E,Pressure,101669.0
1652477651,E,Gas,4277.634765625
1652477651,E,Accelerometer,0.0
1652477651,E,Light,1.0
1652477651,E,MIC,3.0
1652477651,E,RSSI,72.0
1652477653,F,Temperature,23.524999618530273
1652477653,F,Humidity,37.69599914550781
1652477653,F,Pressure,101704.0
1652477653,F,Gas,3108.85595703125
1652477653,F,Accelerometer,0.0
1652477653,F,Light,0.0
1652477653,F,MIC,3.0
1652477653,F,RSSI,85.0
1652477656,C,Temperature,23.065000534057614
1652477656,C,Humidity,40.516998291015625
1652477656,C,Pressure,101691.0
1652477656,C,Gas,1320.0150146484375
1652477656,C,Accelerometer,0.0
1652477656,C,Light,0.0
1652477656,C,MIC,3.0
1652477656,C,RSSI,76.0
1652477657,B,Temperature,23.375
1652477657,B,Humidity,41.14799880981445
1652477657,B,Pressure,101634.0
1652477657,B,Gas,4378.7900390625
1652477657,B,Accelerometer,0.0
1652477657,B,Light,0.0
1652477657,B,MIC,3.0
1652477657,B,RSSI,92.0
1652477657,A,Temperature,23.354999542236328
1652477657,A,Humidity,39.400001525878906
1652477657,A,Pressure,101667.0
1652477657,A,Gas,1180.427978515625
1652477657,A,Accelerometer,0.0
1652477657,A,Light,0.0
1652477657,A,MIC,1.0
1652477657,A,RSSI,83.0
1652477659,H,Temperature,22.815000534057614
1652477659,H,Humidity,39.79899978637695
1652477659,H,Pressure,101691.0
1652477659,H,Gas,3963.94091796875
1652477659,H,Accelerometer,0.0
1652477659,H,Light,2.0
1652477659,H,MIC,3.0
1652477659,H,RSSI,81.0
1652477659,D,Temperature,23.165000915527344
1652477659,D,Humidity,39.08700180053711
1652477659,D,Pressure,101695.0
1652477659,D,Gas,4026.513916015625
1652477659,D,Accelerometer,0.0
1652477659,D,Light,1.0
1652477659,D,MIC,3.0
1652477659,D,RSSI,62.0
1652477661,E,Temperature,22.19499969482422
1652477661,E,Humidity,41.3849983215332
1652477661,E,Pressure,101671.0
1652477661,E,Gas,4280.0380859375
1652477661,E,Accelerometer,0.0
1652477661,E,Light,1.0
1652477661,E,MIC,3.0
1652477661,E,RSSI,68.0
1652477664,F,Temperature,23.524999618530273
1652477664,F,Humidity,37.68999862670898
1652477664,F,Pressure,101704.0
1652477664,F,Gas,3117.346923828125
1652477664,F,Accelerometer,0.0
1652477664,F,Light,0.0
1652477664,F,MIC,3.0
1652477664,F,RSSI,85.0
1652477666,C,Temperature,23.03499984741211
1652477666,C,Humidity,40.60599899291992
1652477666,C,Pressure,101687.0
1652477666,C,Gas,1317.324951171875
1652477666,C,Accelerometer,0.0
1652477666,C,Light,0.0
1652477666,C,MIC,3.0
1652477666,C,RSSI,76.0
1652477667,B,Temperature,23.375
1652477667,B,Humidity,41.111000061035156
1652477667,B,Pressure,101634.0
1652477667,B,Gas,4370.59814453125
1652477667,B,Accelerometer,0.0
1652477667,B,Light,0.0
1652477667,B,MIC,3.0
1652477667,B,RSSI,92.0
1652477667,A,Temperature,23.354999542236328
1652477667,A,Humidity,39.41999816894531
1652477667,A,Pressure,101665.0
1652477667,A,Gas,1170.4420166015625
1652477667,A,Accelerometer,0.0
1652477667,A,Light,0.0
1652477667,A,MIC,1.0
1652477667,A,RSSI,83.0
1652477668,H,Temperature,22.80500030517578
1652477668,H,Humidity,39.79299926757813
1652477668,H,Pressure,101687.0
1652477668,H,Gas,3963.4150390625
1652477668,H,Accelerometer,0.0
1652477668,H,Light,2.0
1652477668,H,MIC,3.0
1652477668,H,RSSI,81.0
1652477669,D,Temperature,23.165000915527344
1652477669,D,Humidity,39.10300064086914
1652477669,D,Pressure,101695.0
1652477669,D,Gas,4027.299072265625
1652477669,D,Accelerometer,0.0
1652477669,D,Light,1.0
1652477669,D,MIC,3.0
1652477669,D,RSSI,62.0
1652477671,E,Temperature,22.184999465942386
1652477671,E,Humidity,41.39699935913086
1652477671,E,Pressure,101669.0
1652477671,E,Gas,4282.0859375
1652477671,E,Accelerometer,0.0
1652477671,E,Light,1.0
1652477671,E,MIC,3.0
1652477671,E,RSSI,68.0
1652477674,F,Temperature,23.524999618530273
1652477674,F,Humidity,37.69300079345703
1652477674,F,Pressure,101704.0
1652477674,F,Gas,3109.736083984375
1652477674,F,Accelerometer,0.0
1652477674,F,Light,0.0
1652477674,F,MIC,3.0
1652477674,F,RSSI,85.0
1652477678,B,Temperature,23.375
1652477678,B,Humidity,41.12900161743164
1652477678,B,Pressure,101632.0
1652477678,B,Gas,4374.48388671875
1652477678,B,Accelerometer,0.0
1652477678,B,Light,0.0
1652477678,B,MIC,3.0
1652477678,B,RSSI,93.0
1652477678,A,Temperature,23.354999542236328
1652477678,A,Humidity,39.39899826049805
1652477678,A,Pressure,101665.0
1652477678,A,Gas,1163.1070556640625
1652477678,A,Accelerometer,0.0
1652477678,A,Light,0.0
1652477678,A,MIC,1.0
1652477678,A,RSSI,83.0
1652477680,D,Temperature,23.17499923706055
1652477680,D,Humidity,39.07600021362305
1652477680,D,Pressure,101695.0
1652477680,D,Gas,4042.970947265625
1652477680,D,Accelerometer,0.0
1652477680,D,Light,1.0
1652477680,D,MIC,3.0
1652477680,D,RSSI,62.0
1652477680,C,Temperature,23.05500030517578
1652477680,C,Humidity,40.553001403808594
1652477680,C,Pressure,101685.0
1652477680,C,Gas,1306.18798828125
1652477680,C,Accelerometer,0.0
1652477680,C,Light,0.0
1652477680,C,MIC,3.0
1652477680,C,RSSI,76.0
1652477680,H,Temperature,22.80500030517578
1652477680,H,Humidity,39.77899932861328
1652477680,H,Pressure,101685.0
1652477680,H,Gas,3978.35498046875
1652477680,H,Accelerometer,0.0
1652477680,H,Light,2.0
1652477680,H,MIC,3.0
1652477680,H,RSSI,81.0
1652477682,E,Temperature,22.174999237060547
1652477682,E,Humidity,41.43899917602539
1652477682,E,Pressure,101669.0
1652477682,E,Gas,4293.4501953125
1652477682,E,Accelerometer,0.0
1652477682,E,Light,1.0
1652477682,E,MIC,3.0
1652477682,E,RSSI,68.0
1652477684,F,Temperature,23.51499938964844
1652477684,F,Humidity,37.7130012512207
1652477684,F,Pressure,101702.0
1652477684,F,Gas,3105.656005859375
1652477684,F,Accelerometer,0.0
1652477684,F,Light,0.0
1652477684,F,MIC,3.0
1652477684,F,RSSI,92.0
1652477685,C,Temperature,23.065000534057614
1652477685,C,Humidity,40.50299835205078
1652477685,C,Pressure,101685.0
1652477685,C,Gas,1307.9320068359375
1652477685,C,Accelerometer,0.0
1652477685,C,Light,0.0
1652477685,C,MIC,3.0
1652477685,C,RSSI,74.0
1652477687,B,Temperature,23.375
1652477687,B,Humidity,41.12099838256836
1652477687,B,Pressure,101632.0
1652477687,B,Gas,4369.1591796875
1652477687,B,Accelerometer,0.0
1652477687,B,Light,0.0
1652477687,B,MIC,3.0
1652477687,B,RSSI,93.0
1652477687,A,Temperature,23.34499931335449
1652477687,A,Humidity,39.41799926757813
1652477687,A,Pressure,101665.0
1652477687,A,Gas,1170.3590087890625
1652477687,A,Accelerometer,0.0
1652477687,A,Light,0.0
1652477687,A,MIC,1.0
1652477687,A,RSSI,83.0
1652477688,H,Temperature,22.80500030517578
1652477688,H,Humidity,39.79499816894531
1652477688,H,Pressure,101685.0
1652477688,H,Gas,3991.14697265625
1652477688,H,Accelerometer,0.0
1652477688,H,Light,2.0
1652477688,H,MIC,3.0
1652477688,H,RSSI,81.0
1652477690,D,Temperature,23.17499923706055
1652477690,D,Humidity,39.09400177001953
1652477690,D,Pressure,101693.0
1652477690,D,Gas,4041.951904296875
1652477690,D,Accelerometer,0.0
1652477690,D,Light,1.0
1652477690,D,MIC,3.0
1652477690,D,RSSI,62.0
1652477691,E,Temperature,22.184999465942386
1652477691,E,Humidity,41.44200134277344
1652477691,E,Pressure,101669.0
1652477691,E,Gas,4285.52880859375
1652477691,E,Accelerometer,0.0
1652477691,E,Light,1.0
1652477691,E,MIC,3.0
1652477691,E,RSSI,68.0
1652477693,F,Temperature,23.51499938964844
1652477693,F,Humidity,37.71500015258789
1652477693,F,Pressure,101704.0
1652477693,F,Gas,3103.458984375
1652477693,F,Accelerometer,0.0
1652477693,F,Light,0.0
1652477693,F,MIC,3.0
1652477693,F,RSSI,92.0
1652477695,C,Temperature,23.065000534057614
1652477695,C,Humidity,40.54700088500977
1652477695,C,Pressure,101687.0
1652477695,C,Gas,1299.594970703125
1652477695,C,Accelerometer,0.0
1652477695,C,Light,0.0
1652477695,C,MIC,3.0
1652477695,C,RSSI,74.0
1652477697,B,Temperature,23.375
1652477697,B,Humidity,41.09600067138672
1652477697,B,Pressure,101634.0
1652477697,B,Gas,4370.14990234375
1652477697,B,Accelerometer,0.0
1652477697,B,Light,0.0
1652477697,B,MIC,3.0
1652477697,B,RSSI,93.0
1652477698,A,Temperature,23.34499931335449
1652477698,A,Humidity,39.4119987487793
1652477698,A,Pressure,101663.0
1652477698,A,Gas,1171.1500244140625
1652477698,A,Accelerometer,0.0
1652477698,A,Light,0.0
1652477698,A,MIC,1.0
1652477698,A,RSSI,83.0
1652477698,H,Temperature,22.80500030517578
1652477698,H,Humidity,39.8129997253418
1652477698,H,Pressure,101687.0
1652477698,H,Gas,4012.39208984375
1652477698,H,Accelerometer,0.0
1652477698,H,Light,2.0
1652477698,H,MIC,3.0
1652477698,H,RSSI,90.0
1652477700,D,Temperature,23.165000915527344
1652477700,D,Humidity,39.124000549316406
1652477700,D,Pressure,101695.0
1652477700,D,Gas,4034.656005859375
1652477700,D,Accelerometer,0.0
1652477700,D,Light,1.0
1652477700,D,MIC,3.0
1652477700,D,RSSI,62.0
1652477701,E,Temperature,22.174999237060547
1652477701,E,Humidity,41.448001861572266
1652477701,E,Pressure,101669.0
1652477701,E,Gas,4286.0830078125
1652477701,E,Accelerometer,0.0
1652477701,E,Light,1.0
1652477701,E,MIC,3.0
1652477701,E,RSSI,68.0
1652477703,F,Temperature,23.524999618530273
1652477703,F,Humidity,37.70500183105469
1652477703,F,Pressure,101704.0
1652477703,F,Gas,3112.7470703125
1652477703,F,Accelerometer,0.0
1652477703,F,Light,0.0
1652477703,F,MIC,3.0
1652477703,F,RSSI,92.0
1652477706,C,Temperature,23.05500030517578
1652477706,C,Humidity,40.56800079345703
1652477706,C,Pressure,101687.0
1652477706,C,Gas,1292.7919921875
1652477706,C,Accelerometer,0.0
1652477706,C,Light,0.0
1652477706,C,MIC,3.0
1652477706,C,RSSI,74.0
1652477707,B,Temperature,23.375
1652477707,B,Humidity,41.05699920654297
1652477707,B,Pressure,101632.0
1652477707,B,Gas,4368.77685546875
1652477707,B,Accelerometer,0.0
1652477707,B,Light,0.0
1652477707,B,MIC,3.0
1652477707,B,RSSI,93.0
1652477707,A,Temperature,23.34499931335449
1652477707,A,Humidity,39.43999862670898
1652477707,A,Pressure,101665.0
1652477707,A,Gas,1179.8580322265625
1652477707,A,Accelerometer,0.0
1652477707,A,Light,0.0
1652477707,A,MIC,1.0
1652477707,A,RSSI,83.0
1652477708,H,Temperature,22.80500030517578
1652477708,H,Humidity,39.8120002746582
1652477708,H,Pressure,101689.0
1652477708,H,Gas,4027.64306640625
1652477708,H,Accelerometer,0.0
1652477708,H,Light,2.0
1652477708,H,MIC,3.0
1652477708,H,RSSI,90.0
1652477710,D,Temperature,23.165000915527344
1652477710,D,Humidity,39.11899948120117
1652477710,D,Pressure,101695.0
1652477710,D,Gas,4033.698974609375
1652477710,D,Accelerometer,0.0
1652477710,D,Light,1.0
1652477710,D,MIC,3.0
1652477710,D,RSSI,53.0
1652477712,E,Temperature,22.184999465942386
1652477712,E,Humidity,41.42399978637695
1652477712,E,Pressure,101669.0
1652477712,E,Gas,4293.03515625
1652477712,E,Accelerometer,0.0
1652477712,E,Light,1.0
1652477712,E,MIC,3.0
1652477712,E,RSSI,60.0
1652477714,F,Temperature,23.524999618530273
1652477714,F,Humidity,37.70299911499024
1652477714,F,Pressure,101704.0
1652477714,F,Gas,3105.008056640625
1652477714,F,Accelerometer,0.0
1652477714,F,Light,0.0
1652477714,F,MIC,3.0
1652477714,F,RSSI,92.0
1652477716,C,Temperature,23.065000534057614
1652477716,C,Humidity,40.51100158691406
1652477716,C,Pressure,101685.0
1652477716,C,Gas,1307.843017578125
1652477716,C,Accelerometer,0.0
1652477716,C,Light,0.0
1652477716,C,MIC,3.0
1652477716,C,RSSI,74.0
1652477717,B,Temperature,23.375
1652477717,B,Humidity,41.08599853515625
1652477717,B,Pressure,101632.0
1652477717,B,Gas,4366.7177734375
1652477717,B,Accelerometer,0.0
1652477717,B,Light,0.0
1652477717,B,MIC,3.0
1652477717,B,RSSI,93.0
1652477717,A,Temperature,23.34499931335449
1652477717,A,Humidity,39.441001892089844
1652477717,A,Pressure,101665.0
1652477717,A,Gas,1175.262939453125
1652477717,A,Accelerometer,0.0
1652477717,A,Light,0.0
1652477717,A,MIC,1.0
1652477717,A,RSSI,83.0
1652477718,H,Temperature,22.80500030517578
1652477718,H,Humidity,39.79700088500977
1652477718,H,Pressure,101687.0
1652477718,H,Gas,4031.385009765625
1652477718,H,Accelerometer,0.0
1652477718,H,Light,2.0
1652477718,H,MIC,3.0
1652477718,H,RSSI,90.0
1652477720,D,Temperature,23.15500068664551
1652477720,D,Humidity,39.141998291015625
1652477720,D,Pressure,101695.0
1652477720,D,Gas,4036.178955078125
1652477720,D,Accelerometer,0.0
1652477720,D,Light,0.0
1652477720,D,MIC,3.0
1652477720,D,RSSI,53.0
1652477722,E,Temperature,22.184999465942386
1652477722,E,Humidity,41.43600082397461
1652477722,E,Pressure,101669.0
1652477722,E,Gas,4283.923828125
1652477722,E,Accelerometer,0.0
1652477722,E,Light,1.0
1652477722,E,MIC,3.0
1652477722,E,RSSI,60.0
1652477724,F,Temperature,23.51499938964844
1652477724,F,Humidity,37.73500061035156
1652477724,F,Pressure,101704.0
1652477724,F,Gas,3106.08203125
1652477724,F,Accelerometer,0.0
1652477724,F,Light,0.0
1652477724,F,MIC,3.0
1652477724,F,RSSI,92.0
1652477726,C,Temperature,23.045000076293945
1652477726,C,Humidity,40.5629997253418
1652477726,C,Pressure,101687.0
1652477726,C,Gas,1291.2919921875
1652477726,C,Accelerometer,0.0
1652477726,C,Light,0.0
1652477726,C,MIC,3.0
1652477726,C,RSSI,82.0
1652477728,H,Temperature,22.80500030517578
1652477728,H,Humidity,39.78499984741211
1652477728,H,Pressure,101687.0
1652477728,H,Gas,4056.510009765625
1652477728,H,Accelerometer,0.0
1652477728,H,Light,2.0
1652477728,H,MIC,2.0
1652477728,H,RSSI,90.0
1652477729,B,Temperature,23.375
1652477729,B,Humidity,41.125
1652477729,B,Pressure,101632.0
1652477729,B,Gas,4368.34521484375
1652477729,B,Accelerometer,0.0
1652477729,B,Light,0.0
1652477729,B,MIC,3.0
1652477729,B,RSSI,89.0
1652477729,A,Temperature,23.34499931335449
1652477729,A,Humidity,39.43000030517578
1652477729,A,Pressure,101667.0
1652477729,A,Gas,1169.905029296875
1652477729,A,Accelerometer,0.0
1652477729,A,Light,0.0
1652477729,A,MIC,1.0
1652477729,A,RSSI,83.0
1652477730,D,Temperature,23.15500068664551
1652477730,D,Humidity,39.16699981689453
1652477730,D,Pressure,101695.0
1652477730,D,Gas,4033.18896484375
1652477730,D,Accelerometer,0.0
1652477730,D,Light,1.0
1652477730,D,MIC,3.0
1652477730,D,RSSI,53.0
1652477732,E,Temperature,22.184999465942386
1652477732,E,Humidity,41.430999755859375
1652477732,E,Pressure,101669.0
1652477732,E,Gas,4286.326171875
1652477732,E,Accelerometer,0.0
1652477732,E,Light,1.0
1652477732,E,MIC,3.0
1652477732,E,RSSI,60.0
1652477734,F,Temperature,23.5049991607666
1652477734,F,Humidity,37.76399993896485
1652477734,F,Pressure,101700.0
1652477734,F,Gas,3115.10009765625
1652477734,F,Accelerometer,0.0
1652477734,F,Light,0.0
1652477734,F,MIC,3.0
1652477734,F,RSSI,92.0
1652477736,C,Temperature,23.05500030517578
1652477736,C,Humidity,40.57600021362305
1652477736,C,Pressure,101687.0
1652477736,C,Gas,1297.4749755859375
1652477736,C,Accelerometer,0.0
1652477736,C,Light,0.0
1652477736,C,MIC,3.0
1652477736,C,RSSI,82.0
1652477737,B,Temperature,23.364999771118164
1652477737,B,Humidity,41.15299987792969
1652477737,B,Pressure,101628.0
1652477737,B,Gas,4366.69580078125
1652477737,B,Accelerometer,0.0
1652477737,B,Light,0.0
1652477737,B,MIC,3.0
1652477737,B,RSSI,89.0
1652477738,A,Temperature,23.34499931335449
1652477738,A,Humidity,39.448001861572266
1652477738,A,Pressure,101665.0
1652477738,A,Gas,1179.60302734375
1652477738,A,Accelerometer,0.0
1652477738,A,Light,0.0
1652477738,A,MIC,1.0
1652477738,A,RSSI,83.0
1652477738,H,Temperature,22.815000534057614
1652477738,H,Humidity,39.76900100708008
1652477738,H,Pressure,101683.0
1652477738,H,Gas,4077.257080078125
1652477738,H,Accelerometer,0.0
1652477738,H,Light,2.0
1652477738,H,MIC,2.0
1652477738,H,RSSI,90.0
1652477740,D,Temperature,23.165000915527344
1652477740,D,Humidity,39.150001525878906
1652477740,D,Pressure,101695.0
1652477740,D,Gas,4027.85302734375
1652477740,D,Accelerometer,0.0
1652477740,D,Light,1.0
1652477740,D,MIC,3.0
1652477740,D,RSSI,53.0
1652477742,E,Temperature,22.184999465942386
1652477742,E,Humidity,41.43600082397461
1652477742,E,Pressure,101669.0
1652477742,E,Gas,4285.73388671875
1652477742,E,Accelerometer,0.0
1652477742,E,Light,1.0
1652477742,E,MIC,3.0
1652477742,E,RSSI,60.0
1652477746,C,Temperature,23.07500076293945
1652477746,C,Humidity,40.5369987487793
1652477746,C,Pressure,101685.0
1652477746,C,Gas,1304.4720458984375
1652477746,C,Accelerometer,0.0
1652477746,C,Light,0.0
1652477746,C,MIC,3.0
1652477746,C,RSSI,82.0
1652477747,B,Temperature,23.364999771118164
1652477747,B,Humidity,41.16699981689453
1652477747,B,Pressure,101628.0
1652477747,B,Gas,4358.048828125
1652477747,B,Accelerometer,0.0
1652477747,B,Light,0.0
1652477747,B,MIC,3.0
1652477747,B,RSSI,89.0
1652477748,A,Temperature,23.334999084472656
1652477748,A,Humidity,39.4370002746582
1652477748,A,Pressure,101661.0
1652477748,A,Gas,1190.2979736328125
1652477748,A,Accelerometer,0.0
1652477748,A,Light,0.0
1652477748,A,MIC,1.0
1652477748,A,RSSI,75.0
1652477748,H,Temperature,22.80500030517578
1652477748,H,Humidity,39.80699920654297
1652477748,H,Pressure,101685.0
1652477748,H,Gas,4077.19091796875
1652477748,H,Accelerometer,0.0
1652477748,H,Light,2.0
1652477748,H,MIC,2.0
1652477748,H,RSSI,90.0
1652477750,D,Temperature,23.15500068664551
1652477750,D,Humidity,39.16299819946289
1652477750,D,Pressure,101693.0
1652477750,D,Gas,4028.511962890625
1652477750,D,Accelerometer,0.0
1652477750,D,Light,1.0
1652477750,D,MIC,3.0
1652477750,D,RSSI,53.0
1652477752,E,Temperature,22.184999465942386
1652477752,E,Humidity,41.41799926757813
1652477752,E,Pressure,101667.0
1652477752,E,Gas,4287.35595703125
1652477752,E,Accelerometer,0.0
1652477752,E,Light,1.0
1652477752,E,MIC,3.0
1652477752,E,RSSI,60.0
1652477756,C,Temperature,23.084999084472656
1652477756,C,Humidity,40.49499893188477
1652477756,C,Pressure,101683.0
1652477756,C,Gas,1300.906982421875
1652477756,C,Accelerometer,0.0
1652477756,C,Light,0.0
1652477756,C,MIC,3.0
1652477756,C,RSSI,82.0
1652477757,B,Temperature,23.354999542236328
1652477757,B,Humidity,41.22200012207031
1652477757,B,Pressure,101626.0
1652477757,B,Gas,4339.02880859375
1652477757,B,Accelerometer,0.0
1652477757,B,Light,0.0
1652477757,B,MIC,3.0
1652477757,B,RSSI,89.0
1652477758,A,Temperature,23.334999084472656
1652477758,A,Humidity,39.41999816894531
1652477758,A,Pressure,101661.0
1652477758,A,Gas,1187.5799560546875
1652477758,A,Accelerometer,0.0
1652477758,A,Light,0.0
1652477758,A,MIC,1.0
1652477758,A,RSSI,75.0
1652477758,H,Temperature,22.815000534057614
1652477758,H,Humidity,39.79800033569336
1652477758,H,Pressure,101685.0
1652477758,H,Gas,4081.0380859375
1652477758,H,Accelerometer,0.0
1652477758,H,Light,2.0
1652477758,H,MIC,2.0
1652477758,H,RSSI,90.0
1652477760,D,Temperature,23.15500068664551
1652477760,D,Humidity,39.1510009765625
1652477760,D,Pressure,101693.0
1652477760,D,Gas,4031.76708984375
1652477760,D,Accelerometer,0.0
1652477760,D,Light,0.0
1652477760,D,MIC,3.0
1652477760,D,RSSI,60.0
1652477762,E,Temperature,22.174999237060547
1652477762,E,Humidity,41.45100021362305
1652477762,E,Pressure,101667.0
1652477762,E,Gas,4285.5341796875
1652477762,E,Accelerometer,0.0
1652477762,E,Light,1.0
1652477762,E,MIC,3.0
1652477762,E,RSSI,70.0
1652477766,C,Temperature,23.084999084472656
1652477766,C,Humidity,40.50299835205078
1652477766,C,Pressure,101683.0
1652477766,C,Gas,1285.967041015625
1652477766,C,Accelerometer,0.0
1652477766,C,Light,0.0
1652477766,C,MIC,3.0
1652477766,C,RSSI,82.0
1652477768,H,Temperature,22.80500030517578
1652477768,H,Humidity,39.82600021362305
1652477768,H,Pressure,101685.0
1652477768,H,Gas,4089.993896484375
1652477768,H,Accelerometer,0.0
1652477768,H,Light,2.0
1652477768,H,MIC,2.0
1652477768,H,RSSI,90.0
1652477770,D,Temperature,23.15500068664551
1652477770,D,Humidity,39.12300109863281
1652477770,D,Pressure,101693.0
1652477770,D,Gas,4035.819091796875
1652477770,D,Accelerometer,0.0
1652477770,D,Light,1.0
1652477770,D,MIC,3.0
1652477770,D,RSSI,60.0
1652477770,B,Temperature,23.354999542236328
1652477770,B,Humidity,41.22200012207031
1652477770,B,Pressure,101626.0
1652477770,B,Gas,4340.19189453125
1652477770,B,Accelerometer,0.0
1652477770,B,Light,0.0
1652477770,B,MIC,3.0
1652477770,B,RSSI,89.0
1652477771,A,Temperature,23.334999084472656
1652477771,A,Humidity,39.40499877929688
1652477771,A,Pressure,101663.0
1652477771,A,Gas,1204.501953125
1652477771,A,Accelerometer,0.0
1652477771,A,Light,0.0
1652477771,A,MIC,1.0
1652477771,A,RSSI,75.0
1652477772,E,Temperature,22.184999465942386
1652477772,E,Humidity,41.42399978637695
1652477772,E,Pressure,101665.0
1652477772,E,Gas,4282.5068359375
1652477772,E,Accelerometer,0.0
1652477772,E,Light,1.0
1652477772,E,MIC,3.0
1652477772,E,RSSI,70.0
1652477776,C,Temperature,23.084999084472656
1652477776,C,Humidity,40.48699951171875
1652477776,C,Pressure,101681.0
1652477776,C,Gas,1286.9969482421875
1652477776,C,Accelerometer,0.0
1652477776,C,Light,0.0
1652477776,C,MIC,3.0
1652477776,C,RSSI,78.0
1652477777,B,Temperature,23.354999542236328
1652477777,B,Humidity,41.20299911499024
1652477777,B,Pressure,101628.0
1652477777,B,Gas,4333.23876953125
1652477777,B,Accelerometer,0.0
1652477777,B,Light,0.0
1652477777,B,MIC,3.0
1652477777,B,RSSI,94.0
1652477778,A,Temperature,23.334999084472656
1652477778,A,Humidity,39.39799880981445
1652477778,A,Pressure,101665.0
1652477778,A,Gas,1194.365966796875
1652477778,A,Accelerometer,0.0
1652477778,A,Light,0.0
1652477778,A,MIC,1.0
1652477778,A,RSSI,75.0
1652477778,H,Temperature,22.795000076293945
1652477778,H,Humidity,39.85200119018555
1652477778,H,Pressure,101681.0
1652477778,H,Gas,4092.297119140625
1652477778,H,Accelerometer,0.0
1652477778,H,Light,2.0
1652477778,H,MIC,2.0
1652477778,H,RSSI,90.0
1652477780,D,Temperature,23.165000915527344
1652477780,D,Humidity,39.099998474121094
1652477780,D,Pressure,101691.0
1652477780,D,Gas,4043.180908203125
1652477780,D,Accelerometer,0.0
1652477780,D,Light,1.0
1652477780,D,MIC,3.0
1652477780,D,RSSI,60.0
1652477782,E,Temperature,22.184999465942386
1652477782,E,Humidity,41.43199920654297
1652477782,E,Pressure,101667.0
1652477782,E,Gas,4279.30712890625
1652477782,E,Accelerometer,0.0
1652477782,E,Light,1.0
1652477782,E,MIC,3.0
1652477782,E,RSSI,70.0
1652477786,C,Temperature,23.114999771118164
1652477786,C,Humidity,40.42900085449219
1652477786,C,Pressure,101685.0
1652477786,C,Gas,1297.281005859375
1652477786,C,Accelerometer,0.0
1652477786,C,Light,0.0
1652477786,C,MIC,3.0
1652477786,C,RSSI,78.0
1652477787,B,Temperature,23.34499931335449
1652477787,B,Humidity,41.2239990234375
1652477787,B,Pressure,101626.0
1652477787,B,Gas,4331.21923828125
1652477787,B,Accelerometer,0.0
1652477787,B,Light,0.0
1652477787,B,MIC,3.0
1652477787,B,RSSI,94.0
1652477788,A,Temperature,23.334999084472656
1652477788,A,Humidity,39.4379997253418
1652477788,A,Pressure,101663.0
1652477788,A,Gas,1202.697021484375
1652477788,A,Accelerometer,0.0
1652477788,A,Light,0.0
1652477788,A,MIC,1.0
1652477788,A,RSSI,75.0
1652477788,H,Temperature,22.795000076293945
1652477788,H,Humidity,39.86999893188477
1652477788,H,Pressure,101687.0
1652477788,H,Gas,4076.443115234375
1652477788,H,Accelerometer,0.0
1652477788,H,Light,2.0
1652477788,H,MIC,2.0
1652477788,H,RSSI,89.0
1652477790,D,Temperature,23.15500068664551
1652477790,D,Humidity,39.13899993896485
1652477790,D,Pressure,101691.0
1652477790,D,Gas,4039.677001953125
1652477790,D,Accelerometer,0.0
1652477790,D,Light,1.0
1652477790,D,MIC,3.0
1652477790,D,RSSI,60.0
1652477792,E,Temperature,22.184999465942386
1652477792,E,Humidity,41.4370002746582
1652477792,E,Pressure,101667.0
1652477792,E,Gas,4276.251953125
1652477792,E,Accelerometer,0.0
1652477792,E,Light,1.0
1652477792,E,MIC,3.0
1652477792,E,RSSI,70.0
1652477794,F,Temperature,23.51499938964844
1652477794,F,Humidity,37.75500106811523
1652477794,F,Pressure,101702.0
1652477794,F,Gas,3115.77490234375
1652477794,F,Accelerometer,0.0
1652477794,F,Light,0.0
1652477794,F,MIC,3.0
1652477794,F,RSSI,92.0
1652477796,C,Temperature,23.104999542236328
1652477796,C,Humidity,40.45100021362305
1652477796,C,Pressure,101683.0
1652477796,C,Gas,1300.5419921875
1652477796,C,Accelerometer,0.0
1652477796,C,Light,0.0
1652477796,C,MIC,3.0
1652477796,C,RSSI,78.0
1652477797,B,Temperature,23.34499931335449
1652477797,B,Humidity,41.20199966430664
1652477797,B,Pressure,101626.0
1652477797,B,Gas,4324.44921875
1652477797,B,Accelerometer,0.0
1652477797,B,Light,0.0
1652477797,B,MIC,3.0
1652477797,B,RSSI,94.0
1652477799,H,Temperature,22.795000076293945
1652477799,H,Humidity,39.854000091552734
1652477799,H,Pressure,101685.0
1652477799,H,Gas,4073.669921875
1652477799,H,Accelerometer,0.0
1652477799,H,Light,2.0
1652477799,H,MIC,2.0
1652477799,H,RSSI,89.0
1652477800,D,Temperature,23.15500068664551
1652477800,D,Humidity,39.1619987487793
1652477800,D,Pressure,101693.0
1652477800,D,Gas,4033.23388671875
1652477800,D,Accelerometer,0.0
1652477800,D,Light,1.0
1652477800,D,MIC,3.0
1652477800,D,RSSI,83.0
1652477800,A,Temperature,23.34499931335449
1652477800,A,Humidity,39.41400146484375
1652477800,A,Pressure,101663.0
1652477800,A,Gas,1211.1719970703125
1652477800,A,Accelerometer,0.0
1652477800,A,Light,0.0
1652477800,A,MIC,1.0
1652477800,A,RSSI,83.0
1652477802,E,Temperature,22.174999237060547
1652477802,E,Humidity,41.459999084472656
1652477802,E,Pressure,101667.0
1652477802,E,Gas,4288.02587890625
1652477802,E,Accelerometer,0.0
1652477802,E,Light,1.0
1652477802,E,MIC,3.0
1652477802,E,RSSI,70.0
1652477805,F,Temperature,23.51499938964844
1652477805,F,Humidity,37.7239990234375
1652477805,F,Pressure,101704.0
1652477805,F,Gas,3122.306884765625
1652477805,F,Accelerometer,0.0
1652477805,F,Light,0.0
1652477805,F,MIC,3.0
1652477805,F,RSSI,92.0
1652477806,C,Temperature,23.114999771118164
1652477806,C,Humidity,40.39899826049805
1652477806,C,Pressure,101685.0
1652477806,C,Gas,1311.43603515625
1652477806,C,Accelerometer,0.0
1652477806,C,Light,0.0
1652477806,C,MIC,3.0
1652477806,C,RSSI,78.0
1652477807,B,Temperature,23.354999542236328
1652477807,B,Humidity,41.16799926757813
1652477807,B,Pressure,101630.0
1652477807,B,Gas,4328.8388671875
1652477807,B,Accelerometer,0.0
1652477807,B,Light,0.0
1652477807,B,MIC,3.0
1652477807,B,RSSI,94.0
1652477808,H,Temperature,22.795000076293945
1652477808,H,Humidity,39.861000061035156
1652477808,H,Pressure,101687.0
1652477808,H,Gas,4060.971923828125
1652477808,H,Accelerometer,0.0
1652477808,H,Light,2.0
1652477808,H,MIC,2.0
1652477808,H,RSSI,89.0
1652477808,A,Temperature,23.34499931335449
1652477808,A,Humidity,39.41400146484375
1652477808,A,Pressure,101663.0
1652477808,A,Gas,1216.656982421875
1652477808,A,Accelerometer,0.0
1652477808,A,Light,0.0
1652477808,A,MIC,1.0
1652477808,A,RSSI,83.0
1652477810,D,Temperature,23.15500068664551
1652477810,D,Humidity,39.13999938964844
1652477810,D,Pressure,101693.0
1652477810,D,Gas,4026.486083984375
1652477810,D,Accelerometer,0.0
1652477810,D,Light,1.0
1652477810,D,MIC,3.0
1652477810,D,RSSI,83.0
1652477812,E,Temperature,22.184999465942386
1652477812,E,Humidity,41.428001403808594
1652477812,E,Pressure,101667.0
1652477812,E,Gas,4280.0322265625
1652477812,E,Accelerometer,0.0
1652477812,E,Light,1.0
1652477812,E,MIC,3.0
1652477812,E,RSSI,70.0
1652477814,F,Temperature,23.5049991607666
1652477814,F,Humidity,37.75400161743164
1652477814,F,Pressure,101702.0
1652477814,F,Gas,3121.930908203125
1652477814,F,Accelerometer,0.0
1652477814,F,Light,0.0
1652477814,F,MIC,3.0
1652477814,F,RSSI,92.0
1652477816,C,Temperature,23.104999542236328
1652477816,C,Humidity,40.43899917602539
1652477816,C,Pressure,101683.0
1652477816,C,Gas,1309.4649658203125
1652477816,C,Accelerometer,0.0
1652477816,C,Light,0.0
1652477816,C,MIC,3.0
1652477816,C,RSSI,78.0
1652477817,B,Temperature,23.354999542236328
1652477817,B,Humidity,41.20899963378906
1652477817,B,Pressure,101632.0
1652477817,B,Gas,4309.22021484375
1652477817,B,Accelerometer,0.0
1652477817,B,Light,0.0
1652477817,B,MIC,3.0
1652477817,B,RSSI,94.0
1652477818,A,Temperature,23.334999084472656
1652477818,A,Humidity,39.42499923706055
1652477818,A,Pressure,101665.0
1652477818,A,Gas,1217.1500244140625
1652477818,A,Accelerometer,0.0
1652477818,A,Light,0.0
1652477818,A,MIC,1.0
1652477818,A,RSSI,83.0
1652477818,H,Temperature,22.795000076293945
1652477818,H,Humidity,39.8390007019043
1652477818,H,Pressure,101689.0
1652477818,H,Gas,4077.782958984375
1652477818,H,Accelerometer,0.0
1652477818,H,Light,2.0
1652477818,H,MIC,2.0
1652477818,H,RSSI,89.0
1652477820,D,Temperature,23.15500068664551
1652477820,D,Humidity,39.15299987792969
1652477820,D,Pressure,101693.0
1652477820,D,Gas,4017.39111328125
1652477820,D,Accelerometer,0.0
1652477820,D,Light,1.0
1652477820,D,MIC,3.0
1652477820,D,RSSI,83.0
1652477822,E,Temperature,22.184999465942386
1652477822,E,Humidity,41.40900039672852
1652477822,E,Pressure,101667.0
1652477822,E,Gas,4279.544921875
1652477822,E,Accelerometer,0.0
1652477822,E,Light,1.0
1652477822,E,MIC,3.0
1652477822,E,RSSI,70.0
1652477824,F,Temperature,23.51499938964844
1652477824,F,Humidity,37.724998474121094
1652477824,F,Pressure,101704.0
1652477824,F,Gas,3116.344970703125
1652477824,F,Accelerometer,0.0
1652477824,F,Light,0.0
1652477824,F,MIC,3.0
1652477824,F,RSSI,92.0
1652477826,C,Temperature,23.104999542236328
1652477826,C,Humidity,40.45700073242188
1652477826,C,Pressure,101683.0
1652477826,C,Gas,1311.4849853515625
1652477826,C,Accelerometer,0.0
1652477826,C,Light,0.0
1652477826,C,MIC,3.0
1652477826,C,RSSI,78.0
1652477828,B,Temperature,23.354999542236328
1652477828,B,Humidity,41.22600173950195
1652477828,B,Pressure,101630.0
1652477828,B,Gas,4310.123046875
1652477828,B,Accelerometer,0.0
1652477828,B,Light,0.0
1652477828,B,MIC,3.0
1652477828,B,RSSI,90.0
1652477828,A,Temperature,23.334999084472656
1652477828,A,Humidity,39.433998107910156
1652477828,A,Pressure,101663.0
1652477828,A,Gas,1223.112060546875
1652477828,A,Accelerometer,0.0
1652477828,A,Light,0.0
1652477828,A,MIC,1.0
1652477828,A,RSSI,83.0
1652477828,H,Temperature,22.795000076293945
1652477828,H,Humidity,39.82799911499024
1652477828,H,Pressure,101685.0
1652477828,H,Gas,4076.405029296875
1652477828,H,Accelerometer,0.0
1652477828,H,Light,2.0
1652477828,H,MIC,2.0
1652477828,H,RSSI,89.0
1652477830,D,Temperature,23.15500068664551
1652477830,D,Humidity,39.13100051879883
1652477830,D,Pressure,101695.0
1652477830,D,Gas,4034.06396484375
1652477830,D,Accelerometer,0.0
1652477830,D,Light,1.0
1652477830,D,MIC,3.0
1652477830,D,RSSI,83.0
1652477832,E,Temperature,22.184999465942386
1652477832,E,Humidity,41.35599899291992
1652477832,E,Pressure,101669.0
1652477832,E,Gas,4313.5390625
1652477832,E,Accelerometer,0.0
1652477832,E,Light,1.0
1652477832,E,MIC,2.0
1652477832,E,RSSI,70.0
1652477834,F,Temperature,23.5049991607666
1652477834,F,Humidity,37.75699996948242
1652477834,F,Pressure,101700.0
1652477834,F,Gas,3114.258056640625
1652477834,F,Accelerometer,0.0
1652477834,F,Light,0.0
1652477834,F,MIC,3.0
1652477834,F,RSSI,85.0
1652477836,C,Temperature,23.07500076293945
1652477836,C,Humidity,40.50699996948242
1652477836,C,Pressure,101687.0
1652477836,C,Gas,1305.3570556640625
1652477836,C,Accelerometer,0.0
1652477836,C,Light,0.0
1652477836,C,MIC,3.0
1652477836,C,RSSI,76.0
1652477838,B,Temperature,23.34499931335449
1652477838,B,Humidity,41.21900177001953
1652477838,B,Pressure,101626.0
1652477838,B,Gas,4294.73486328125
1652477838,B,Accelerometer,0.0
1652477838,B,Light,0.0
1652477838,B,MIC,3.0
1652477838,B,RSSI,90.0
1652477838,A,Temperature,23.334999084472656
1652477838,A,Humidity,39.435001373291016
1652477838,A,Pressure,101665.0
1652477838,A,Gas,1220.8699951171875
1652477838,A,Accelerometer,0.0
1652477838,A,Light,0.0
1652477838,A,MIC,1.0
1652477838,A,RSSI,83.0
1652477838,H,Temperature,22.795000076293945
1652477838,H,Humidity,39.84600067138672
1652477838,H,Pressure,101689.0
1652477838,H,Gas,4088.405029296875
1652477838,H,Accelerometer,0.0
1652477838,H,Light,2.0
1652477838,H,MIC,3.0
1652477838,H,RSSI,90.0
1652477840,D,Temperature,23.15500068664551
1652477840,D,Humidity,39.124000549316406
1652477840,D,Pressure,101693.0
1652477840,D,Gas,4032.989990234375
1652477840,D,Accelerometer,0.0
1652477840,D,Light,0.0
1652477840,D,MIC,3.0
1652477840,D,RSSI,83.0
1652477842,E,Temperature,22.174999237060547
1652477842,E,Humidity,41.34600067138672
1652477842,E,Pressure,101667.0
1652477842,E,Gas,4338.126953125
1652477842,E,Accelerometer,0.0
1652477842,E,Light,1.0
1652477842,E,MIC,2.0
1652477842,E,RSSI,70.0
1652477846,C,Temperature,23.084999084472656
1652477846,C,Humidity,40.49800109863281
1652477846,C,Pressure,101685.0
1652477846,C,Gas,1316.2130126953125
1652477846,C,Accelerometer,0.0
1652477846,C,Light,0.0
1652477846,C,MIC,3.0
1652477846,C,RSSI,76.0
1652477846,F,Temperature,23.5049991607666
1652477846,F,Humidity,37.749000549316406
1652477846,F,Pressure,101700.0
1652477846,F,Gas,3118.443115234375
1652477846,F,Accelerometer,0.0
1652477846,F,Light,0.0
1652477846,F,MIC,3.0
1652477846,F,RSSI,85.0
1652477847,B,Temperature,23.34499931335449
1652477847,B,Humidity,41.18999862670898
1652477847,B,Pressure,101628.0
1652477847,B,Gas,4313.494140625
1652477847,B,Accelerometer,0.0
1652477847,B,Light,0.0
1652477847,B,MIC,3.0
1652477847,B,RSSI,90.0
1652477848,A,Temperature,23.334999084472656
1652477848,A,Humidity,39.45399856567383
1652477848,A,Pressure,101661.0
1652477848,A,Gas,1220.1390380859375
1652477848,A,Accelerometer,0.0
1652477848,A,Light,0.0
1652477848,A,MIC,1.0
1652477848,A,RSSI,75.0
1652477848,H,Temperature,22.795000076293945
1652477848,H,Humidity,39.82899856567383
1652477848,H,Pressure,101681.0
1652477848,H,Gas,4102.9580078125
1652477848,H,Accelerometer,0.0
1652477848,H,Light,2.0
1652477848,H,MIC,2.0
1652477848,H,RSSI,90.0
1652477850,D,Temperature,23.15500068664551
1652477850,D,Humidity,39.11999893188477
1652477850,D,Pressure,101691.0
1652477850,D,Gas,4032.845947265625
1652477850,D,Accelerometer,0.0
1652477850,D,Light,1.0
1652477850,D,MIC,3.0
1652477850,D,RSSI,83.0
1652477852,E,Temperature,22.174999237060547
1652477852,E,Humidity,41.34400177001953
1652477852,E,Pressure,101663.0
1652477852,E,Gas,4360.8388671875
1652477852,E,Accelerometer,0.0
1652477852,E,Light,1.0
1652477852,E,MIC,2.0
1652477852,E,RSSI,70.0
1652477855,F,Temperature,23.5049991607666
1652477855,F,Humidity,37.7859992980957
1652477855,F,Pressure,101696.0
1652477855,F,Gas,3121.39892578125
1652477855,F,Accelerometer,0.0
1652477855,F,Light,0.0
1652477855,F,MIC,3.0
1652477855,F,RSSI,85.0
1652477856,C,Temperature,23.084999084472656
1652477856,C,Humidity,40.49800109863281
1652477856,C,Pressure,101679.0
1652477856,C,Gas,1311.68994140625
1652477856,C,Accelerometer,0.0
1652477856,C,Light,0.0
1652477856,C,MIC,3.0
1652477856,C,RSSI,76.0
1652477857,B,Temperature,23.34499931335449
1652477857,B,Humidity,41.14699935913086
1652477857,B,Pressure,101624.0
1652477857,B,Gas,4326.12109375
1652477857,B,Accelerometer,0.0
1652477857,B,Light,0.0
1652477857,B,MIC,3.0
1652477857,B,RSSI,90.0
1652477858,A,Temperature,23.334999084472656
1652477858,A,Humidity,39.43600082397461
1652477858,A,Pressure,101658.0
1652477858,A,Gas,1222.3089599609375
1652477858,A,Accelerometer,0.0
1652477858,A,Light,0.0
1652477858,A,MIC,1.0
1652477858,A,RSSI,75.0
1652477858,H,Temperature,22.795000076293945
1652477858,H,Humidity,39.84000015258789
1652477858,H,Pressure,101681.0
1652477858,H,Gas,4102.01220703125
1652477858,H,Accelerometer,0.0
1652477858,H,Light,2.0
1652477858,H,MIC,2.0
1652477858,H,RSSI,90.0
1652477860,D,Temperature,23.165000915527344
1652477860,D,Humidity,39.09700012207031
1652477860,D,Pressure,101685.0
1652477860,D,Gas,4042.034912109375
1652477860,D,Accelerometer,0.0
1652477860,D,Light,1.0
1652477860,D,MIC,3.0
1652477860,D,RSSI,62.0
1652477862,E,Temperature,22.174999237060547
1652477862,E,Humidity,41.36299896240234
1652477862,E,Pressure,101663.0
1652477862,E,Gas,4371.2509765625
1652477862,E,Accelerometer,0.0
1652477862,E,Light,1.0
1652477862,E,MIC,2.0
1652477862,E,RSSI,73.0
1652477864,F,Temperature,23.4950008392334
1652477864,F,Humidity,37.79199981689453
1652477864,F,Pressure,101696.0
1652477864,F,Gas,3116.660888671875
1652477864,F,Accelerometer,0.0
1652477864,F,Light,0.0
1652477864,F,MIC,3.0
1652477864,F,RSSI,85.0
1652477866,C,Temperature,23.084999084472656
1652477866,C,Humidity,40.52299880981445
1652477866,C,Pressure,101679.0
1652477866,C,Gas,1311.1259765625
1652477866,C,Accelerometer,0.0
1652477866,C,Light,0.0
1652477866,C,MIC,3.0
1652477866,C,RSSI,76.0
1652477867,B,Temperature,23.34499931335449
1652477867,B,Humidity,41.12300109863281
1652477867,B,Pressure,101624.0
1652477867,B,Gas,4330.89208984375
1652477867,B,Accelerometer,0.0
1652477867,B,Light,0.0
1652477867,B,MIC,3.0
1652477867,B,RSSI,90.0
1652477868,A,Temperature,23.334999084472656
1652477868,A,Humidity,39.4370002746582
1652477868,A,Pressure,101659.0
1652477868,A,Gas,1203.2340087890625
1652477868,A,Accelerometer,0.0
1652477868,A,Light,0.0
1652477868,A,MIC,1.0
1652477868,A,RSSI,75.0
1652477868,H,Temperature,22.795000076293945
1652477868,H,Humidity,39.86000061035156
1652477868,H,Pressure,101681.0
1652477868,H,Gas,4108.73681640625
1652477868,H,Accelerometer,0.0
1652477868,H,Light,2.0
1652477868,H,MIC,2.0
1652477868,H,RSSI,90.0
1652477870,D,Temperature,23.165000915527344
1652477870,D,Humidity,39.10300064086914
1652477870,D,Pressure,101687.0
1652477870,D,Gas,4044.85791015625
1652477870,D,Accelerometer,0.0
1652477870,D,Light,1.0
1652477870,D,MIC,3.0
1652477870,D,RSSI,62.0
1652477872,E,Temperature,22.174999237060547
1652477872,E,Humidity,41.39799880981445
1652477872,E,Pressure,101665.0
1652477872,E,Gas,4381.4140625
1652477872,E,Accelerometer,0.0
1652477872,E,Light,1.0
1652477872,E,MIC,2.0
1652477872,E,RSSI,73.0
1652477876,F,Temperature,23.5049991607666
1652477876,F,Humidity,37.76399993896485
1652477876,F,Pressure,101698.0
1652477876,F,Gas,3114.048095703125
1652477876,F,Accelerometer,0.0
1652477876,F,Light,0.0
1652477876,F,MIC,3.0
1652477876,F,RSSI,85.0
1652477876,C,Temperature,23.084999084472656
1652477876,C,Humidity,40.50299835205078
1652477876,C,Pressure,101679.0
1652477876,C,Gas,1311.4019775390625
1652477876,C,Accelerometer,0.0
1652477876,C,Light,0.0
1652477876,C,MIC,3.0
1652477876,C,RSSI,74.0
1652477878,A,Temperature,23.334999084472656
1652477878,A,Humidity,39.45700073242188
1652477878,A,Pressure,101661.0
1652477878,A,Gas,1207.2139892578125
1652477878,A,Accelerometer,0.0
1652477878,A,Light,0.0
1652477878,A,MIC,1.0
1652477878,A,RSSI,75.0
1652477879,B,Temperature,23.354999542236328
1652477879,B,Humidity,41.12099838256836
1652477879,B,Pressure,101626.0
1652477879,B,Gas,4348.72119140625
1652477879,B,Accelerometer,0.0
1652477879,B,Light,0.0
1652477879,B,MIC,3.0
1652477879,B,RSSI,93.0
1652477880,D,Temperature,23.15500068664551
1652477880,D,Humidity,39.13199996948242
1652477880,D,Pressure,101689.0
1652477880,D,Gas,4044.343017578125
1652477880,D,Accelerometer,0.0
1652477880,D,Light,1.0
1652477880,D,MIC,3.0
1652477880,D,RSSI,62.0
1652477882,E,Temperature,22.165000915527344
1652477882,E,Humidity,41.428001403808594
1652477882,E,Pressure,101665.0
1652477882,E,Gas,4390.81298828125
1652477882,E,Accelerometer,0.0
1652477882,E,Light,1.0
1652477882,E,MIC,2.0
1652477882,E,RSSI,73.0
1652477882,H,Temperature,22.795000076293945
1652477882,H,Humidity,39.83700180053711
1652477882,H,Pressure,101685.0
1652477882,H,Gas,4110.6640625
1652477882,H,Accelerometer,0.0
1652477882,H,Light,2.0
1652477882,H,MIC,2.0
1652477882,H,RSSI,90.0
1652477884,F,Temperature,23.5049991607666
1652477884,F,Humidity,37.762001037597656
1652477884,F,Pressure,101698.0
1652477884,F,Gas,3113.93701171875
1652477884,F,Accelerometer,0.0
1652477884,F,Light,0.0
1652477884,F,MIC,3.0
1652477884,F,RSSI,86.0
1652477886,C,Temperature,23.104999542236328
1652477886,C,Humidity,40.45299911499024
1652477886,C,Pressure,101681.0
1652477886,C,Gas,1323.10400390625
1652477886,C,Accelerometer,0.0
1652477886,C,Light,0.0
1652477886,C,MIC,3.0
1652477886,C,RSSI,74.0
1652477888,B,Temperature,23.354999542236328
1652477888,B,Humidity,41.10100173950195
1652477888,B,Pressure,101626.0
1652477888,B,Gas,4356.93115234375
1652477888,B,Accelerometer,0.0
1652477888,B,Light,0.0
1652477888,B,MIC,3.0
1652477888,B,RSSI,93.0
1652477888,A,Temperature,23.334999084472656
1652477888,A,Humidity,39.4739990234375
1652477888,A,Pressure,101663.0
1652477888,A,Gas,1199.863037109375
1652477888,A,Accelerometer,0.0
1652477888,A,Light,0.0
1652477888,A,MIC,1.0
1652477888,A,RSSI,75.0
1652477888,H,Temperature,22.795000076293945
1652477888,H,Humidity,39.861000061035156
1652477888,H,Pressure,101685.0
1652477888,H,Gas,4113.1318359375
1652477888,H,Accelerometer,0.0
1652477888,H,Light,2.0
1652477888,H,MIC,2.0
1652477888,H,RSSI,90.0
1652477890,D,Temperature,23.15500068664551
1652477890,D,Humidity,39.09400177001953
1652477890,D,Pressure,101687.0
1652477890,D,Gas,4056.112060546875
1652477890,D,Accelerometer,0.0
1652477890,D,Light,1.0
1652477890,D,MIC,3.0
1652477890,D,RSSI,62.0
1652477892,E,Temperature,22.165000915527344
1652477892,E,Humidity,41.4739990234375
1652477892,E,Pressure,101665.0
1652477892,E,Gas,4384.60302734375
1652477892,E,Accelerometer,0.0
1652477892,E,Light,1.0
1652477892,E,MIC,2.0
1652477892,E,RSSI,73.0
1652477894,F,Temperature,23.5049991607666
1652477894,F,Humidity,37.74300003051758
1652477894,F,Pressure,101700.0
1652477894,F,Gas,3132.049072265625
1652477894,F,Accelerometer,0.0
1652477894,F,Light,0.0
1652477894,F,MIC,2.0
1652477894,F,RSSI,86.0
1652477896,C,Temperature,23.03499984741211
1652477896,C,Humidity,40.61199951171875
1652477896,C,Pressure,101681.0
1652477896,C,Gas,1323.6519775390625
1652477896,C,Accelerometer,0.0
1652477896,C,Light,0.0
1652477896,C,MIC,3.0
1652477896,C,RSSI,74.0
1652477897,B,Temperature,23.354999542236328
1652477897,B,Humidity,41.08399963378906
1652477897,B,Pressure,101622.0
1652477897,B,Gas,4367.93017578125
1652477897,B,Accelerometer,0.0
1652477897,B,Light,0.0
1652477897,B,MIC,3.0
1652477897,B,RSSI,93.0
1652477898,A,Temperature,23.334999084472656
1652477898,A,Humidity,39.46799850463867
1652477898,A,Pressure,101663.0
1652477898,A,Gas,1216.0040283203125
1652477898,A,Accelerometer,0.0
1652477898,A,Light,0.0
1652477898,A,MIC,1.0
1652477898,A,RSSI,83.0
1652477898,H,Temperature,22.795000076293945
1652477898,H,Humidity,39.847999572753906
1652477898,H,Pressure,101683.0
1652477898,H,Gas,4115.34716796875
1652477898,H,Accelerometer,0.0
1652477898,H,Light,2.0
1652477898,H,MIC,2.0
1652477898,H,RSSI,90.0
1652477900,D,Temperature,23.145000457763672
1652477900,D,Humidity,39.13000106811523
1652477900,D,Pressure,101689.0
1652477900,D,Gas,4056.964111328125
1652477900,D,Accelerometer,0.0
1652477900,D,Light,1.0
1652477900,D,MIC,3.0
1652477900,D,RSSI,62.0
1652477902,E,Temperature,22.174999237060547
1652477902,E,Humidity,41.44300079345703
1652477902,E,Pressure,101667.0
1652477902,E,Gas,4389.14697265625
1652477902,E,Accelerometer,0.0
1652477902,E,Light,1.0
1652477902,E,MIC,2.0
1652477902,E,RSSI,73.0
1652477904,F,Temperature,23.4950008392334
1652477904,F,Humidity,37.775001525878906
1652477904,F,Pressure,101698.0
1652477904,F,Gas,3127.952880859375
1652477904,F,Accelerometer,0.0
1652477904,F,Light,0.0
1652477904,F,MIC,2.0
1652477904,F,RSSI,86.0
1652477906,C,Temperature,22.98500061035156
1652477906,C,Humidity,40.72999954223633
1652477906,C,Pressure,101679.0
1652477906,C,Gas,1324.637939453125
1652477906,C,Accelerometer,0.0
1652477906,C,Light,0.0
1652477906,C,MIC,3.0
1652477906,C,RSSI,74.0
1652477908,H,Temperature,22.795000076293945
1652477908,H,Humidity,39.861000061035156
1652477908,H,Pressure,101681.0
1652477908,H,Gas,4126.22412109375
1652477908,H,Accelerometer,0.0
1652477908,H,Light,2.0
1652477908,H,MIC,2.0
1652477908,H,RSSI,90.0
1652477909,B,Temperature,23.34499931335449
1652477909,B,Humidity,41.12699890136719
1652477909,B,Pressure,101624.0
1652477909,B,Gas,4378.35888671875
1652477909,B,Accelerometer,0.0
1652477909,B,Light,0.0
1652477909,B,MIC,3.0
1652477909,B,RSSI,93.0
1652477909,A,Temperature,23.334999084472656
1652477909,A,Humidity,39.48099899291992
1652477909,A,Pressure,101661.0
1652477909,A,Gas,1201.22998046875
1652477909,A,Accelerometer,0.0
1652477909,A,Light,0.0
1652477909,A,MIC,1.0
1652477909,A,RSSI,83.0
1652477910,D,Temperature,23.15500068664551
1652477910,D,Humidity,39.11399841308594
1652477910,D,Pressure,101689.0
1652477910,D,Gas,4073.304931640625
1652477910,D,Accelerometer,0.0
1652477910,D,Light,1.0
1652477910,D,MIC,2.0
1652477910,D,RSSI,53.0
1652477912,E,Temperature,22.174999237060547
1652477912,E,Humidity,41.42900085449219
1652477912,E,Pressure,101663.0
1652477912,E,Gas,4376.84716796875
1652477912,E,Accelerometer,0.0
1652477912,E,Light,1.0
1652477912,E,MIC,2.0
1652477912,E,RSSI,70.0
1652477914,F,Temperature,23.5049991607666
1652477914,F,Humidity,37.75400161743164
1652477914,F,Pressure,101696.0
1652477914,F,Gas,3131.27392578125
1652477914,F,Accelerometer,0.0
1652477914,F,Light,0.0
1652477914,F,MIC,2.0
1652477914,F,RSSI,86.0
1652477916,C,Temperature,23.01499938964844
1652477916,C,Humidity,40.63999938964844
1652477916,C,Pressure,101677.0
1652477916,C,Gas,1321.0670166015625
1652477916,C,Accelerometer,0.0
1652477916,C,Light,0.0
1652477916,C,MIC,3.0
1652477916,C,RSSI,74.0
1652477917,B,Temperature,23.354999542236328
1652477917,B,Humidity,41.12799835205078
1652477917,B,Pressure,101622.0
1652477917,B,Gas,4383.97119140625
1652477917,B,Accelerometer,0.0
1652477917,B,Light,0.0
1652477917,B,MIC,3.0
1652477917,B,RSSI,93.0
1652477918,H,Temperature,22.795000076293945
1652477918,H,Humidity,39.88899993896485
1652477918,H,Pressure,101683.0
1652477918,H,Gas,4127.4580078125
1652477918,H,Accelerometer,0.0
1652477918,H,Light,2.0
1652477918,H,MIC,2.0
1652477918,H,RSSI,90.0
1652477918,A,Temperature,23.334999084472656
1652477918,A,Humidity,39.474998474121094
1652477918,A,Pressure,101659.0
1652477918,A,Gas,1203.8699951171875
1652477918,A,Accelerometer,0.0
1652477918,A,Light,0.0
1652477918,A,MIC,1.0
1652477918,A,RSSI,83.0
1652477920,D,Temperature,23.15500068664551
1652477920,D,Humidity,39.15499877929688
1652477920,D,Pressure,101689.0
1652477920,D,Gas,4072.6630859375
1652477920,D,Accelerometer,0.0
1652477920,D,Light,1.0
1652477920,D,MIC,2.0
1652477920,D,RSSI,53.0
1652477922,E,Temperature,22.174999237060547
1652477922,E,Humidity,41.45000076293945
1652477922,E,Pressure,101663.0
1652477922,E,Gas,4382.5380859375
1652477922,E,Accelerometer,0.0
1652477922,E,Light,1.0
1652477922,E,MIC,2.0
1652477922,E,RSSI,70.0
1652477924,F,Temperature,23.5049991607666
1652477924,F,Humidity,37.77799987792969
1652477924,F,Pressure,101696.0
1652477924,F,Gas,3123.2041015625
1652477924,F,Accelerometer,0.0
1652477924,F,Light,0.0
1652477924,F,MIC,2.0
1652477924,F,RSSI,86.0
1652477926,C,Temperature,23.024999618530273
1652477926,C,Humidity,40.62099838256836
1652477926,C,Pressure,101677.0
1652477926,C,Gas,1329.697021484375
1652477926,C,Accelerometer,0.0
1652477926,C,Light,0.0
1652477926,C,MIC,3.0
1652477926,C,RSSI,82.0
1652477928,B,Temperature,23.354999542236328
1652477928,B,Humidity,41.0989990234375
1652477928,B,Pressure,101622.0
1652477928,B,Gas,4400.68896484375
1652477928,B,Accelerometer,0.0
1652477928,B,Light,0.0
1652477928,B,MIC,3.0
1652477928,B,RSSI,94.0
1652477928,A,Temperature,23.32500076293945
1652477928,A,Humidity,39.48799896240234
1652477928,A,Pressure,101658.0
1652477928,A,Gas,1186.0799560546875
1652477928,A,Accelerometer,0.0
1652477928,A,Light,0.0
1652477928,A,MIC,1.0
1652477928,A,RSSI,83.0
1652477930,H,Temperature,22.774999618530273
1652477930,H,Humidity,39.91400146484375
1652477930,H,Pressure,101681.0
1652477930,H,Gas,4114.626953125
1652477930,H,Accelerometer,0.0
1652477930,H,Light,2.0
1652477930,H,MIC,2.0
1652477930,H,RSSI,90.0
1652477930,D,Temperature,23.15500068664551
1652477930,D,Humidity,39.14699935913086
1652477930,D,Pressure,101687.0
1652477930,D,Gas,4063.529052734375
1652477930,D,Accelerometer,0.0
1652477930,D,Light,1.0
1652477930,D,MIC,2.0
1652477930,D,RSSI,53.0
1652477932,E,Temperature,22.174999237060547
1652477932,E,Humidity,41.46500015258789
1652477932,E,Pressure,101663.0
1652477932,E,Gas,4381.23681640625
1652477932,E,Accelerometer,0.0
1652477932,E,Light,1.0
1652477932,E,MIC,2.0
1652477932,E,RSSI,70.0
1652477936,C,Temperature,23.01499938964844
1652477936,C,Humidity,40.64300155639648
1652477936,C,Pressure,101675.0
1652477936,C,Gas,1333.4720458984375
1652477936,C,Accelerometer,0.0
1652477936,C,Light,0.0
1652477936,C,MIC,3.0
1652477936,C,RSSI,82.0
1652477937,F,Temperature,23.5049991607666
1652477937,F,Humidity,37.766998291015625
1652477937,F,Pressure,101696.0
1652477937,F,Gas,3120.77392578125
1652477937,F,Accelerometer,0.0
1652477937,F,Light,0.0
1652477937,F,MIC,2.0
1652477937,F,RSSI,91.0
1652477937,B,Temperature,23.354999542236328
1652477937,B,Humidity,41.08599853515625
1652477937,B,Pressure,101622.0
1652477937,B,Gas,4416.18212890625
1652477937,B,Accelerometer,0.0
1652477937,B,Light,0.0
1652477937,B,MIC,3.0
1652477937,B,RSSI,94.0
1652477938,A,Temperature,23.32500076293945
1652477938,A,Humidity,39.49700164794922
1652477938,A,Pressure,101658.0
1652477938,A,Gas,1187.364013671875
1652477938,A,Accelerometer,0.0
1652477938,A,Light,0.0
1652477938,A,MIC,1.0
1652477938,A,RSSI,83.0
1652477939,H,Temperature,22.78499984741211
1652477939,H,Humidity,39.91600036621094
1652477939,H,Pressure,101679.0
1652477939,H,Gas,4099.22705078125
1652477939,H,Accelerometer,0.0
1652477939,H,Light,2.0
1652477939,H,MIC,2.0
1652477939,H,RSSI,90.0
1652477940,D,Temperature,23.165000915527344
1652477940,D,Humidity,39.1349983215332
1652477940,D,Pressure,101687.0
1652477940,D,Gas,4064.072021484375
1652477940,D,Accelerometer,0.0
1652477940,D,Light,1.0
1652477940,D,MIC,2.0
1652477940,D,RSSI,53.0
1652477942,E,Temperature,22.174999237060547
1652477942,E,Humidity,41.45100021362305
1652477942,E,Pressure,101663.0
1652477942,E,Gas,4380.28515625
1652477942,E,Accelerometer,0.0
1652477942,E,Light,1.0
1652477942,E,MIC,2.0
1652477942,E,RSSI,70.0
1652477944,F,Temperature,23.4950008392334
1652477944,F,Humidity,37.78499984741211
1652477944,F,Pressure,101696.0
1652477944,F,Gas,3130.742919921875
1652477944,F,Accelerometer,0.0
1652477944,F,Light,0.0
1652477944,F,MIC,2.0
1652477944,F,RSSI,91.0
1652477946,C,Temperature,22.9950008392334
1652477946,C,Humidity,40.72200012207031
1652477946,C,Pressure,101675.0
1652477946,C,Gas,1327.134033203125
1652477946,C,Accelerometer,0.0
1652477946,C,Light,0.0
1652477946,C,MIC,3.0
1652477946,C,RSSI,82.0
1652477948,H,Temperature,22.78499984741211
1652477948,H,Humidity,39.92399978637695
1652477948,H,Pressure,101679.0
1652477948,H,Gas,4105.6708984375
1652477948,H,Accelerometer,0.0
1652477948,H,Light,2.0
1652477948,H,MIC,2.0
1652477948,H,RSSI,90.0
1652477948,B,Temperature,23.354999542236328
1652477948,B,Humidity,41.09500122070313
1652477948,B,Pressure,101622.0
1652477948,B,Gas,4427.47509765625
1652477948,B,Accelerometer,0.0
1652477948,B,Light,0.0
1652477948,B,MIC,3.0
1652477948,B,RSSI,94.0
1652477949,A,Temperature,23.334999084472656
1652477949,A,Humidity,39.49499893188477
1652477949,A,Pressure,101658.0
1652477949,A,Gas,1175.1409912109375
1652477949,A,Accelerometer,0.0
1652477949,A,Light,0.0
1652477949,A,MIC,1.0
1652477949,A,RSSI,75.0
1652477950,D,Temperature,23.15500068664551
1652477950,D,Humidity,39.16699981689453
1652477950,D,Pressure,101687.0
1652477950,D,Gas,4068.471923828125
1652477950,D,Accelerometer,0.0
1652477950,D,Light,1.0
1652477950,D,MIC,2.0
1652477950,D,RSSI,62.0
1652477952,E,Temperature,22.174999237060547
1652477952,E,Humidity,41.48400115966797
1652477952,E,Pressure,101665.0
1652477952,E,Gas,4378.1259765625
1652477952,E,Accelerometer,0.0
1652477952,E,Light,1.0
1652477952,E,MIC,2.0
1652477952,E,RSSI,70.0
1652477954,F,Temperature,23.5049991607666
1652477954,F,Humidity,37.78200149536133
1652477954,F,Pressure,101696.0
1652477954,F,Gas,3119.777099609375
1652477954,F,Accelerometer,0.0
1652477954,F,Light,0.0
1652477954,F,MIC,2.0
1652477954,F,RSSI,91.0
1652477956,C,Temperature,23.0049991607666
1652477956,C,Humidity,40.685001373291016
1652477956,C,Pressure,101675.0
1652477956,C,Gas,1320.241943359375
1652477956,C,Accelerometer,0.0
1652477956,C,Light,0.0
1652477956,C,MIC,3.0
1652477956,C,RSSI,82.0
1652477957,B,Temperature,23.354999542236328
1652477957,B,Humidity,41.1259994506836
1652477957,B,Pressure,101622.0
1652477957,B,Gas,4426.84912109375
1652477957,B,Accelerometer,0.0
1652477957,B,Light,0.0
1652477957,B,MIC,3.0
1652477957,B,RSSI,94.0
1652477958,H,Temperature,22.78499984741211
1652477958,H,Humidity,39.930999755859375
1652477958,H,Pressure,101681.0
1652477958,H,Gas,4096.81396484375
1652477958,H,Accelerometer,0.0
1652477958,H,Light,2.0
1652477958,H,MIC,2.0
1652477958,H,RSSI,90.0
1652477960,D,Temperature,23.145000457763672
1652477960,D,Humidity,39.183998107910156
1652477960,D,Pressure,101685.0
1652477960,D,Gas,4060.345947265625
1652477960,D,Accelerometer,0.0
1652477960,D,Light,1.0
1652477960,D,MIC,2.0
1652477960,D,RSSI,62.0
1652477960,A,Temperature,23.334999084472656
1652477960,A,Humidity,39.49399948120117
1652477960,A,Pressure,101658.0
1652477960,A,Gas,1171.842041015625
1652477960,A,Accelerometer,0.0
1652477960,A,Light,0.0
1652477960,A,MIC,1.0
1652477960,A,RSSI,75.0
1652477962,E,Temperature,22.165000915527344
1652477962,E,Humidity,41.53799819946289
1652477962,E,Pressure,101665.0
1652477962,E,Gas,4373.7861328125
1652477962,E,Accelerometer,0.0
1652477962,E,Light,1.0
1652477962,E,MIC,2.0
1652477962,E,RSSI,69.0
1652477964,F,Temperature,23.4950008392334
1652477964,F,Humidity,37.79499816894531
1652477964,F,Pressure,101696.0
1652477964,F,Gas,3113.7880859375
1652477964,F,Accelerometer,0.0
1652477964,F,Light,0.0
1652477964,F,MIC,3.0
1652477964,F,RSSI,91.0
1652477966,C,Temperature,23.024999618530273
1652477966,C,Humidity,40.60599899291992
1652477966,C,Pressure,101677.0
1652477966,C,Gas,1308.884033203125
1652477966,C,Accelerometer,0.0
1652477966,C,Light,0.0
1652477966,C,MIC,3.0
1652477966,C,RSSI,82.0
1652477967,B,Temperature,23.354999542236328
1652477967,B,Humidity,41.185001373291016
1652477967,B,Pressure,101622.0
1652477967,B,Gas,4419.4208984375
1652477967,B,Accelerometer,0.0
1652477967,B,Light,0.0
1652477967,B,MIC,3.0
1652477967,B,RSSI,94.0
1652477968,A,Temperature,23.32500076293945
1652477968,A,Humidity,39.48500061035156
1652477968,A,Pressure,101656.0
1652477968,A,Gas,1176.3480224609375
1652477968,A,Accelerometer,0.0
1652477968,A,Light,0.0
1652477968,A,MIC,1.0
1652477968,A,RSSI,75.0
1652477970,D,Temperature,23.145000457763672
1652477970,D,Humidity,39.16899871826172
1652477970,D,Pressure,101685.0
1652477970,D,Gas,4052.89501953125
1652477970,D,Accelerometer,0.0
1652477970,D,Light,1.0
1652477970,D,MIC,2.0
1652477970,D,RSSI,62.0
1652477972,E,Temperature,22.165000915527344
1652477972,E,Humidity,41.54800033569336
1652477972,E,Pressure,101661.0
1652477972,E,Gas,4361.91796875
1652477972,E,Accelerometer,0.0
1652477972,E,Light,1.0
1652477972,E,MIC,2.0
1652477972,E,RSSI,69.0
1652477974,H,Temperature,22.774999618530273
1652477974,H,Humidity,39.91999816894531
1652477974,H,Pressure,101681.0
1652477974,H,Gas,4095.9619140625
1652477974,H,Accelerometer,0.0
1652477974,H,Light,2.0
1652477974,H,MIC,2.0
1652477974,H,RSSI,90.0
1652477976,C,Temperature,23.01499938964844
1652477976,C,Humidity,40.65299987792969
1652477976,C,Pressure,101677.0
1652477976,C,Gas,1309.741943359375
1652477976,C,Accelerometer,0.0
1652477976,C,Light,0.0
1652477976,C,MIC,3.0
1652477976,C,RSSI,82.0
1652477976,F,Temperature,23.5049991607666
1652477976,F,Humidity,37.766998291015625
1652477976,F,Pressure,101696.0
1652477976,F,Gas,3110.239013671875
1652477976,F,Accelerometer,0.0
1652477976,F,Light,0.0
1652477976,F,MIC,3.0
1652477976,F,RSSI,91.0
1652477977,B,Temperature,23.34499931335449
1652477977,B,Humidity,41.20800018310547
1652477977,B,Pressure,101620.0
1652477977,B,Gas,4413.56396484375
1652477977,B,Accelerometer,0.0
1652477977,B,Light,0.0
1652477977,B,MIC,3.0
1652477977,B,RSSI,89.0
1652477978,H,Temperature,22.78499984741211
1652477978,H,Humidity,39.902000427246094
1652477978,H,Pressure,101681.0
1652477978,H,Gas,4089.153076171875
1652477978,H,Accelerometer,0.0
1652477978,H,Light,2.0
1652477978,H,MIC,3.0
1652477978,H,RSSI,90.0
1652477978,A,Temperature,23.32500076293945
1652477978,A,Humidity,39.46599960327149
1652477978,A,Pressure,101658.0
1652477978,A,Gas,1175.0860595703125
1652477978,A,Accelerometer,0.0
1652477978,A,Light,0.0
1652477978,A,MIC,1.0
1652477978,A,RSSI,75.0
1652477981,D,Temperature,23.125
1652477981,D,Humidity,39.23699951171875
1652477981,D,Pressure,101683.0
1652477981,D,Gas,4059.006103515625
1652477981,D,Accelerometer,0.0
1652477981,D,Light,1.0
1652477981,D,MIC,2.0
1652477981,D,RSSI,62.0
1652477982,E,Temperature,22.165000915527344
1652477982,E,Humidity,41.55199813842773
1652477982,E,Pressure,101661.0
1652477982,E,Gas,4365.64404296875
1652477982,E,Accelerometer,0.0
1652477982,E,Light,1.0
1652477982,E,MIC,2.0
1652477982,E,RSSI,69.0
1652477986,C,Temperature,23.024999618530273
1652477986,C,Humidity,40.63399887084961
1652477986,C,Pressure,101675.0
1652477986,C,Gas,1308.02001953125
1652477986,C,Accelerometer,0.0
1652477986,C,Light,0.0
1652477986,C,MIC,3.0
1652477986,C,RSSI,82.0
1652477988,B,Temperature,23.34499931335449
1652477988,B,Humidity,41.23099899291992
1652477988,B,Pressure,101622.0
1652477988,B,Gas,4413.33203125
1652477988,B,Accelerometer,0.0
1652477988,B,Light,0.0
1652477988,B,MIC,3.0
1652477988,B,RSSI,89.0
1652477988,F,Temperature,23.51499938964844
1652477988,F,Humidity,37.7509994506836
1652477988,F,Pressure,101698.0
1652477988,F,Gas,3126.862060546875
1652477988,F,Accelerometer,0.0
1652477988,F,Light,0.0
1652477988,F,MIC,3.0
1652477988,F,RSSI,90.0
1652477988,A,Temperature,23.315000534057614
1652477988,A,Humidity,39.49399948120117
1652477988,A,Pressure,101658.0
1652477988,A,Gas,1177.737060546875
1652477988,A,Accelerometer,0.0
1652477988,A,Light,0.0
1652477988,A,MIC,1.0
1652477988,A,RSSI,75.0
1652477989,H,Temperature,22.774999618530273
1652477989,H,Humidity,39.933998107910156
1652477989,H,Pressure,101675.0
1652477989,H,Gas,4089.429931640625
1652477989,H,Accelerometer,0.0
1652477989,H,Light,2.0
1652477989,H,MIC,3.0
1652477989,H,RSSI,89.0
1652477990,D,Temperature,23.13500022888184
1652477990,D,Humidity,39.21099853515625
1652477990,D,Pressure,101687.0
1652477990,D,Gas,4063.866943359375
1652477990,D,Accelerometer,0.0
1652477990,D,Light,1.0
1652477990,D,MIC,3.0
1652477990,D,RSSI,62.0
1652477992,E,Temperature,22.165000915527344
1652477992,E,Humidity,41.540000915527344
1652477992,E,Pressure,101665.0
1652477992,E,Gas,4355.5361328125
1652477992,E,Accelerometer,0.0
1652477992,E,Light,1.0
1652477992,E,MIC,2.0
1652477992,E,RSSI,69.0
1652477994,F,Temperature,23.5049991607666
1652477994,F,Humidity,37.77799987792969
1652477994,F,Pressure,101696.0
1652477994,F,Gas,3121.26611328125
1652477994,F,Accelerometer,0.0
1652477994,F,Light,0.0
1652477994,F,MIC,3.0
1652477994,F,RSSI,90.0
1652477996,C,Temperature,23.024999618530273
1652477996,C,Humidity,40.67399978637695
1652477996,C,Pressure,101677.0
1652477996,C,Gas,1322.4510498046875
1652477996,C,Accelerometer,0.0
1652477996,C,Light,0.0
1652477996,C,MIC,3.0
1652477996,C,RSSI,82.0
1652477998,B,Temperature,23.34499931335449
1652477998,B,Humidity,41.23899841308594
1652477998,B,Pressure,101620.0
1652477998,B,Gas,4411.97021484375
1652477998,B,Accelerometer,0.0
1652477998,B,Light,0.0
1652477998,B,MIC,3.0
1652477998,B,RSSI,89.0
1652477999,H,Temperature,22.774999618530273
1652477999,H,Humidity,39.93999862670898
1652477999,H,Pressure,101677.0
1652477999,H,Gas,4081.55810546875
1652477999,H,Accelerometer,0.0
1652477999,H,Light,2.0
1652477999,H,MIC,3.0
1652477999,H,RSSI,89.0
1652477999,A,Temperature,23.315000534057614
1652477999,A,Humidity,39.50299835205078
1652477999,A,Pressure,101658.0
1652477999,A,Gas,1186.3509521484375
1652477999,A,Accelerometer,0.0
1652477999,A,Light,0.0
1652477999,A,MIC,1.0
1652477999,A,RSSI,85.0
1652478000,D,Temperature,23.125
1652478000,D,Humidity,39.2130012512207
1652478000,D,Pressure,101683.0
1652478000,D,Gas,4065.4169921875
1652478000,D,Accelerometer,0.0
1652478000,D,Light,0.0
1652478000,D,MIC,3.0
1652478000,D,RSSI,62.0
1652478002,E,Temperature,22.155000686645508
1652478002,E,Humidity,41.54499816894531
1652478002,E,Pressure,101663.0
1652478002,E,Gas,4340.19189453125
1652478002,E,Accelerometer,0.0
1652478002,E,Light,1.0
1652478002,E,MIC,3.0
1652478002,E,RSSI,69.0
1652478004,F,Temperature,23.5049991607666
1652478004,F,Humidity,37.78400039672852
1652478004,F,Pressure,101696.0
1652478004,F,Gas,3111.761962890625
1652478004,F,Accelerometer,0.0
1652478004,F,Light,0.0
1652478004,F,MIC,3.0
1652478004,F,RSSI,90.0
1652478006,C,Temperature,23.045000076293945
1652478006,C,Humidity,40.59299850463867
1652478006,C,Pressure,101679.0
1652478006,C,Gas,1319.865966796875
1652478006,C,Accelerometer,0.0
1652478006,C,Light,0.0
1652478006,C,MIC,3.0
1652478006,C,RSSI,82.0
1652478008,B,Temperature,23.34499931335449
1652478008,B,Humidity,41.26100158691406
1652478008,B,Pressure,101620.0
1652478008,B,Gas,4408.759765625
1652478008,B,Accelerometer,0.0
1652478008,B,Light,0.0
1652478008,B,MIC,3.0
1652478008,B,RSSI,89.0
1652478008,A,Temperature,23.315000534057614
1652478008,A,Humidity,39.51599884033203
1652478008,A,Pressure,101659.0
1652478008,A,Gas,1182.9410400390625
1652478008,A,Accelerometer,0.0
1652478008,A,Light,0.0
1652478008,A,MIC,1.0
1652478008,A,RSSI,85.0
1652478009,H,Temperature,22.76499938964844
1652478009,H,Humidity,39.99399948120117
1652478009,H,Pressure,101677.0
1652478009,H,Gas,4064.18798828125
1652478009,H,Accelerometer,0.0
1652478009,H,Light,2.0
1652478009,H,MIC,3.0
1652478009,H,RSSI,89.0
1652478010,D,Temperature,23.13500022888184
1652478010,D,Humidity,39.21500015258789
1652478010,D,Pressure,101685.0
1652478010,D,Gas,4064.382080078125
1652478010,D,Accelerometer,0.0
1652478010,D,Light,0.0
1652478010,D,MIC,3.0
1652478010,D,RSSI,59.0
1652478012,E,Temperature,22.165000915527344
1652478012,E,Humidity,41.52199935913086
1652478012,E,Pressure,101663.0
1652478012,E,Gas,4347.3818359375
1652478012,E,Accelerometer,0.0
1652478012,E,Light,1.0
1652478012,E,MIC,3.0
1652478012,E,RSSI,73.0
1652478015,F,Temperature,23.5049991607666
1652478015,F,Humidity,37.78499984741211
1652478015,F,Pressure,101696.0
1652478015,F,Gas,3108.906005859375
1652478015,F,Accelerometer,0.0
1652478015,F,Light,0.0
1652478015,F,MIC,3.0
1652478015,F,RSSI,90.0
1652478016,C,Temperature,23.024999618530273
1652478016,C,Humidity,40.68899917602539
1652478016,C,Pressure,101679.0
1652478016,C,Gas,1318.553955078125
1652478016,C,Accelerometer,0.0
1652478016,C,Light,0.0
1652478016,C,MIC,3.0
1652478016,C,RSSI,82.0
1652478018,B,Temperature,23.34499931335449
1652478018,B,Humidity,41.24300003051758
1652478018,B,Pressure,101622.0
1652478018,B,Gas,4413.703125
1652478018,B,Accelerometer,0.0
1652478018,B,Light,0.0
1652478018,B,MIC,3.0
1652478018,B,RSSI,89.0
1652478018,A,Temperature,23.315000534057614
1652478018,A,Humidity,39.507999420166016
1652478018,A,Pressure,101659.0
1652478018,A,Gas,1185.0169677734375
1652478018,A,Accelerometer,0.0
1652478018,A,Light,0.0
1652478018,A,MIC,1.0
1652478018,A,RSSI,85.0
1652478019,H,Temperature,22.76499938964844
1652478019,H,Humidity,40.0099983215332
1652478019,H,Pressure,101677.0
1652478019,H,Gas,4046.60693359375
1652478019,H,Accelerometer,0.0
1652478019,H,Light,2.0
1652478019,H,MIC,3.0
1652478019,H,RSSI,89.0
1652478020,D,Temperature,23.13500022888184
1652478020,D,Humidity,39.22000122070313
1652478020,D,Pressure,101683.0
1652478020,D,Gas,4069.60205078125
1652478020,D,Accelerometer,0.0
1652478020,D,Light,0.0
1652478020,D,MIC,3.0
1652478020,D,RSSI,59.0
1652478022,E,Temperature,22.155000686645508
1652478022,E,Humidity,41.52399826049805
1652478022,E,Pressure,101663.0
1652478022,E,Gas,4348.2900390625
1652478022,E,Accelerometer,0.0
1652478022,E,Light,1.0
1652478022,E,MIC,3.0
1652478022,E,RSSI,73.0
1652478025,F,Temperature,23.4950008392334
1652478025,F,Humidity,37.80500030517578
1652478025,F,Pressure,101698.0
1652478025,F,Gas,3105.966064453125
1652478025,F,Accelerometer,0.0
1652478025,F,Light,0.0
1652478025,F,MIC,3.0
1652478025,F,RSSI,90.0
1652478026,C,Temperature,23.03499984741211
1652478026,C,Humidity,40.65999984741211
1652478026,C,Pressure,101681.0
1652478026,C,Gas,1308.5899658203125
1652478026,C,Accelerometer,0.0
1652478026,C,Light,0.0
1652478026,C,MIC,3.0
1652478026,C,RSSI,76.0
1652478028,B,Temperature,23.34499931335449
1652478028,B,Humidity,41.23699951171875
1652478028,B,Pressure,101622.0
1652478028,B,Gas,4417.9541015625
1652478028,B,Accelerometer,0.0
1652478028,B,Light,0.0
1652478028,B,MIC,3.0
1652478028,B,RSSI,94.0
1652478028,A,Temperature,23.32500076293945
1652478028,A,Humidity,39.46099853515625
1652478028,A,Pressure,101659.0
1652478028,A,Gas,1169.0140380859375
1652478028,A,Accelerometer,0.0
1652478028,A,Light,0.0
1652478028,A,MIC,1.0
1652478028,A,RSSI,85.0
1652478029,H,Temperature,22.7549991607666
1652478029,H,Humidity,40.0620002746582
1652478029,H,Pressure,101681.0
1652478029,H,Gas,4034.65087890625
1652478029,H,Accelerometer,0.0
1652478029,H,Light,2.0
1652478029,H,MIC,3.0
1652478029,H,RSSI,89.0
1652478030,D,Temperature,23.13500022888184
1652478030,D,Humidity,39.22100067138672
1652478030,D,Pressure,101689.0
1652478030,D,Gas,4055.93994140625
1652478030,D,Accelerometer,0.0
1652478030,D,Light,1.0
1652478030,D,MIC,3.0
1652478030,D,RSSI,59.0
1652478032,E,Temperature,22.155000686645508
1652478032,E,Humidity,41.52000045776367
1652478032,E,Pressure,101665.0
1652478032,E,Gas,4341.35400390625
1652478032,E,Accelerometer,0.0
1652478032,E,Light,1.0
1652478032,E,MIC,3.0
1652478032,E,RSSI,73.0
1652478035,F,Temperature,23.4950008392334
1652478035,F,Humidity,37.79800033569336
1652478035,F,Pressure,101696.0
1652478035,F,Gas,3118.0
1652478035,F,Accelerometer,0.0
1652478035,F,Light,0.0
1652478035,F,MIC,3.0
1652478035,F,RSSI,86.0
1652478036,C,Temperature,23.024999618530273
1652478036,C,Humidity,40.66799926757813
1652478036,C,Pressure,101677.0
1652478036,C,Gas,1299.4239501953125
1652478036,C,Accelerometer,0.0
1652478036,C,Light,0.0
1652478036,C,MIC,3.0
1652478036,C,RSSI,76.0
1652478038,B,Temperature,23.334999084472656
1652478038,B,Humidity,41.26100158691406
1652478038,B,Pressure,101622.0
1652478038,B,Gas,4417.2841796875
1652478038,B,Accelerometer,0.0
1652478038,B,Light,0.0
1652478038,B,MIC,3.0
1652478038,B,RSSI,94.0
1652478038,A,Temperature,23.32500076293945
1652478038,A,Humidity,39.479000091552734
1652478038,A,Pressure,101659.0
1652478038,A,Gas,1190.1920166015625
1652478038,A,Accelerometer,0.0
1652478038,A,Light,0.0
1652478038,A,MIC,1.0
1652478038,A,RSSI,85.0
1652478039,H,Temperature,22.7549991607666
1652478039,H,Humidity,40.04100036621094
1652478039,H,Pressure,101681.0
1652478039,H,Gas,4025.344970703125
1652478039,H,Accelerometer,0.0
1652478039,H,Light,2.0
1652478039,H,MIC,3.0
1652478039,H,RSSI,90.0
1652478040,D,Temperature,23.13500022888184
1652478040,D,Humidity,39.2239990234375
1652478040,D,Pressure,101687.0
1652478040,D,Gas,4067.27099609375
1652478040,D,Accelerometer,0.0
1652478040,D,Light,1.0
1652478040,D,MIC,3.0
1652478040,D,RSSI,59.0
1652478042,E,Temperature,22.155000686645508
1652478042,E,Humidity,41.52299880981445
1652478042,E,Pressure,101661.0
1652478042,E,Gas,4343.0087890625
1652478042,E,Accelerometer,0.0
1652478042,E,Light,1.0
1652478042,E,MIC,3.0
1652478042,E,RSSI,73.0
